generation,leftchild,rightchild,abstime,lambdainit,lambdashift,muinit,mushift
0,otu_1003,otu_1360,0,0.0454881,0,0.005,0
20000,otu_1003,otu_1360,0,10.4859,-1.32873,0.0800363,0
20000,otu_1246,NA,0.918851,10.0583,-1.47587,47.1616,0
40000,otu_1003,otu_1360,0,12.8671,-1.67803,0.0455751,0
40000,otu_5448,otu_1485,0.66951,16.0945,-2.09043,0.22534,0
60000,otu_1003,otu_1360,0,10.645,-1.52456,0.0126381,0
60000,otu_5448,otu_9229,0.684863,25.1825,-3.99019,0.0291353,0
60000,otu_4243,otu_6351,0.454969,21.4309,-3.34635,0.0154577,0
80000,otu_1003,otu_1360,0,11.966,-1.65592,0.010872,0
80000,otu_1003,otu_3311,0.539152,19.0329,-2.90087,0.457076,0
80000,otu_2061,otu_4127,0.387077,13.4511,-2.51342,1.27476,0
80000,otu_5448,otu_656,0.650572,24.7356,-3.77128,0.829058,0
100000,otu_1003,otu_1360,0,10.6258,-1.5235,0.0141517,0
100000,otu_5448,otu_656,0.65946,20.3131,-2.78861,2.27866,0
100000,otu_4243,otu_6351,0.453561,23.8147,-3.66848,0.128136,0
120000,otu_1003,otu_1360,0,13.1435,-1.86383,0.0388307,0
120000,otu_651,NA,0.955861,12.3548,0.878609,11.9913,0
120000,otu_1003,otu_3626,0.579931,20.4372,-3.73195,0.17014,0
120000,otu_5448,otu_1643,0.621066,24.8285,-2.79916,2.7973,0
120000,otu_3631,otu_403,0.68473,13.5826,-1.98009,0.442499,0
120000,otu_4243,otu_6351,0.457365,30.7398,-4.07569,0.237647,0
140000,otu_1003,otu_1360,0,12.7696,-1.94745,0.00948337,0
140000,otu_1003,otu_5346,0.568036,26.91,-4.50758,0.427136,0
140000,otu_5448,otu_4048,0.578718,22.0481,-3.39185,0.660678,0
140000,otu_3631,otu_91,0.646378,13.8606,-2.49623,2.09651,0
140000,otu_5244,NA,0.910368,31.4256,1.13281,34.3123,0
140000,otu_4243,otu_6351,0.453478,22.9655,-3.20435,1.07245,0
140000,otu_2082,NA,0.517338,7.4202,-0.865026,5.25997,0
160000,otu_1003,otu_1360,0,13.7804,-1.93912,0.0154945,0
160000,otu_1003,otu_5346,0.563703,24.6478,-4.35721,0.969843,0
160000,otu_5448,otu_656,0.658218,19.0084,-2.50422,0.521455,0
160000,otu_4243,otu_6351,0.453783,18.6141,-2.99268,0.465111,0
180000,otu_1003,otu_1360,0,12.1996,-1.79934,0.0160244,0
180000,otu_1003,otu_4920,0.520509,27.8144,-4.02014,0.441564,0
180000,otu_5448,otu_9229,0.691535,14.9979,-2.32339,0.514998,0
180000,otu_4243,otu_6351,0.462479,19.3981,-3.04653,0.799099,0
200000,otu_1003,otu_1360,0,12.6136,-1.84364,0.00714555,0
200000,otu_1003,otu_5346,0.565188,23.153,-4.23077,0.325665,0
200000,otu_7598,NA,0.764041,13.5952,0.26381,30.6663,0
200000,otu_5448,otu_7096,0.557759,11.7424,-1.32999,0.956733,0
200000,otu_3631,otu_91,0.659799,24.1228,-4.12956,2.44806,0
200000,otu_3418,NA,0.617447,0.634443,-0.892002,6.30413,0
200000,otu_4243,otu_6351,0.458393,22.7995,-3.5385,0.0154493,0
200000,otu_2382,NA,0.881689,2.11885,1.86493,0.438161,0
220000,otu_1003,otu_1360,0,12.2789,-1.81256,0.0725083,0
220000,otu_1003,otu_5346,0.571704,21.1761,-3.86513,0.112315,0
220000,otu_2061,otu_10110,0.469406,10.0695,-1.43825,0.456897,0
220000,otu_5448,otu_9229,0.694266,15.922,-1.99993,0.118469,0
220000,otu_5563,NA,0.915753,2.21077,-0.413395,11.8129,0
220000,otu_1993,NA,0.802933,5.63485,-2.12008,35.0912,0
220000,otu_4243,otu_800,0.479488,30.3208,-4.18963,0.802936,0
240000,otu_1003,otu_1360,0,13.9022,-2.09128,0.0744249,0
240000,otu_1003,otu_5346,0.557931,27.8603,-4.47231,0.00458425,0
240000,otu_1123,NA,0.927209,10.0022,-0.859448,75.9865,0
240000,otu_2061,otu_4127,0.396994,9.77103,-1.75709,1.01019,0
240000,otu_5448,otu_656,0.655488,17.5118,-2.31783,0.442601,0
240000,otu_3631,otu_201,0.609792,14.0226,-1.85688,1.42781,0
240000,otu_1360,otu_2619,0.702869,6.05033,1.94526,2.82374,0
240000,otu_123,otu_227,0.485063,29.3608,-4.51021,1.11048,0
240000,otu_4243,otu_6351,0.460464,30.1086,-3.79299,0.368841,0
240000,otu_3232,NA,0.918835,14.8602,-0.0033374,6.07288,0
260000,otu_1003,otu_1360,0,12.0024,-1.76026,0.0571444,0
260000,otu_6037,NA,0.969796,16.9726,1.77489,49.0186,0
260000,otu_1670,NA,0.983488,93.2661,-0.685609,57.4373,0
260000,otu_2061,otu_2960,0.344899,14.4592,-2.1274,1.53392,0
260000,otu_5448,otu_1485,0.677379,24.7145,-3.54752,0.402456,0
260000,otu_3631,otu_403,0.688892,13.4031,-2.37485,0.0821638,0
260000,otu_1360,otu_1600,0.626545,8.33523,-0.926078,1.14419,0
260000,otu_123,otu_4,0.546524,18.4253,-2.84147,1.95616,0
260000,otu_5782,NA,0.951697,21.4135,0.503017,7.90265,0
260000,otu_4243,otu_6351,0.462282,22.5847,-3.47843,0.109671,0
280000,otu_1003,otu_1360,0,12.4123,-1.92931,0.0863112,0
280000,otu_1003,otu_5346,0.563653,27.3447,-4.79304,0.656643,0
280000,otu_5448,otu_4919,0.507919,13.9983,-2.02542,0.262079,0
280000,otu_3631,otu_403,0.682849,19.1548,-2.8759,1.7217,0
280000,otu_4243,otu_6351,0.463501,35.1319,-4.70325,0.290514,0
280000,otu_1225,NA,0.914748,8.04592,-0.935675,10.6678,0
300000,otu_1003,otu_1360,0,12.3712,-1.99841,0.0512169,0
300000,otu_6518,NA,0.995497,20.2954,-1.24206,105.445,0
300000,otu_1003,otu_5346,0.574526,24.5657,-4.82883,0.342078,0
300000,otu_290,otu_405,0.883059,12.5246,0.289924,20.0977,0
300000,otu_688,otu_5724,0.539596,11.2722,-2.26521,0.532774,0
300000,otu_420,otu_4244,0.966091,12.8169,-0.350395,73.4606,0
300000,otu_2904,NA,0.989216,29.3622,0.985754,22.4933,0
300000,otu_2061,otu_4127,0.403369,14.8953,-2.68198,0.259972,0
300000,otu_5448,otu_4048,0.584791,19.3302,-2.70015,1.1615,0
300000,otu_3631,otu_91,0.64441,11.6787,-1.87626,0.803473,0
300000,otu_1360,otu_1034,0.272188,12.9375,-1.8014,0.699778,0
300000,otu_8861,NA,0.951929,37.3823,-1.95341,20.7122,0
300000,otu_11537,NA,0.857121,3.96316,-0.544601,22.3753,0
300000,otu_123,otu_2287,0.514624,8.77211,-1.42693,0.16778,0
300000,otu_4243,otu_6351,0.460836,30.7669,-3.8096,0.610131,0
320000,otu_1003,otu_1360,0,12.9354,-1.98391,0.0202,0
320000,otu_1003,otu_5346,0.561229,19.7677,-3.81857,0.145098,0
320000,otu_2061,otu_2960,0.35984,23.0058,-2.97955,1.2955,0
320000,otu_5448,otu_3132,0.61362,8.96255,-0.674166,0.309302,0
320000,otu_123,otu_2673,0.453747,17.217,-3.01602,0.168505,0
320000,otu_3631,otu_3821,0.604811,8.40111,-1.42507,0.897288,0
320000,otu_4243,otu_9239,0.450885,29.654,-3.87467,0.865271,0
340000,otu_1003,otu_1360,0,15.8743,-2.45635,0.069705,0
340000,otu_1003,otu_5346,0.570495,30.5642,-4.41542,2.52543,0
340000,otu_688,otu_5724,0.534884,17.5452,-2.22978,2.13525,0
340000,otu_5157,NA,0.994094,73.7755,1.1978,64.0577,0
340000,otu_2857,NA,0.354198,13.5204,-1.31841,9.17336,0
340000,otu_2061,otu_5544,0.367468,20.8797,-3.21256,1.04646,0
340000,otu_2161,NA,0.971451,55.7171,-1.2047,198.083,0
340000,otu_5448,otu_4919,0.510917,17.0202,-2.9716,0.172098,0
340000,otu_3631,otu_91,0.664419,10.5183,-1.80561,2.17463,0
340000,otu_1360,otu_232,0.307293,15.8558,-2.4486,0.624166,0
340000,otu_11357,NA,0.999435,7.43141,2.27916,7.22596,0
340000,otu_1801,otu_8485,0.533554,8.96423,-1.4795,0.294143,0
340000,otu_123,otu_227,0.488581,16.2859,-2.70323,1.59454,0
340000,otu_4243,otu_6351,0.460502,18.2084,-3.10493,0.128379,0
340000,otu_762,NA,0.952514,5.65304,0.0114639,10.8584,0
360000,otu_1003,otu_1360,0,11.4474,-1.90333,0.0688225,0
360000,otu_1003,otu_5346,0.571977,26.1148,-4.41698,0.00276827,0
360000,otu_3124,NA,0.861836,10.9013,0.900338,17.5166,0
360000,otu_5448,otu_4919,0.508956,20.6917,-3.25459,0.21843,0
360000,otu_3631,otu_91,0.669448,12.8879,-2.59809,0.922981,0
360000,otu_123,otu_2287,0.50431,17.6955,-2.71164,2.26141,0
360000,otu_4243,otu_6351,0.46399,21.4913,-3.41474,0.493307,0
360000,otu_2868,NA,0.993402,42.0488,-1.20576,50.4467,0
380000,otu_1003,otu_1360,0,13.1963,-1.949,0.228132,0
380000,otu_1003,otu_5346,0.572568,21.6555,-4.1586,0.0360082,0
380000,otu_10106,NA,0.956165,98.611,-0.75994,67.0161,0
380000,otu_774,NA,0.300394,1.02445,-0.41026,3.25851,0
380000,otu_9128,NA,0.553376,4.60841,1.29267,0.229701,0
380000,otu_5448,otu_4919,0.503532,13.5711,-2.03771,0.364227,0
380000,otu_3631,otu_403,0.677648,13.9191,-2.42433,1.4075,0
380000,otu_357,NA,0.937791,24.2852,-2.75972,24.9138,0
380000,otu_123,otu_2287,0.497499,30.8087,-3.84438,3.96859,0
380000,otu_1282,otu_6206,0.91352,25.439,0.314408,13.6213,0
380000,otu_1660,NA,0.893621,2.46985,0.192359,9.33006,0
380000,otu_4243,otu_6351,0.456659,19.9593,-3.25075,0.380345,0
380000,otu_2102,NA,0.831049,5.09467,-3.1654,11.5885,0
400000,otu_1003,otu_1360,0,13.1118,-2.00451,0.0119383,0
400000,otu_1003,otu_5346,0.566987,21.2579,-3.53142,0.28095,0
400000,otu_5448,otu_4919,0.506399,18.2638,-2.66223,2.33936,0
400000,otu_3631,otu_201,0.635262,13.6326,-1.12867,3.08166,0
400000,otu_123,otu_2287,0.516905,15.6415,-2.63983,0.438133,0
400000,otu_3264,NA,0.991038,2.00352,0.173501,115.76,0
400000,otu_4243,otu_800,0.47785,22.1329,-3.24412,1.58393,0
420000,otu_1003,otu_1360,0,12.6172,-2.20081,0.0345817,0
420000,otu_1003,otu_5346,0.566149,20.156,-3.94859,0.263387,0
420000,otu_1003,otu_3744,0.209417,15.9227,-2.56295,0.446681,0
420000,otu_2061,otu_5544,0.371402,14.7686,-2.50285,0.899573,0
420000,otu_5448,otu_233,0.707982,14.9572,-1.2402,1.96426,0
420000,otu_5448,otu_4919,0.501516,15.8089,-3.10173,1.0885,0
420000,otu_3631,otu_91,0.670452,30.8573,-4.12156,6.98266,0
420000,otu_1360,otu_232,0.297227,25.8946,-3.22522,1.13905,0
420000,otu_25,NA,0.941798,2.8054,1.84442,43.169,0
420000,otu_123,otu_2287,0.506895,28.512,-4.40751,1.39459,0
420000,otu_4243,otu_9239,0.448861,25.3618,-3.58418,0.156566,0
440000,otu_1003,otu_1360,0,14.1406,-2.33846,0.335726,0
440000,otu_1003,otu_5346,0.576037,25.4005,-4.50449,0.121886,0
440000,otu_1003,otu_3744,0.208663,18.4395,-2.80344,0.558452,0
440000,otu_2061,otu_4127,0.40398,15.5751,-3.07225,0.396558,0
440000,otu_6535,NA,0.989878,51.7514,0.481999,19.2784,0
440000,otu_5448,otu_656,0.658444,14.3259,-1.67741,0.344293,0
440000,otu_1766,NA,0.740287,16.2787,-2.43314,14.5435,0
440000,otu_5448,otu_462,0.481006,12.5648,-2.85117,0.444254,0
440000,otu_3631,otu_91,0.6515,17.4855,-2.71755,0.652423,0
440000,otu_1360,otu_232,0.289896,9.86892,-1.81913,0.215348,0
440000,otu_123,otu_527,0.419731,19.8715,-3.42725,0.245893,0
440000,otu_705,otu_2124,0.695422,14.1215,-2.55587,1.16671,0
440000,otu_4243,otu_4165,0.418261,29.1815,-3.79682,0.358241,0
460000,otu_1003,otu_1360,0,14.2814,-2.0832,0.0586619,0
460000,otu_1003,otu_5346,0.573218,28.2739,-4.41565,1.37393,0
460000,otu_2061,otu_10589,0.427179,23.2271,-3.6485,1.16708,0
460000,otu_5448,otu_656,0.662165,14.1217,-1.45805,1.06289,0
460000,otu_3631,otu_3821,0.588484,10.214,-1.52568,1.16638,0
460000,otu_6034,NA,0.99706,44.4065,1.36883,16.1121,0
460000,otu_123,otu_227,0.49548,16.4874,-2.89705,0.00895369,0
460000,otu_4243,otu_6351,0.45386,21.1205,-3.11296,0.989675,0
480000,otu_1003,otu_1360,0,15.3101,-2.26082,0.00641652,0
480000,otu_1003,otu_5346,0.569511,27.5231,-4.36979,0.754864,0
480000,otu_5192,NA,0.809628,4.48298,-0.361821,2.89866,0
480000,otu_316,NA,0.835711,0.701623,-0.579222,7.74713,0
480000,otu_2061,otu_2960,0.35163,27.7338,-3.63217,1.36887,0
480000,otu_5448,otu_2311,0.846294,13.7422,0.971151,0.650971,0
480000,otu_5448,otu_4919,0.503939,27.498,-4.33847,1.21563,0
480000,otu_3631,otu_91,0.667195,13.5281,-3.09583,1.04342,0
480000,otu_1360,otu_3174,0.518081,10.5978,-1.47975,0.772475,0
480000,otu_123,otu_2673,0.460422,18.3607,-3.15818,0.396475,0
480000,otu_705,otu_2124,0.659431,19.85,-0.998964,8.97303,0
480000,otu_5886,NA,0.913782,4.35839,2.62948,49.1483,0
480000,otu_4243,otu_6351,0.45527,22.3315,-3.38466,0.202435,0
500000,otu_1003,otu_1360,0,11.2584,-1.83104,0.0612306,0
500000,otu_1003,otu_5346,0.566564,25.4695,-4.70039,0.335826,0
500000,otu_316,NA,0.253617,7.13035,-1.80571,9.94128,0
500000,otu_5448,otu_9229,0.691241,17.0193,-1.50372,2.49262,0
500000,otu_123,otu_2287,0.520638,16.1997,-2.60701,0.0958411,0
500000,otu_2061,otu_4127,0.393968,23.4454,-3.72346,1.53882,0
500000,otu_3631,otu_1265,0.57426,17.0899,-2.68996,2.08265,0
500000,otu_4243,otu_6351,0.459078,28.4199,-3.84581,0.691694,0
520000,otu_1003,otu_1360,0,10.3505,-1.91257,0.0348677,0
520000,otu_644,NA,0.974604,30.5298,1.43049,7.96966,0
520000,otu_1003,otu_4097,0.550136,19.4446,-3.66188,0.134074,0
520000,otu_1003,otu_11837,0.194922,13.8937,-2.51788,0.015072,0
520000,otu_2061,otu_5544,0.384091,19.9241,-3.50953,0.0488303,0
520000,otu_5448,otu_1485,0.673819,24.5761,-3.39817,2.73074,0
520000,otu_5448,otu_4919,0.51184,23.0499,-4.56068,2.26569,0
520000,otu_1029,NA,0.834709,8.25088,0.703832,5.59816,0
520000,otu_3631,otu_2011,0.367903,14.8943,-2.42794,0.305484,0
520000,otu_1360,otu_3201,0.411123,9.85363,-1.93209,0.0102351,0
520000,otu_123,otu_227,0.479978,21.8371,-3.8189,0.749619,0
520000,otu_4243,otu_6351,0.455136,23.0944,-3.72604,0.133232,0
540000,otu_1003,otu_1360,0,11.0595,-2.08423,0.00769999,0
540000,otu_1003,otu_5346,0.577472,16.7021,-3.31005,0.053614,0
540000,otu_5293,otu_8775,0.85228,8.89884,-0.102293,11.1128,0
540000,otu_1003,otu_3744,0.207386,12.0058,-2.11964,0.048114,0
540000,otu_161,NA,0.974925,2.60252,1.12666,18.2376,0
540000,otu_2061,otu_5544,0.365483,16.686,-2.68667,0.571101,0
540000,otu_5448,otu_9229,0.684613,23.0525,-3.36178,0.174823,0
540000,otu_5448,otu_4919,0.501467,16.973,-3.63018,1.04739,0
540000,otu_3631,otu_7635,0.397646,20.0082,-2.63086,1.42127,0
540000,otu_402,NA,0.960641,118.368,0.231089,137.741,0
540000,otu_1360,otu_7124,0.437299,12.4551,-2.58757,1.17862,0
540000,otu_123,otu_527,0.439663,14.5903,-2.19545,1.29775,0
540000,otu_4243,otu_6351,0.453749,29.031,-3.96614,0.540108,0
560000,otu_1003,otu_1360,0,12.0597,-2.17331,0.0259867,0
560000,otu_1269,NA,0.969738,4.00383,1.75804,11.9146,0
560000,otu_1003,otu_3626,0.58745,20.6849,-3.8085,1.21388,0
560000,otu_1003,otu_3744,0.207354,12.6869,-2.26491,0.144042,0
560000,otu_2061,otu_5544,0.37248,25.3259,-3.42405,1.8328,0
560000,otu_5448,otu_1485,0.682907,23.0154,-3.14693,5.1913,0
560000,otu_5448,otu_4919,0.499916,16.9914,-3.20496,1.94218,0
560000,otu_3631,otu_3313,0.416352,18.145,-2.69663,2.80711,0
560000,otu_4012,NA,0.846107,2.55318,1.08859,17.7801,0
560000,otu_1360,otu_3174,0.505307,12.1215,-1.98058,0.986113,0
560000,otu_123,otu_227,0.481737,13.8271,-2.02727,1.15336,0
560000,otu_5772,NA,0.921346,22.8699,0.879568,14.8902,0
560000,otu_4243,otu_6351,0.455051,25.0263,-3.71634,0.0299177,0
580000,otu_1003,otu_1360,0,12.2531,-2.23278,0.157632,0
580000,otu_1003,otu_5346,0.569944,21.2042,-3.88823,0.256787,0
580000,otu_1003,otu_3744,0.203756,13.5583,-2.37756,0.0802603,0
580000,otu_2061,otu_10453,0.336485,14.7698,-2.14696,1.60262,0
580000,otu_5448,otu_656,0.657538,15.5366,-1.923,1.1915,0
580000,otu_656,NA,0.967164,6.71259,-0.318238,35.2529,0
580000,otu_3631,otu_91,0.661172,12.7855,-1.64387,0.201803,0
580000,otu_5448,otu_2227,0.0929427,16.381,-2.4676,0.282403,0
580000,otu_1360,otu_232,0.298597,13.4742,-2.37615,0.0842734,0
580000,otu_2810,NA,0.982234,56.5298,1.86326,22.7692,0
580000,otu_1801,otu_868,0.419321,10.9978,-2.15744,1.27859,0
580000,otu_2605,NA,0.601316,2.90086,0.276763,3.90109,0
580000,otu_123,otu_227,0.493282,21.2318,-3.15135,1.90003,0
580000,otu_1531,otu_2980,0.930834,34.1329,-0.952716,22.4892,0
580000,otu_4243,otu_9239,0.448371,22.6873,-3.63392,0.123441,0
600000,otu_1003,otu_1360,0,9.53574,-1.75638,0.0713697,0
600000,otu_1003,otu_4097,0.544367,22.6977,-3.54242,0.81929,0
600000,otu_1003,otu_7570,0.168815,18.6065,-2.80061,0.0590607,0
600000,otu_2061,otu_1270,0.711211,15.5345,-2.23346,1.47261,0
600000,otu_2061,otu_2960,0.354034,14.8091,-3.12042,0.214238,0
600000,otu_5448,otu_2821,0.716999,26.1331,-3.6484,3.4979,0
600000,otu_5448,otu_4919,0.506113,14.9816,-3.27758,0.837937,0
600000,otu_3631,otu_1313,0.523774,17.02,-2.401,0.143643,0
600000,otu_1360,otu_1325,0.337448,12.082,-2.39264,0.302297,0
600000,otu_1801,otu_534,0.681521,7.84624,0.356129,0.693146,0
600000,otu_123,otu_2673,0.452363,15.4786,-1.99244,0.419181,0
600000,otu_4243,otu_800,0.495722,19.2152,-3.19482,0.0601806,0
620000,otu_1003,otu_1360,0,13.0304,-2.29178,0.201726,0
620000,otu_1003,otu_5346,0.574266,29.3831,-5.00039,0.123215,0
620000,otu_1003,otu_3744,0.201407,13.5527,-2.34632,0.00954461,0
620000,otu_3745,NA,0.93055,9.3921,-1.33725,22.4089,0
620000,otu_2061,otu_3533,0.753372,17.4947,-2.98961,0.297105,0
620000,otu_2061,otu_2960,0.360659,17.5281,-3.11331,0.653612,0
620000,otu_7598,NA,0.890777,2.77911,1.11266,22.7407,0
620000,otu_9764,NA,0.997238,85.4064,-1.78539,82.2776,0
620000,otu_5448,otu_2311,0.846804,22.3781,-1.36614,1.1795,0
620000,otu_5448,otu_4919,0.508077,10.5436,-1.8764,0.311009,0
620000,otu_3631,otu_3821,0.603618,9.32211,-0.128284,0.803942,0
620000,otu_1608,otu_5620,0.69883,9.28973,-1.59741,7.59934,0
620000,otu_1360,otu_232,0.286014,10.3968,-1.76838,0.335426,0
620000,otu_1801,otu_8485,0.532479,11.6079,-2.21323,1.89771,0
620000,otu_123,otu_2287,0.516216,20.2723,-3.20239,0.537052,0
620000,otu_4243,otu_6351,0.46285,22.3174,-3.42439,0.910746,0
620000,otu_4621,NA,0.941675,1.99369,-0.56087,0.507988,0
640000,otu_1003,otu_1360,0,13.344,-2.29114,0.0606379,0
640000,otu_3328,NA,0.956674,89.5191,0.833399,39.558,0
640000,otu_1003,otu_5346,0.573344,21.0445,-3.66432,0.24148,0
640000,otu_688,otu_11462,0.46147,9.28143,-0.972542,0.279263,0
640000,otu_1003,otu_11837,0.192173,14.943,-2.52054,0.0408082,0
640000,otu_2061,otu_5544,0.374349,15.4248,-2.9025,0.521798,0
640000,otu_5448,otu_5394,0.741792,11.4472,-1.71273,0.419645,0
640000,otu_5448,otu_4919,0.510779,14.8794,-3.67227,0.690904,0
640000,otu_3631,otu_3313,0.438153,11.2364,-1.68164,1.76362,0
640000,otu_1494,NA,0.954674,8.81445,1.03412,75.4028,0
640000,otu_1360,otu_7124,0.431764,9.281,-2.01616,0.18359,0
640000,otu_1801,otu_868,0.419049,6.90452,-0.859381,0.206601,0
640000,otu_123,otu_4,0.530822,12.3381,-2.12774,0.779553,0
640000,otu_1569,NA,0.981148,13.7113,-0.669461,77.2708,0
640000,otu_4243,otu_9239,0.444246,19.9885,-3.08212,0.77532,0
660000,otu_1003,otu_1360,0,14.3835,-2.50436,0.0199699,0
660000,otu_1003,otu_5346,0.568769,27.8184,-4.61756,1.24337,0
660000,otu_335,NA,0.974193,15.5417,-1.23706,5.34777,0
660000,otu_1003,otu_3744,0.197968,14.2108,-2.49502,0.340602,0
660000,otu_2061,otu_1270,0.706684,10.3769,-0.595779,0.431632,0
660000,otu_2061,otu_5544,0.375853,17.4971,-3.64536,0.0509054,0
660000,otu_5448,otu_2311,0.850937,24.8668,-1.83333,5.60338,0
660000,otu_5448,otu_4919,0.501364,18.1395,-3.82241,0.172727,0
660000,otu_3631,otu_91,0.668724,10.2515,-1.16773,1.36257,0
660000,otu_1360,otu_1034,0.273513,21.2545,-2.84691,1.03714,0
660000,otu_1801,otu_3759,0.37699,9.94861,-1.70881,0.453936,0
660000,otu_123,otu_227,0.490629,18.2786,-3.10269,0.171998,0
660000,otu_4243,otu_6351,0.456264,20.8896,-3.39787,0.451966,0
680000,otu_1003,otu_1360,0,13.1006,-2.35856,0.169324,0
680000,otu_1003,otu_5346,0.573297,22.89,-4.01134,1.27122,0
680000,otu_1003,otu_3744,0.203178,12.4494,-2.32849,0.147497,0
680000,otu_2061,otu_1440,0.650164,6.68692,-0.846005,2.86105,0
680000,otu_2061,otu_2960,0.360611,17.419,-3.24961,0.383859,0
680000,otu_5448,otu_2685,0.79958,22.9552,-3.10899,3.76822,0
680000,otu_5448,otu_4919,0.509606,26.2601,-4.46016,0.200853,0
680000,otu_3631,otu_1265,0.563094,14.5552,-1.1949,1.94149,0
680000,otu_46,NA,0.899471,6.81383,-0.329464,29.7587,0
680000,otu_1360,otu_232,0.284093,13.5327,-2.24172,0.0267367,0
680000,otu_1801,otu_3759,0.393878,10.2044,-1.97603,0.40036,0
680000,otu_123,otu_2673,0.448294,15.4086,-2.57424,0.70666,0
680000,otu_1153,NA,0.982599,3.52003,0.221861,25.6937,0
680000,otu_4243,otu_6351,0.457739,22.7823,-3.48842,0.0176679,0
700000,otu_1003,otu_1360,0,11.4316,-2.15516,0.0205514,0
700000,otu_1003,otu_5346,0.563991,26.3577,-4.23703,0.700213,0
700000,otu_1003,otu_3744,0.205993,17.1502,-2.99488,0.0164228,0
700000,otu_2061,otu_2960,0.345657,24.4145,-3.92501,0.156127,0
700000,otu_5448,otu_2311,0.848183,18.1767,-0.768877,3.43145,0
700000,otu_8814,NA,0.973525,44.1587,-1.43709,69.0836,0
700000,otu_5448,otu_4919,0.512174,19.417,-3.77176,0.0802155,0
700000,otu_1265,NA,0.725717,20.8822,0.077146,24.0521,0
700000,otu_3631,otu_7635,0.38889,11.1167,-1.81835,0.252658,0
700000,otu_10032,NA,0.75938,13.2584,0.783353,47.3305,0
700000,otu_1360,otu_115,0.534169,16.8157,-3.50666,0.103272,0
700000,otu_1801,otu_1853,0.539165,16.8032,-3.7403,1.65197,0
700000,otu_123,otu_2287,0.51958,16.0054,-2.66682,0.0674129,0
700000,otu_4243,otu_9239,0.444118,22.5375,-3.59424,0.579655,0
720000,otu_1003,otu_1360,0,11.4315,-2.08328,0.467674,0
720000,otu_1003,otu_5346,0.567437,29.4842,-4.67311,1.53253,0
720000,otu_1003,otu_11837,0.188679,15.4699,-2.53723,0.00598889,0
720000,otu_2061,otu_1440,0.618199,13.2179,-1.26097,4.02529,0
720000,otu_2061,otu_5544,0.367687,16.4517,-3.21809,0.286255,0
720000,otu_456,otu_156,0.96869,10.0849,-0.519995,7.01783,0
720000,otu_5448,otu_233,0.709657,15.6402,-2.34223,0.426568,0
720000,otu_5448,otu_2652,0.489643,21.1891,-3.73902,2.14132,0
720000,otu_3631,otu_3313,0.435845,11.8684,-2.45356,1.05461,0
720000,otu_2827,NA,0.998102,54.9374,0.619632,76.2529,0
720000,otu_1360,otu_232,0.31052,13.402,-2.65451,0.185327,0
720000,otu_1801,otu_868,0.407324,11.0726,-0.454367,6.58855,0
720000,otu_123,otu_2673,0.449869,20.9244,-3.47642,0.57563,0
720000,otu_4243,otu_6351,0.453227,27.3321,-3.36015,2.20647,0
740000,otu_1003,otu_1360,0,12.7557,-2.28859,0.053528,0
740000,otu_1003,otu_5346,0.571842,22.4559,-3.74999,0.505626,0
740000,otu_7037,NA,0.969566,40.9561,-2.79258,60.2681,0
740000,otu_1003,otu_3744,0.201747,13.9255,-2.44752,0.134902,0
740000,otu_2061,otu_1509,0.682115,11.7534,-1.71502,0.308898,0
740000,otu_2061,otu_7759,0.273944,18.096,-3.1922,0.332607,0
740000,otu_5448,otu_233,0.709385,16.3951,-1.94686,0.766197,0
740000,otu_5448,otu_4919,0.50871,15.5748,-4.29577,0.108539,0
740000,otu_3631,otu_201,0.631262,16.0466,-2.77242,1.10478,0
740000,otu_1360,otu_232,0.300976,11.5184,-1.7925,0.50119,0
740000,otu_123,otu_227,0.476018,33.8712,-4.37175,1.72428,0
740000,otu_800,otu_621,0.907001,15.7175,-2.74389,7.59291,0
740000,otu_4243,otu_6351,0.454718,26.5474,-3.82062,0.153953,0
760000,otu_1003,otu_1360,0,12.0053,-2.04625,0.0485542,0
760000,otu_1003,otu_5346,0.570072,16.8958,-3.3941,0.0283955,0
760000,otu_420,otu_3964,0.594793,5.72869,-0.517207,2.04414,0
760000,otu_2061,otu_10453,0.328608,16.5346,-2.38922,0.739521,0
760000,otu_5448,otu_2311,0.838322,26.1573,-3.73041,3.70648,0
760000,otu_5448,otu_4919,0.502078,17.9375,-3.77248,0.0872017,0
760000,otu_3631,otu_201,0.629785,21.1553,-3.55865,1.9523,0
760000,otu_1360,otu_4002,0.204071,12.5887,-2.08712,0.551044,0
760000,otu_1801,otu_2325,0.444102,15.1372,-2.49943,3.2262,0
760000,otu_123,otu_2673,0.452676,16.4299,-2.48091,0.796092,0
760000,otu_10463,NA,0.909818,7.60418,0.459779,31.7278,0
760000,otu_1615,NA,0.724895,7.88544,-0.270001,17.6641,0
760000,otu_4243,otu_6351,0.460584,20.9158,-3.23754,0.0420623,0
780000,otu_1003,otu_1360,0,13.065,-2.24433,0.256798,0
780000,otu_1003,otu_5346,0.57837,16.5269,-2.79067,0.0343935,0
780000,otu_1003,otu_3744,0.209551,12.3337,-2.13977,0.133849,0
780000,otu_2061,otu_11765,0.525608,11.7555,-1.90845,1.42966,0
780000,otu_2061,otu_5544,0.363986,14.5163,-2.98798,0.514126,0
780000,otu_5448,otu_5394,0.733616,14.1233,-1.84351,0.501154,0
780000,otu_5448,otu_462,0.482612,15.8175,-3.54067,0.533828,0
780000,otu_3631,otu_6045,0.470099,11.5946,-1.80148,1.29371,0
780000,otu_1360,otu_232,0.307425,17.1492,-3.01231,0.198503,0
780000,otu_123,otu_2287,0.4998,11.3426,-1.58845,0.592681,0
780000,otu_4243,otu_6351,0.456038,18.1111,-2.84431,0.33517,0
800000,otu_1003,otu_1360,0,13.8295,-2.30133,0.0524331,0
800000,otu_1003,otu_3626,0.583073,28.3882,-4.81449,1.24819,0
800000,otu_1003,otu_3681,0.159132,10.8558,-2.17683,0.0657388,0
800000,otu_2061,otu_5544,0.376701,11.5782,-2.26061,0.442117,0
800000,otu_5448,otu_5394,0.738013,18.1907,-1.9532,1.06773,0
800000,otu_5448,otu_462,0.469794,23.9401,-4.53149,0.0338125,0
800000,otu_3631,otu_91,0.643257,17.8053,-2.46765,3.42794,0
800000,otu_6075,NA,0.989552,8.14998,-1.32863,23.0268,0
800000,otu_1360,otu_7124,0.437831,12.8831,-2.18784,0.0828261,0
800000,otu_1801,otu_499,0.492392,19.3064,-3.02223,2.49081,0
800000,otu_123,otu_227,0.477052,17.0583,-2.41965,1.53398,0
800000,otu_1615,NA,0.975517,27.6986,1.94911,111.504,0
800000,otu_4243,otu_6351,0.461769,18.768,-3.09692,0.643573,0
800000,otu_3417,NA,0.946187,5.98607,-1.50593,4.60426,0
820000,otu_1003,otu_1360,0,13.4922,-2.35158,0.128211,0
820000,otu_1003,otu_4097,0.546006,26.3557,-4.39646,0.296438,0
820000,otu_1003,otu_3744,0.210501,16.3238,-2.70928,0.0637772,0
820000,otu_2061,otu_5544,0.376588,18.842,-3.21045,0.484437,0
820000,otu_5448,otu_233,0.701771,16.833,-2.16714,4.02197,0
820000,otu_5448,otu_462,0.484634,21.3911,-4.3836,0.555695,0
820000,otu_3631,otu_91,0.641315,16.6443,-2.13448,0.438909,0
820000,otu_1360,otu_3201,0.424171,26.4846,-3.93069,0.274499,0
820000,otu_1801,otu_1837,0.267111,18.6276,-2.63642,3.22861,0
820000,otu_123,otu_527,0.427252,14.5763,-2.2126,0.123853,0
820000,otu_4243,otu_9239,0.442348,20.7374,-3.2077,0.220687,0
840000,otu_1003,otu_1360,0,12.0956,-2.2183,0.042188,0
840000,otu_1003,otu_5346,0.575857,24.2221,-4.68925,0.0642135,0
840000,otu_1003,otu_11837,0.190434,13.8297,-2.41706,0.0717653,0
840000,otu_2061,otu_1952,0.29187,15.1889,-2.55782,0.0577189,0
840000,otu_5448,otu_233,0.706343,11.9468,-0.218695,0.756249,0
840000,otu_5448,otu_4919,0.510691,14.8718,-3.13203,0.651671,0
840000,otu_3631,otu_1970,0.554018,8.75893,-0.572763,1.24465,0
840000,otu_1360,otu_115,0.528653,16.6804,-2.97647,0.993494,0
840000,otu_1801,otu_2325,0.453822,8.18568,-1.75307,0.0899004,0
840000,otu_123,otu_227,0.484787,15.4935,-2.8582,0.243263,0
840000,otu_4243,otu_6351,0.454694,18.6867,-2.85498,0.700912,0
860000,otu_1003,otu_1360,0,12.7616,-2.35445,0.136261,0
860000,otu_1003,otu_5346,0.578174,27.1579,-4.48812,0.156702,0
860000,otu_1003,otu_3744,0.206783,15.5851,-2.55194,0.219549,0
860000,otu_2061,otu_10453,0.32978,10.7716,-2.02318,0.0698082,0
860000,otu_5448,otu_2821,0.711245,18.6917,-2.59658,0.418095,0
860000,otu_5448,otu_4919,0.50226,15.6837,-2.98694,0.582435,0
860000,otu_3631,otu_91,0.665128,14.7838,-2.72177,0.758251,0
860000,otu_4620,NA,0.996593,63.4617,-0.0946911,36.9836,0
860000,otu_1360,otu_1984,0.494805,18.077,-2.94318,2.88774,0
860000,otu_232,otu_7234,0.490824,10.8696,-2.25741,1.31149,0
860000,otu_1801,otu_2325,0.442667,8.41598,-2.1115,0.703237,0
860000,otu_123,otu_397,0.402194,19.822,-2.4761,1.87102,0
860000,otu_705,otu_2124,0.684848,8.15172,-0.107562,1.7121,0
860000,otu_4243,otu_6351,0.453689,19.3723,-3.04606,0.0776555,0
880000,otu_1003,otu_1360,0,14.3069,-2.52923,0.0103124,0
880000,otu_5447,NA,0.969433,12.5923,1.14005,11.0846,0
880000,otu_1003,otu_5346,0.566553,25.8279,-4.38827,0.00215769,0
880000,otu_1003,otu_11837,0.185187,16.1966,-2.55182,0.0772271,0
880000,otu_683,NA,0.83265,43.6711,0.121579,26.0709,0
880000,otu_2061,otu_4997,0.60704,6.4117,1.04381,0.64842,0
880000,otu_4424,NA,0.960846,20.2932,1.38141,10.1834,0
880000,otu_2061,otu_5544,0.38261,15.8527,-3.14109,1.23142,0
880000,otu_5448,otu_233,0.704471,19.0627,-2.63201,0.522004,0
880000,otu_5691,NA,0.932357,11.2063,1.76978,1.19236,0
880000,otu_5448,otu_4919,0.507729,21.9995,-4.4995,0.503499,0
880000,otu_7390,otu_2539,0.955062,8.34729,1.10783,70.8333,0
880000,otu_3631,otu_3313,0.43089,7.20828,-1.13808,0.711481,0
880000,otu_1360,otu_3274,0.402518,15.2107,-3.0115,0.781975,0
880000,otu_232,otu_7234,0.488844,12.2279,-2.53923,1.18457,0
880000,otu_1801,otu_499,0.490973,14.2246,-2.70844,0.538872,0
880000,otu_123,otu_397,0.402922,17.2831,-2.80634,0.354374,0
880000,otu_705,otu_5782,0.625238,12.5444,-0.252364,4.31896,0
880000,otu_4243,otu_6351,0.455682,24.5409,-3.49959,0.320119,0
900000,otu_1003,otu_1360,0,13.2591,-2.40641,0.0224712,0
900000,otu_1003,otu_5346,0.555656,29.6065,-4.70498,0.57792,0
900000,otu_1003,otu_11837,0.188344,13.8263,-2.2136,0.568549,0
900000,otu_2061,otu_1440,0.625136,10.448,-1.40636,2.5037,0
900000,otu_2061,otu_4127,0.396136,20.2777,-3.8105,0.274366,0
900000,otu_5448,otu_5394,0.729544,32.805,-5.16396,1.26701,0
900000,otu_5448,otu_4919,0.506976,12.5043,-3.03632,0.336637,0
900000,otu_3631,otu_91,0.665749,18.7899,-3.64261,1.46596,0
900000,otu_1360,otu_34,0.0809737,10.1022,-1.66895,0.263203,0
900000,otu_123,otu_227,0.474596,15.6573,-2.12337,0.52974,0
900000,otu_4243,otu_6351,0.460179,17.8939,-2.95822,0.458185,0
920000,otu_1003,otu_1360,0,13.1316,-2.08239,0.0867682,0
920000,otu_1003,otu_5346,0.576563,23.9755,-4.08369,0.875301,0
920000,otu_1487,NA,0.996037,73.4627,0.128563,83.07,0
920000,otu_2061,otu_5544,0.381906,16.4846,-3.31212,0.866372,0
920000,otu_3071,NA,0.824266,12.0316,-0.830023,30.2601,0
920000,otu_5448,otu_9229,0.688932,19.3399,-2.40766,0.437505,0
920000,otu_3631,otu_91,0.64867,18.6295,-3.04219,4.16283,0
920000,otu_123,otu_4,0.541439,13.8208,-2.23282,2.03327,0
920000,otu_5057,NA,0.830561,31.0768,0.0160538,18.644,0
920000,otu_3744,otu_5044,0.349676,13.1064,-2.37675,0.718504,0
920000,otu_5448,otu_3631,0.333324,15.867,-3.17214,0.480219,0
920000,otu_1360,otu_4002,0.197667,12.1229,-1.95331,0.932453,0
920000,otu_4243,otu_6351,0.456619,22.0537,-3.20261,0.307884,0
920000,otu_696,NA,0.805783,8.59679,0.368129,11.35,0
940000,otu_1003,otu_1360,0,12.2835,-2.1386,0.0336333,0
940000,otu_4097,NA,0.942764,1.60898,-1.01784,9.60216,0
940000,otu_1003,otu_5346,0.572472,24.6996,-4.00134,2.15518,0
940000,otu_4360,otu_336,0.618639,15.3928,-1.89924,3.59269,0
940000,otu_3744,otu_4019,0.414334,18.7342,-3.25678,1.14135,0
940000,otu_2130,NA,0.912117,6.30521,0.391156,21.1386,0
940000,otu_739,NA,0.83583,3.57987,0.484406,24.8809,0
940000,otu_2061,otu_2960,0.345626,15.5072,-2.22518,1.83031,0
940000,otu_599,NA,0.984293,0.392812,0.659668,30.619,0
940000,otu_5448,otu_9229,0.694698,15.0487,-1.9349,0.905775,0
940000,otu_3631,otu_91,0.664532,13.2191,-2.49226,2.00111,0
940000,otu_5448,otu_3952,0.276317,15.853,-3.00406,0.915234,0
940000,otu_1360,otu_232,0.30624,17.4016,-2.18147,2.81447,0
940000,otu_4316,NA,0.963421,0.865966,-1.3254,8.50607,0
940000,otu_782,NA,0.916876,50.412,-0.808284,18.0463,0
940000,otu_123,otu_2673,0.455588,15.7524,-2.50862,0.272252,0
940000,otu_2810,NA,0.927826,23.978,2.06838,42.8371,0
940000,otu_4243,otu_6351,0.459733,20.8095,-3.33301,0.0678405,0
960000,otu_1003,otu_1360,0,13.2675,-2.22128,0.0058325,0
960000,otu_1003,otu_4097,0.546615,27.7637,-4.21392,0.180351,0
960000,otu_6467,NA,0.989793,53.1309,0.704692,66.556,0
960000,otu_3744,otu_420,0.461871,8.26901,-1.23913,0.33967,0
960000,otu_2061,otu_5544,0.379893,12.4209,-2.49548,0.468116,0
960000,otu_4982,NA,0.997813,4.39012,-0.733084,96.2709,0
960000,otu_5448,otu_656,0.651812,21.3996,-3.76116,0.501568,0
960000,otu_8252,otu_2786,0.847151,16.4136,-4.01207,3.8056,0
960000,otu_1431,otu_1537,0.778659,3.6264,0.72158,9.27565,0
960000,otu_5448,otu_214,0.466149,10.1161,-1.89533,0.559788,0
960000,otu_3631,otu_91,0.646338,23.6844,-4.30658,1.80928,0
960000,otu_3456,NA,0.856676,2.09634,-0.478858,1.28351,0
960000,otu_1360,otu_1034,0.271041,13.6526,-2.38844,0.286342,0
960000,otu_123,otu_227,0.480403,20.3392,-3.1576,0.771294,0
960000,otu_11240,NA,0.996995,3.37336,2.1159,42.5061,0
960000,otu_4243,otu_6351,0.462576,21.3758,-3.33477,1.08275,0
980000,otu_1003,otu_1360,0,13.308,-2.2281,0.0935159,0
980000,otu_1003,otu_4097,0.543067,25.0786,-3.93554,0.158378,0
980000,otu_3744,otu_420,0.469455,10.9102,-2.54307,0.0297779,0
980000,otu_2061,otu_2960,0.361366,11.505,-2.40844,0.136545,0
980000,otu_5448,otu_9229,0.692426,17.3101,-2.21332,0.376317,0
980000,otu_5448,otu_4919,0.504739,14.9092,-3.47985,0.387157,0
980000,otu_3631,otu_201,0.633858,14.4368,-2.89268,0.262906,0
980000,otu_1360,otu_2619,0.696586,10.0415,-2.00103,1.83874,0
980000,otu_1360,otu_886,0.2507,10.6278,-1.97951,0.106375,0
980000,otu_123,otu_2287,0.504598,16.374,-2.55727,0.210996,0
980000,otu_593,NA,0.705583,3.10709,-0.519764,4.12305,0
980000,otu_2400,NA,0.978253,44.1145,1.13731,33.0722,0
980000,otu_4243,otu_6351,0.455107,16.7237,-2.7287,0.010488,0
1000000,otu_1003,otu_1360,0,12.0536,-2.08479,0.00752337,0
1000000,otu_1003,otu_5346,0.557971,25.6311,-4.17844,0.0282761,0
1000000,otu_1908,otu_5958,0.919249,21.5362,-0.782387,33.1584,0
1000000,otu_3744,otu_420,0.469496,12.3057,-2.88785,1.47659,0
1000000,otu_410,NA,0.891454,7.64268,-3.01588,26.6122,0
1000000,otu_2061,otu_4127,0.397551,18.4608,-2.72397,0.468307,0
1000000,otu_5448,otu_2891,0.811149,17.793,0.447037,5.47261,0
1000000,otu_5448,otu_1072,0.606671,17.2505,-3.17803,0.078657,0
1000000,otu_5448,otu_4919,0.511909,16.7996,-3.87295,0.396125,0
1000000,otu_3631,otu_403,0.677256,13.5177,-2.86422,0.884282,0
1000000,otu_1360,otu_232,0.306791,10.662,-1.78323,1.05528,0
1000000,otu_4243,otu_6351,0.460951,22.262,-3.53373,0.0637573,0
1000000,otu_1225,NA,0.863944,1.49964,-1.39387,0.716601,0
1000000,otu_123,otu_227,0.481291,15.6269,-2.78245,0.245973,0
1020000,otu_1003,otu_1360,0,12.8101,-2.27124,0.051327,0
1020000,otu_1003,otu_5346,0.555385,29.0701,-4.5144,0.422568,0
1020000,otu_742,NA,0.90825,6.60457,0.990072,1.02384,0
1020000,otu_1003,otu_3744,0.206806,14.5569,-2.52013,0.145524,0
1020000,otu_2061,otu_5544,0.36639,10.5702,-1.58679,0.0624576,0
1020000,otu_7759,NA,0.977887,9.04413,1.24688,25.0971,0
1020000,otu_5448,otu_9030,0.777715,16.792,-1.23585,2.49213,0
1020000,otu_5448,otu_4919,0.508088,21.0204,-3.56902,1.77555,0
1020000,otu_3631,otu_201,0.630816,14.0797,-2.65934,3.35716,0
1020000,otu_1360,otu_1801,0.146893,10.7834,-1.76107,0.0985401,0
1020000,otu_123,otu_227,0.481326,11.0014,-1.81431,0.352564,0
1020000,otu_705,otu_5782,0.605663,11.0998,-1.78683,0.923456,0
1020000,otu_2646,NA,0.876608,35.6405,0.342265,22.7494,0
1020000,otu_10463,NA,0.828997,2.75484,2.89455,35.1686,0
1020000,otu_4243,otu_6351,0.458406,20.7456,-3.42206,0.302183,0
1020000,otu_6965,NA,0.879227,11.0466,0.0735686,18.2227,0
1020000,otu_2359,otu_3417,0.885735,25.8386,-1.63617,6.47711,0
1020000,otu_11848,NA,0.964037,6.03007,0.92979,66.5293,0
1040000,otu_1003,otu_1360,0,12.6824,-2.08768,0.025154,0
1040000,otu_1003,otu_10670,0.495174,20.4117,-2.8518,2.6153,0
1040000,otu_3744,otu_1191,0.393851,12.3644,-2.10114,0.734437,0
1040000,otu_2061,otu_5544,0.363866,10.4931,-1.80536,0.180553,0
1040000,otu_111,NA,0.952263,5.47747,-0.417925,56.8745,0
1040000,otu_5448,otu_2311,0.834803,16.6086,-1.01436,0.444802,0
1040000,otu_5448,otu_4919,0.50499,16.0119,-3.57484,0.517692,0
1040000,otu_3631,otu_403,0.677375,7.02875,-1.21061,0.259765,0
1040000,otu_46,NA,0.937977,47.3178,-0.394441,88.813,0
1040000,otu_4263,NA,0.944976,9.12536,-2.05956,111.699,0
1040000,otu_1360,otu_7124,0.450198,9.50131,-2.13446,0.118313,0
1040000,otu_581,NA,0.977113,4.40472,-1.96637,15.2964,0
1040000,otu_123,otu_227,0.492233,23.2806,-3.59904,1.01965,0
1040000,otu_4243,otu_6351,0.456168,21.5629,-3.23461,0.407132,0
1060000,otu_1003,otu_1360,0,11.0388,-2.104,0.0475852,0
1060000,otu_1003,otu_5346,0.564655,16.9145,-3.22331,0.225098,0
1060000,otu_1003,otu_3681,0.157832,14.5768,-2.43297,0.427195,0
1060000,otu_2061,otu_5544,0.369289,14.0069,-2.8024,0.151047,0
1060000,otu_5448,otu_2891,0.812819,11.8528,0.0487994,1.49561,0
1060000,otu_5448,otu_4919,0.511893,24.0758,-4.02429,1.02862,0
1060000,otu_3631,otu_201,0.612836,14.1557,-1.77556,0.264394,0
1060000,otu_1259,NA,0.983709,31.6602,-0.938934,16.6103,0
1060000,otu_1360,otu_1801,0.162344,11.1349,-2.00726,0.289698,0
1060000,otu_123,otu_2673,0.466948,18.3576,-2.66371,0.95815,0
1060000,otu_705,otu_3130,0.575926,11.89,-1.74109,0.948823,0
1060000,otu_4243,otu_6351,0.454119,21.1303,-2.94004,0.643136,0
1080000,otu_1003,otu_1360,0,12.9136,-2.26036,0.204262,0
1080000,otu_1003,otu_5346,0.562856,23.3508,-3.90429,0.106328,0
1080000,otu_1003,otu_3744,0.20867,13.0197,-2.28562,0.132599,0
1080000,otu_3631,otu_6045,0.458765,20.2777,-3.29769,1.68971,0
1080000,otu_340,NA,0.936944,43.3544,0.0276166,16.9943,0
1080000,otu_2061,otu_2960,0.347094,16.6344,-2.48297,0.667365,0
1080000,otu_5448,otu_2891,0.823715,15.1046,0.302986,0.805386,0
1080000,otu_5448,otu_67,0.453946,16.2656,-2.8656,0.420773,0
1080000,otu_1360,otu_232,0.310705,14.0207,-2.55052,0.116884,0
1080000,otu_731,NA,0.89919,15.7449,-0.794092,6.39458,0
1080000,otu_1801,otu_1853,0.539696,16.6006,-2.90429,2.08265,0
1080000,otu_123,otu_227,0.484792,19.3067,-3.26451,0.984536,0
1080000,otu_3001,NA,0.937448,0.0574602,0.122744,3.51053,0
1080000,otu_4243,otu_6351,0.455673,24.5995,-3.36018,0.268092,0
1100000,otu_1003,otu_1360,0,12.961,-2.13989,0.107814,0
1100000,otu_1003,otu_5346,0.569872,26.8064,-4.38599,1.39642,0
1100000,otu_3744,otu_1191,0.369596,16.5402,-2.74448,0.156218,0
1100000,otu_2061,otu_4127,0.405342,12.8697,-2.27375,1.6394,0
1100000,otu_2883,NA,0.966446,10.8436,-0.704847,6.26757,0
1100000,otu_5448,otu_233,0.69689,25.3049,-4.0441,0.60965,0
1100000,otu_5448,otu_67,0.446831,17.9897,-3.02086,0.54711,0
1100000,otu_3631,otu_3821,0.608419,20.3969,-3.26485,2.37446,0
1100000,otu_1360,otu_7124,0.435121,17.4048,-2.92331,0.376959,0
1100000,otu_1801,otu_1853,0.548466,9.8028,-1.04536,2.17212,0
1100000,otu_123,otu_2673,0.465095,18.4615,-3.23383,1.32541,0
1100000,otu_5410,NA,0.985572,2.03659,-0.902663,141.903,0
1100000,otu_4243,otu_6351,0.457701,34.9129,-4.48188,0.213918,0
1120000,otu_1003,otu_1360,0,11.9032,-2.06731,0.0506165,0
1120000,otu_11843,NA,0.98347,73.7,-1.5694,18.9362,0
1120000,otu_1003,otu_4920,0.518615,22.1179,-3.60811,0.800095,0
1120000,otu_3744,otu_420,0.463818,9.8919,-1.9861,0.510212,0
1120000,otu_2061,otu_5544,0.381208,12.8612,-2.37064,0.645927,0
1120000,otu_5448,otu_2891,0.817551,19.6853,-0.854617,0.215034,0
1120000,otu_5448,otu_4919,0.504771,16.7768,-3.50079,0.293628,0
1120000,otu_3631,otu_91,0.650607,14.2443,-2.35089,0.0993092,0
1120000,otu_1360,otu_232,0.288121,16.5336,-2.64062,0.628427,0
1120000,otu_1801,otu_2325,0.446632,7.12841,-1.63314,0.0911827,0
1120000,otu_123,otu_4,0.545499,11.8846,-1.89607,0.00877,0
1120000,otu_4243,otu_6351,0.460692,27.7458,-4.05689,0.0535194,0
1140000,otu_1003,otu_1360,0,10.3972,-2.00255,0.00807718,0
1140000,otu_1003,otu_4097,0.547934,24.8404,-3.60477,1.04248,0
1140000,otu_1003,otu_3744,0.199919,14.7836,-2.25938,0.985928,0
1140000,otu_2061,otu_2960,0.33933,16.6076,-2.81938,1.0334,0
1140000,otu_9764,NA,0.164738,5.80943,-0.267059,5.43593,0
1140000,otu_5448,otu_2821,0.722163,15.8168,-1.8716,0.95229,0
1140000,otu_5448,otu_4919,0.505373,11.4244,-2.46544,0.123427,0
1140000,otu_8364,NA,0.927682,12.1312,0.640258,14.0782,0
1140000,otu_3631,otu_201,0.631008,9.53074,-1.70435,0.065913,0
1140000,otu_1360,otu_232,0.306871,14.4776,-2.2037,1.03625,0
1140000,otu_1801,otu_8485,0.525417,16.6999,-2.05667,2.99233,0
1140000,otu_123,otu_2287,0.50432,18.7226,-2.65156,1.5426,0
1140000,otu_4243,otu_9239,0.452363,21.7216,-3.22816,0.387591,0
1160000,otu_1003,otu_1360,0,14.6308,-2.52212,0.150795,0
1160000,otu_1003,otu_5346,0.572281,20.6651,-3.93926,0.253341,0
1160000,otu_4920,NA,0.843358,3.96948,0.604396,12.6635,0
1160000,otu_11228,NA,0.99769,2.87705,-0.444667,19.2137,0
1160000,otu_1003,otu_7570,0.176916,18.5778,-2.73115,0.120073,0
1160000,otu_2061,otu_5544,0.370631,15.9102,-3.00908,0.247134,0
1160000,otu_5448,otu_2891,0.822672,17.1263,-1.6947,0.385547,0
1160000,otu_5448,otu_214,0.467649,15.2515,-3.0711,0.460215,0
1160000,otu_3631,otu_201,0.629854,13.0673,-1.66242,0.813203,0
1160000,otu_1801,otu_3759,0.3949,7.96118,-1.55753,1.0323,0
1160000,otu_2607,NA,0.939301,18.8278,0.895442,28.4893,0
1160000,otu_1360,otu_232,0.29886,13.5447,-2.39926,0.303477,0
1160000,otu_123,otu_2287,0.517177,17.47,-3.39502,0.40342,0
1160000,otu_4243,otu_6351,0.458375,22.4479,-3.4092,0.162294,0
1180000,otu_1003,otu_1360,0,12.1597,-2.26527,0.106364,0
1180000,otu_5473,NA,0.950984,20.358,0.162391,91.4237,0
1180000,otu_1003,otu_3311,0.529787,24.3973,-3.75394,0.0648444,0
1180000,otu_4933,NA,0.997786,21.4388,-0.749119,9.28035,0
1180000,otu_1003,otu_11837,0.187436,15.0027,-2.56099,0.398107,0
1180000,otu_2061,otu_5544,0.366933,14.0575,-2.53528,0.596363,0
1180000,otu_5448,otu_1485,0.673586,20.5418,-3.44759,0.759066,0
1180000,otu_5448,otu_4919,0.505006,10.7143,-2.79967,0.162823,0
1180000,otu_4583,NA,0.915608,3.10351,-0.829996,4.31161,0
1180000,otu_3631,otu_91,0.657603,24.3957,-3.69215,3.95769,0
1180000,otu_1360,otu_1801,0.153283,16.4037,-2.20396,0.468949,0
1180000,otu_123,otu_2673,0.448304,21.5152,-2.94672,0.854763,0
1180000,otu_9,NA,0.98927,32.2291,-0.126765,20.7859,0
1180000,otu_1566,NA,0.926148,11.5582,-0.230652,6.51836,0
1180000,otu_705,otu_2124,0.697444,10.2957,0.310673,5.57268,0
1180000,otu_4243,otu_6351,0.458294,22.4335,-3.39575,0.0541582,0
1200000,otu_1003,otu_1360,0,12.6838,-2.11449,0.0607144,0
1200000,otu_1003,otu_5346,0.558195,19.0407,-3.34471,0.467464,0
1200000,otu_3744,otu_420,0.445949,12.0833,-2.32473,0.0677016,0
1200000,otu_2061,otu_5544,0.382748,15.037,-2.50572,0.905323,0
1200000,otu_5448,otu_656,0.650645,14.8257,-1.9828,0.267458,0
1200000,otu_5448,otu_462,0.47351,15.1553,-3.23888,0.0500112,0
1200000,otu_3631,otu_91,0.662229,14.7574,-2.21808,3.01968,0
1200000,otu_1360,otu_232,0.300348,9.95066,-1.84015,0.470323,0
1200000,otu_123,otu_227,0.489064,22.0733,-3.51411,0.518045,0
1200000,otu_4243,otu_6351,0.456269,20.5864,-3.23398,0.0698138,0
1220000,otu_1003,otu_1360,0,12.5262,-2.14374,0.025934,0
1220000,otu_5630,NA,0.943953,1.85481,0.0214617,25.2665,0
1220000,otu_5448,otu_233,0.706986,16.8881,-2.51332,1.54058,0
1220000,otu_3631,otu_1970,0.539326,16.8484,-2.02176,2.67709,0
1220000,otu_1003,otu_5346,0.570996,27.3787,-4.28945,0.528816,0
1220000,otu_3744,otu_4019,0.409729,16.3269,-3.43388,0.302448,0
1220000,otu_2061,otu_2960,0.361471,13.1069,-2.4065,0.0405317,0
1220000,otu_5448,otu_4919,0.505113,19.5362,-4.22179,0.244834,0
1220000,otu_1360,otu_232,0.302283,13.4938,-2.17309,0.204299,0
1220000,otu_123,otu_227,0.469619,12.7137,-2.21013,0.637394,0
1220000,otu_4243,otu_6351,0.453082,19.5774,-3.16039,0.297346,0
1240000,otu_1003,otu_1360,0,15.5809,-2.51482,0.418143,0
1240000,otu_1003,otu_5346,0.554655,28.779,-4.44037,0.121728,0
1240000,otu_1003,otu_2130,0.146663,12.331,-2.15789,0.0814353,0
1240000,otu_2061,otu_5544,0.363093,13.0985,-2.23969,0.645252,0
1240000,otu_5448,otu_5394,0.731896,16.8461,-1.75299,0.11027,0
1240000,otu_5448,otu_4919,0.500769,12.0216,-2.35474,0.901974,0
1240000,otu_3631,otu_9388,0.476622,13.5597,-2.64816,0.0412451,0
1240000,otu_5244,NA,0.761288,14.7213,1.34359,16.7931,0
1240000,otu_1034,NA,0.934277,2.67903,-0.928761,81.0753,0
1240000,otu_1360,otu_2095,0.106072,16.5759,-2.29485,0.106686,0
1240000,otu_6624,NA,0.98846,14.8343,0.622173,4.14588,0
1240000,otu_123,otu_227,0.489588,19.1547,-3.46289,0.189629,0
1240000,otu_5343,otu_4703,0.915023,30.7458,0.386796,22.2318,0
1240000,otu_4243,otu_6351,0.458069,17.3448,-3.02029,0.0415965,0
1240000,otu_7536,NA,0.965177,9.48416,1.10731,0.0204036,0
1260000,otu_1003,otu_1360,0,12.593,-2.14894,0.00346103,0
1260000,otu_1003,otu_5346,0.576516,23.3356,-4.52473,0.673463,0
1260000,otu_9240,NA,0.990484,34.843,-0.484373,2.0364,0
1260000,otu_3744,otu_1642,0.272977,21.5931,-2.64118,1.8554,0
1260000,otu_1683,NA,0.984973,1.90648,0.179248,20.1527,0
1260000,otu_2061,otu_5544,0.364442,14.6022,-2.74178,0.996242,0
1260000,otu_5448,otu_5394,0.733389,13.9223,-0.269198,1.04169,0
1260000,otu_5448,otu_2652,0.489629,14.8449,-3.37532,0.358824,0
1260000,otu_3631,otu_7635,0.403185,12.088,-2.04763,0.693347,0
1260000,otu_5909,NA,0.903037,10.0786,2.27785,32.0275,0
1260000,otu_5617,NA,0.938106,29.4951,1.6381,16.573,0
1260000,otu_1360,otu_3174,0.50662,20.3001,-3.68546,1.52708,0
1260000,otu_232,otu_2082,0.39024,6.20891,-1.27824,1.1138,0
1260000,otu_123,otu_2287,0.507173,20.1163,-2.70381,0.792185,0
1260000,otu_4243,otu_6351,0.456648,21.2257,-3.08824,0.367172,0
1280000,otu_1003,otu_1360,0,10.948,-1.89805,0.228842,0
1280000,otu_1003,otu_5346,0.55565,26.0518,-4.01514,0.15905,0
1280000,otu_3744,otu_5044,0.355196,13.1745,-2.11356,1.42491,0
1280000,otu_2061,otu_2960,0.351867,16.0656,-2.30535,2.12918,0
1280000,otu_5448,otu_5394,0.734462,16.8498,-2.09144,0.606272,0
1280000,otu_5448,otu_3291,0.434986,18.9285,-3.42411,0.664447,0
1280000,otu_3631,otu_7635,0.399798,10.1875,-1.592,0.177171,0
1280000,otu_1360,otu_3793,0.369463,8.61667,-1.59232,0.218051,0
1280000,otu_232,otu_7234,0.500145,12.6944,-2.29662,1.1166,0
1280000,otu_123,otu_227,0.478081,13.3887,-2.42514,0.895631,0
1280000,otu_4243,otu_6351,0.460308,26.0527,-3.79042,0.333191,0
1300000,otu_1003,otu_1360,0,13.4402,-2.15981,0.0155102,0
1300000,otu_1003,otu_5346,0.560394,23.2816,-4.27692,0.00373176,0
1300000,otu_3744,otu_4019,0.423842,30.8218,-3.92663,5.48131,0
1300000,otu_2061,otu_4127,0.40568,18.5787,-3.07381,0.10283,0
1300000,otu_338,otu_1825,0.738115,4.58086,0.279248,2.56784,0
1300000,otu_5448,otu_1485,0.667592,15.4032,-1.8557,0.142957,0
1300000,otu_5448,otu_67,0.44833,14.0471,-2.85653,0.0203758,0
1300000,otu_3631,otu_201,0.632722,9.89157,-1.06337,0.315505,0
1300000,otu_928,NA,0.940482,6.38394,2.44262,37.2323,0
1300000,otu_4994,NA,0.920819,16.8277,-0.302229,3.28265,0
1300000,otu_123,otu_397,0.395019,15.2893,-2.55113,0.206283,0
1300000,otu_71,NA,0.879526,25.5348,2.66615,30.109,0
1300000,otu_2652,NA,0.826391,0.0255069,-0.129,10.2186,0
1300000,otu_1360,otu_232,0.289049,15.145,-2.34789,0.754339,0
1300000,otu_11537,NA,0.782444,1.05691,0.399328,9.99324,0
1300000,otu_4243,otu_6351,0.453557,29.6737,-4.18945,0.0820759,0
1320000,otu_1003,otu_1360,0,12.8641,-2.12049,0.0987411,0
1320000,otu_1003,otu_3311,0.535687,21.4383,-3.70668,0.422813,0
1320000,otu_3744,otu_420,0.444423,11.0976,-2.1947,1.33481,0
1320000,otu_771,NA,0.968456,7.18876,1.81325,131.563,0
1320000,otu_2061,otu_2960,0.353266,16.8964,-2.91022,0.0782633,0
1320000,otu_5448,otu_5394,0.732932,14.6284,-1.20916,0.782691,0
1320000,otu_5448,otu_4919,0.503725,17.2488,-4.11518,0.0356001,0
1320000,otu_3631,otu_201,0.624098,13.1995,-3.0353,0.0500737,0
1320000,otu_1663,NA,0.98769,46.5657,0.564292,215.388,0
1320000,otu_1360,otu_1034,0.265369,14.2712,-2.24561,0.384428,0
1320000,otu_123,otu_227,0.483513,13.3394,-2.40111,0.496302,0
1320000,otu_3138,otu_2241,0.761377,13.6583,-0.766249,0.306991,0
1320000,otu_4243,otu_6351,0.463252,20.6556,-3.41106,0.16786,0
1340000,otu_1003,otu_1360,0,14.2699,-2.33327,0.372606,0
1340000,otu_938,NA,0.969928,7.34163,0.797437,5.68914,0
1340000,otu_1003,otu_4097,0.552311,30.7698,-4.43314,0.0638006,0
1340000,otu_1003,otu_11837,0.19669,14.6226,-2.68441,0.0471844,0
1340000,otu_410,NA,0.913691,3.18723,0.452174,41.2374,0
1340000,otu_2061,otu_5544,0.376565,10.9424,-2.01235,0.286768,0
1340000,otu_5448,otu_3132,0.614551,22.0786,-2.47622,2.52213,0
1340000,otu_5448,otu_462,0.471096,14.2933,-2.41224,1.63176,0
1340000,otu_3631,otu_91,0.651453,16.5744,-3.21137,0.225177,0
1340000,otu_5244,NA,0.998124,50.2338,-0.689689,34.6494,0
1340000,otu_123,otu_227,0.491323,14.2209,-2.89706,0.240005,0
1340000,otu_2566,NA,0.966092,10.1465,-0.446295,8.13981,0
1340000,otu_1360,otu_34,0.0923277,7.69664,-1.22126,0.181351,0
1340000,otu_1724,NA,0.928312,6.23211,-0.77411,1.15576,0
1340000,otu_4243,otu_6351,0.453758,23.5646,-3.49794,0.308248,0
