generation,N_shifts,logPrior,logLik,eventRate,acceptRate
0,0,-15.6805,-9019.39,121.546,1
20000,8,-122.153,5437.87,11.7219,0.704
40000,20,-254.433,5479.45,25.7647,0.679
60000,12,-171.065,5476.84,15.6804,0.651
80000,18,-243.799,5491.82,21.3165,0.681
100000,23,-293.502,5522.51,29.3037,0.691
120000,34,-428.069,5529.53,37.4739,0.684
140000,33,-416.333,5571.04,29.8518,0.648
160000,20,-285.952,5545.67,19.6323,0.613
180000,48,-599.115,5601.15,59.1236,0.698
200000,60,-723.742,5613.23,62.1358,0.67
220000,47,-577.53,5622.29,40.4544,0.703
240000,30,-394.308,5642.91,27.7741,0.639
260000,46,-574.543,5648.16,53.4615,0.647
280000,42,-551.39,5646.61,53.3188,0.649
300000,57,-710.511,5650.53,58.852,0.649
320000,46,-575.905,5644.12,54.974,0.669
340000,62,-749.16,5659.41,68.8473,0.654
360000,76,-897.766,5662.64,121.595,0.7
380000,84,-998.121,5670.17,80.2925,0.676
400000,86,-1028.16,5663.77,100.688,0.66
420000,82,-1006.58,5650.96,75.6644,0.651
440000,76,-945.676,5668.28,80.8668,0.669
460000,69,-849.085,5646.3,68.9557,0.672
480000,62,-754.864,5668.25,54.1506,0.699
500000,53,-672.305,5651.23,55.5851,0.668
520000,66,-816.528,5664.31,72.2535,0.686
540000,57,-710.693,5649.89,49.5458,0.654
560000,61,-764.79,5653.88,67.8753,0.682
580000,53,-669.583,5648.81,51.0672,0.663
600000,56,-696.191,5654.6,54.7139,0.671
620000,57,-706.807,5650.59,49.3029,0.684
640000,51,-642.645,5658.98,45.272,0.66
660000,65,-811.574,5659.45,65.486,0.672
680000,71,-865.602,5643.68,72.2703,0.665
700000,72,-889.023,5663.69,87.1011,0.662
720000,73,-899.32,5653.39,94.9258,0.672
740000,66,-816.314,5656.36,56.0275,0.649
760000,59,-729.05,5650.9,59.5398,0.621
780000,63,-773.848,5677.8,63.2473,0.631
800000,69,-846.938,5661,68.972,0.656
820000,48,-594.611,5664.05,49.9103,0.665
840000,60,-731.939,5643.38,62.2469,0.684
860000,67,-807.384,5632.8,71.5679,0.696
880000,88,-1056.83,5658.7,87.5299,0.699
900000,66,-799.636,5640.3,69.2647,0.69
920000,64,-768.816,5641.19,87.1805,0.685
940000,53,-677.564,5639.53,71.2518,0.671
960000,53,-652.649,5659.49,45.6259,0.632
980000,51,-637.195,5650.07,53.6356,0.633
1000000,57,-711.064,5671.42,59.5416,0.676054
1020000,81,-1017.6,5641.07,76.6594,0.651
1040000,76,-894.226,5659.29,81.9327,0.656
1060000,58,-726.136,5667.31,66.2139,0.665
1080000,51,-644.325,5675.72,43.9211,0.638
1100000,51,-663.966,5670.83,57.3703,0.659
1120000,43,-551.477,5655.89,42.4114,0.666
1140000,41,-527.943,5669.74,31.8153,0.614
1160000,46,-586.029,5659.14,55.1335,0.66
1180000,36,-470.02,5655.24,34.0955,0.624
1200000,60,-739.162,5672.34,54.8322,0.671
1220000,69,-844.604,5660.07,88.1497,0.701
1240000,68,-829.714,5667.12,66.1203,0.642
1260000,78,-923.564,5651.43,90.2224,0.669
1280000,79,-947.607,5653.37,75.1783,0.662
1300000,59,-733.01,5644.21,72.073,0.686
1320000,57,-715.295,5656.96,55.0586,0.652
1340000,46,-584.83,5654.49,46.5701,0.677
1360000,60,-738.747,5634.42,68.3115,0.674
1380000,55,-683.634,5648.68,46.6611,0.671
1400000,62,-761.876,5666.34,87.7901,0.677
1420000,70,-859.608,5670.1,73.9999,0.647
1440000,83,-1003.78,5674.09,78.3575,0.7
1460000,79,-959.891,5662.36,64.7099,0.672
1480000,59,-741.509,5652.67,68.5956,0.648
1500000,70,-844.741,5665.95,67.9737,0.676
1520000,54,-693.646,5660.41,58.5647,0.644
1540000,56,-702.792,5659.78,51.1054,0.663
1560000,69,-848.733,5666.73,57.604,0.647
1580000,63,-777.868,5654.07,68.6227,0.715
1600000,43,-560.799,5645.52,44.5564,0.664
1620000,56,-677.362,5657.39,46.7548,0.688
1640000,49,-612.518,5662.03,50.5406,0.666
1660000,42,-538.373,5658.17,46.6657,0.648
1680000,37,-475.028,5644.09,34.8913,0.61
1700000,53,-667.173,5662.78,58.6821,0.655
1720000,82,-986.708,5661.11,85.9787,0.692
1740000,51,-640.703,5656.11,53.8178,0.645
1760000,55,-673.656,5670.53,60.3082,0.66
1780000,66,-807.344,5659.45,90.0775,0.656
1800000,39,-507.755,5651.94,34.8804,0.645
1820000,49,-617.04,5662.84,55.9232,0.698
1840000,50,-650.68,5652.7,34.6927,0.665
1860000,44,-556.07,5652.4,45.2846,0.644
1880000,50,-627.87,5639.63,56.4709,0.686
1900000,60,-754.703,5656.95,53.407,0.693
1920000,48,-632.843,5651.58,50.1947,0.647
1940000,76,-910.283,5667.94,72.5124,0.667
1960000,59,-726.742,5643.98,52.4891,0.692
1980000,58,-721.104,5656.25,75.58,0.641
2000000,69,-840.019,5658.82,77.79,0.679
2020000,60,-768.666,5678.61,69.2335,0.681
2040000,47,-603.482,5654.47,39.0579,0.65
2060000,63,-783.181,5666.78,53.5163,0.678
2080000,65,-801.561,5635.14,63.5649,0.655
2100000,65,-783.011,5645.85,63.8779,0.648
2120000,97,-1174.31,5661.54,99.2943,0.655
2140000,63,-764.338,5654.89,58.1306,0.68
2160000,73,-894.225,5653.52,70.4865,0.661
2180000,82,-1001,5681.72,78.2685,0.652
2200000,57,-699.532,5647.6,49.9472,0.69
2220000,58,-721.049,5657.21,56.6112,0.653
2240000,59,-733.32,5666,53.3966,0.676
2260000,54,-677.039,5667.32,62.9017,0.664
2280000,52,-650.76,5680.07,57.6095,0.631
2300000,66,-811.928,5681.53,64.6404,0.649
2320000,75,-912.397,5676.31,73.1612,0.66325
2340000,66,-804.095,5649.65,74.9951,0.664
2360000,67,-836.292,5658.3,64.0829,0.663
2380000,65,-803.558,5638.13,61.1328,0.682
2400000,55,-686.694,5662.5,42.8233,0.674
2420000,55,-703.678,5650.09,48.3817,0.649
2440000,52,-639.561,5662.91,54.1636,0.673
2460000,66,-813.465,5656.79,56.2852,0.683
2480000,65,-788.504,5658.35,67.3038,0.652
2500000,54,-676.751,5651.7,54.6076,0.675
2520000,61,-758.288,5660.78,58.9,0.675
2540000,44,-554.108,5629.67,45.9732,0.656
2560000,31,-423.845,5638.95,30.3084,0.646
2580000,45,-559.182,5640.38,46.6771,0.653
2600000,56,-710.215,5647.86,51.873,0.661
2620000,41,-539.501,5642.76,41.7879,0.678
2640000,58,-740.778,5631.19,58.0032,0.651
2660000,79,-963.765,5650.39,79.0792,0.686
2680000,77,-942.614,5663.8,82.1617,0.698
2700000,73,-906.347,5674.64,78.2087,0.664
2720000,79,-969.049,5689.93,76.1014,0.672
2740000,90,-1100.86,5658.03,88.2066,0.673
2760000,73,-901.884,5671.45,68.1082,0.673
2780000,61,-763.476,5676.03,55.2995,0.657
2800000,52,-659.96,5680.01,50.2445,0.654
2820000,42,-537.775,5649.89,44.1643,0.663
2840000,56,-687.643,5655.79,54.3166,0.677
2860000,59,-743.56,5628.19,68.1055,0.654222
2880000,60,-745.59,5667.06,73.6305,0.641
2900000,67,-819.287,5671.37,58.1832,0.654333
2920000,84,-1024.92,5643.76,85.5369,0.6765
2940000,63,-779.036,5667.35,63.5346,0.67
2960000,50,-631.982,5653.57,48.9601,0.665
2980000,68,-832.761,5648.98,68.5952,0.688
3000000,56,-697.055,5662.55,53.9711,0.634
3020000,58,-724.163,5652.68,46.3938,0.682
3040000,53,-670.142,5647.47,53.0475,0.671
3060000,56,-696.663,5660.7,53.9156,0.689
3080000,60,-744.949,5651.84,63.6809,0.66
3100000,46,-587.445,5644.65,43.8913,0.637
3120000,59,-741.732,5667.68,51.1924,0.659
3140000,66,-820.909,5661.75,65.3142,0.669
3160000,68,-822.549,5643.81,58.7378,0.689
3180000,66,-816.122,5644.42,64.3025,0.638
3200000,72,-869.211,5663.3,60.2906,0.68
3220000,70,-860.307,5647.76,70.9029,0.657
3240000,77,-923.184,5647.31,75.8473,0.707
3260000,48,-617.773,5635.73,34.1209,0.649
3280000,64,-765.386,5640.2,62.2669,0.663
3300000,52,-630.431,5635.53,50.458,0.668
3320000,62,-756.304,5621.21,70.5727,0.68
3340000,65,-767.941,5634.84,63.3254,0.689
3360000,61,-738.863,5647.82,67.2107,0.675
3380000,78,-937.927,5648.87,79.6556,0.655
3400000,63,-773.574,5624.93,69.7664,0.655
3420000,66,-803.318,5653.26,66.1174,0.652
3440000,69,-849.583,5650.98,67.4768,0.672
3460000,71,-860.438,5667.72,61.404,0.668
3480000,49,-609.893,5653.94,57.5392,0.657
3500000,60,-738.077,5638.38,62.1693,0.64
3520000,62,-759.762,5674.82,57.7558,0.661
3540000,54,-685.433,5665.59,61.2178,0.644
3560000,51,-664.233,5648.08,59.1451,0.635
3580000,56,-700.993,5646.95,55.5843,0.665
3600000,69,-859.113,5662.98,69.8575,0.675
3620000,74,-886.546,5641.44,92.5661,0.664
3640000,65,-797.939,5650.2,56.7628,0.669
3660000,62,-773.782,5650.04,71.4146,0.694
3680000,50,-629.611,5633.2,53.0616,0.651
3700000,42,-529.469,5648.76,52.2115,0.67
3720000,67,-835.456,5652.11,57.5874,0.672
3740000,59,-725.468,5647.76,54.6582,0.655
3760000,45,-564.791,5639.72,61.4754,0.631
3780000,68,-847.085,5633.51,76.7371,0.682
3800000,41,-512.694,5653.26,38.0828,0.645
3820000,47,-598.277,5654.62,48.2934,0.653
3840000,83,-1000.87,5664.06,76.3124,0.674
3860000,62,-780.509,5650.53,61.1603,0.631
3880000,67,-826.974,5654.92,63.6703,0.668
3900000,68,-841.179,5664.49,89.5498,0.6629
3920000,68,-830.022,5633.78,65.7014,0.671
3940000,74,-897.033,5647.69,70.4071,0.674615
3960000,64,-772.847,5667.34,62.3298,0.678
3980000,55,-688.535,5666.55,60.1316,0.653889
4000000,60,-744.36,5667.86,72.9546,0.673
4020000,61,-766.246,5640,60.1065,0.667
4040000,78,-949.182,5670.5,88.795,0.693
4060000,77,-931.343,5640.25,78.0242,0.684
4080000,83,-1006.52,5662.84,78.0226,0.679
4100000,79,-952.715,5663.43,79.1843,0.646
4120000,85,-1020.51,5663.87,82.7476,0.663
4140000,77,-926.602,5655.17,74.3385,0.678
4160000,62,-770.834,5676.04,74.4465,0.649
4180000,76,-937.07,5669.84,74.2672,0.672
4200000,82,-1002.29,5670.86,75.9527,0.649
4220000,102,-1215.16,5677.88,107.108,0.686
4240000,100,-1205.23,5659.44,105.989,0.651
4260000,96,-1160.97,5659.36,106.702,0.677
4280000,77,-922.924,5648.99,80.8487,0.69
4300000,84,-1008.78,5671.05,75.5783,0.664
4320000,59,-756.693,5671.05,57.4347,0.65
4340000,66,-805.962,5679.77,63.1478,0.66
4360000,49,-626.886,5659.33,46.3882,0.625
4380000,62,-772.731,5673.27,56.3993,0.671
4400000,87,-1055.31,5669.28,87.3807,0.667615
4420000,90,-1073.96,5654.51,100.011,0.67
4440000,76,-930.59,5673.11,68.4104,0.667
4460000,87,-1065.4,5676.67,90.2749,0.663
4480000,87,-1045.81,5667.15,85.2216,0.653
4500000,93,-1129.37,5662.66,91.6969,0.66
4520000,70,-837.912,5650.75,65.8071,0.691
4540000,87,-1067.01,5655.23,104.319,0.665923
4560000,70,-855.731,5656.82,65.0988,0.666
4580000,58,-718.813,5664.4,69.3803,0.684
4600000,58,-714.674,5658.56,53.117,0.654
4620000,70,-856.609,5643.3,84.006,0.672458
4640000,78,-938.475,5653.71,68.8193,0.68
4660000,53,-659.065,5644.7,49.2325,0.645
4680000,54,-666.253,5638.42,61.7243,0.686
4700000,82,-1001.5,5671.33,81.9573,0.706
4720000,71,-861.137,5668.53,77.6791,0.674
4740000,73,-894.831,5681.11,69.6194,0.675
4760000,69,-845.383,5678.84,84.9945,0.65
4780000,71,-861.721,5674.57,83.0331,0.662
4800000,43,-566.279,5669.95,46.1281,0.625
4820000,58,-723.914,5664.82,70.3595,0.67
4840000,60,-754.294,5644.13,68.9546,0.673
4860000,57,-705.964,5665.62,61.5315,0.654
4880000,76,-958.467,5653.62,73.0397,0.672
4900000,78,-966.84,5666.87,75.4036,0.664
4920000,57,-719.472,5665.76,59.0225,0.68
4940000,44,-581.233,5669.38,41.9519,0.637
4960000,48,-619.008,5673.69,54.9132,0.668
4980000,51,-652.903,5679.83,70.4828,0.655
5000000,55,-684.729,5689.84,52.1919,0.645
5020000,77,-938.04,5667.93,86.9216,0.649
5040000,57,-717.989,5667.66,70.1155,0.654
5060000,67,-811.351,5660.12,44.0202,0.662
5080000,54,-682.444,5659.46,48.3883,0.659
5100000,63,-771.186,5673.34,76.4783,0.658
5120000,58,-726.436,5658.62,63.6283,0.67
5140000,59,-717.788,5658.98,57.0888,0.649
5160000,80,-968.594,5658.6,80.4403,0.671
5180000,57,-706.723,5646.67,68.569,0.677
5200000,71,-868.557,5660.37,81.0481,0.659
5220000,101,-1222.34,5664.13,107.839,0.673
5240000,75,-912.615,5674.82,67.5653,0.675
5260000,78,-950.08,5679.88,72.0918,0.652
5280000,97,-1149.73,5674.19,92.1411,0.683
5300000,59,-745.677,5669.82,53.0602,0.665
5320000,50,-636.536,5671.58,43.877,0.631
5340000,94,-1139.97,5681.57,103.76,0.681
5360000,76,-924.492,5649.81,70.7305,0.627
5380000,74,-892.809,5666.8,81.2984,0.652
5400000,56,-699.695,5677.08,58.8514,0.67
5420000,70,-855.66,5661.01,77.7745,0.652
5440000,59,-747.267,5661.29,53.3389,0.663
5460000,62,-761.259,5658.56,59.1962,0.673
5480000,69,-845.251,5641.23,81.5006,0.668
5500000,59,-723.082,5647.8,65.2871,0.639
5520000,74,-898.502,5650.81,74.3054,0.686
5540000,58,-722.467,5657.09,50.4042,0.699
5560000,65,-803.188,5655.93,79.8433,0.666
5580000,66,-802.289,5656.79,72.1443,0.647
5600000,52,-642.12,5667.71,63.1857,0.649
5620000,62,-749.333,5662.91,61.2768,0.663
5640000,58,-738.507,5660.93,59.4067,0.69
5660000,50,-638.524,5642.96,57.054,0.638
5680000,48,-613.862,5654.93,46.3546,0.623
5700000,38,-504.628,5637.23,38.8686,0.673
5720000,39,-500.42,5650.79,40.3587,0.67
5740000,44,-557.349,5654.18,39.9538,0.659
5760000,67,-802.436,5657.11,69.1641,0.646
5780000,70,-854.813,5652.57,59.9661,0.664
5800000,109,-1291.62,5672.48,107.894,0.678
5820000,76,-895.811,5636.42,74.2327,0.654
5840000,61,-731.12,5641.69,48.9848,0.712
5860000,76,-897.568,5633.6,78.2373,0.672
5880000,75,-898.145,5653.12,77.2306,0.676
5900000,78,-936.549,5634.38,88.5465,0.677
5920000,50,-628.364,5633.61,47.9192,0.667
5940000,63,-780.353,5645.23,68.6818,0.643
5960000,46,-602.235,5651.29,43.1894,0.635
5980000,60,-733.695,5681.76,59.3698,0.681
6000000,55,-702.899,5671.37,71.9754,0.651
6020000,48,-611.883,5677.44,54.2672,0.664
6040000,71,-875.963,5658.09,80.1014,0.675
6060000,74,-884.14,5670.7,62.8322,0.683
6080000,45,-561.698,5665.12,47.5663,0.665
6100000,48,-613.565,5644.19,47.6247,0.671
6120000,51,-653.752,5650.14,48.6361,0.654
6140000,59,-726.119,5644.08,50.8192,0.678
6160000,71,-849.571,5642.31,71.4975,0.681
6180000,83,-989.666,5639.77,82.9751,0.68
6200000,78,-945.702,5645,82.8234,0.651
6220000,63,-783.006,5653.92,62.6022,0.662
6240000,60,-733.447,5650.33,72.5654,0.663
6260000,71,-868.51,5661.57,74.6315,0.664
6280000,72,-885.413,5656.76,80.2341,0.677
6300000,81,-982.671,5675.3,79.8721,0.673
6320000,79,-936.869,5672.89,94.1031,0.683
6340000,76,-929.846,5667.66,85.0187,0.681
6360000,65,-794.357,5641.24,71.6177,0.702
6380000,65,-780.1,5653.93,76.3863,0.649
6400000,75,-916.722,5654.74,80.3175,0.699
6420000,91,-1103.21,5672.5,82.2707,0.678
6440000,91,-1068.98,5681.12,89.9163,0.671
6460000,75,-906.374,5660.94,74.9136,0.661
6480000,77,-933.986,5664.48,90.0366,0.678
6500000,59,-721.149,5678.08,50.5373,0.697
6520000,67,-824.829,5673.63,83.4685,0.653
6540000,61,-742.151,5667.03,63.4528,0.648
6560000,62,-759.224,5680.58,61.9116,0.655
6580000,65,-798.596,5654.73,57.561,0.662
6600000,56,-697.415,5672.73,63.8722,0.662
6620000,55,-694.267,5671.43,47.4866,0.653
6640000,51,-656.801,5665.14,50.245,0.659
6660000,60,-755.6,5680.34,63.8346,0.664
6680000,55,-693.664,5662.16,50.2932,0.667
6700000,57,-720.205,5681.86,46.6686,0.644
6720000,63,-790.812,5660.5,71.7988,0.669
6740000,53,-670.245,5667.82,50.069,0.65
6760000,70,-871.32,5660.17,88.4704,0.68
6780000,51,-651.571,5675.55,45.4847,0.659
6800000,48,-611.333,5669.26,42.5006,0.661
6820000,67,-830.903,5674.02,67.9539,0.664
6840000,60,-768.381,5674.25,52.8048,0.66
6860000,57,-714.201,5681.64,64.9072,0.65
6880000,68,-865.762,5687.83,66.5222,0.672
6900000,76,-941.963,5668.54,96.0457,0.678
6920000,66,-812.386,5648.59,69.3858,0.665
6940000,56,-700.717,5674.13,50.0651,0.647
6960000,44,-566.329,5660.51,48.6805,0.671
6980000,42,-537.173,5651.56,42.533,0.641
7000000,45,-558.28,5633.39,45.4903,0.662
7020000,54,-659.088,5644.92,60.0013,0.666
7040000,46,-586.346,5644.82,51.8244,0.663
7060000,35,-456.587,5640.69,29.0935,0.669
7080000,32,-429.291,5641.6,31.7205,0.642
7100000,65,-780.352,5630.6,44.9706,0.651
7120000,77,-936.618,5693.03,75.2217,0.652
7140000,82,-990.217,5689.68,91.9039,0.657
7160000,68,-834.43,5676.41,58.858,0.655
7180000,62,-768.902,5680.24,56.6206,0.634
7200000,35,-462.576,5634.71,36.1936,0.66
7220000,62,-764.884,5689.41,61.5661,0.652
7240000,69,-867.786,5675.66,73.3826,0.659706
7260000,66,-821.839,5685.66,56.0588,0.655
7280000,62,-755.979,5686.39,61.0107,0.662667
7300000,81,-982.822,5673.79,80.3454,0.652
7320000,83,-999.618,5685.63,85.2937,0.685
7340000,82,-994.114,5688.04,83.821,0.669
7360000,63,-773.38,5680.93,66.3767,0.669
7380000,58,-715.528,5679.8,55.1377,0.679
7400000,82,-996.197,5676.42,92.6639,0.646
7420000,80,-980.169,5665.78,69.6291,0.707
7440000,85,-1020.46,5676.16,87.8227,0.668
7460000,67,-841.739,5687.3,91.1296,0.648
7480000,68,-841.246,5681.27,70.632,0.672
7500000,62,-766.949,5690.68,55.8353,0.657
7520000,71,-881.079,5672.47,68.9021,0.671
7540000,66,-812.832,5670.59,70.8896,0.663
7560000,78,-961.961,5665.33,85.1345,0.676
7580000,67,-813.332,5665.74,78.504,0.659
7600000,68,-837.263,5649.2,79.2187,0.665
7620000,63,-792.737,5681.74,65.6835,0.669
7640000,70,-861.291,5657.08,79.0558,0.625
7660000,94,-1124.84,5687.89,90.6934,0.67407
7680000,80,-973.002,5679.4,84.7477,0.669
7700000,83,-1025.48,5678.61,85.2125,0.676917
7720000,89,-1069.62,5658.15,73.3633,0.683
7740000,64,-786.61,5652.85,61.2254,0.683
7760000,57,-699.304,5640.49,57.6207,0.679
7780000,68,-844.281,5652.7,70.661,0.644
7800000,52,-646.707,5651.38,54.659,0.676
7820000,66,-812.612,5634.47,71.5741,0.667
7840000,74,-919.445,5645.65,75.6686,0.685
7860000,61,-744.717,5648.11,54.1177,0.673
7880000,59,-743.01,5663.71,69.7686,0.683
7900000,58,-714.686,5647.27,48.1798,0.661
7920000,49,-633.845,5652.82,54.7254,0.644
7940000,60,-736.368,5653.46,52.4439,0.675
7960000,54,-679.692,5649.62,49.6917,0.633
7980000,52,-651.394,5647.56,55.3853,0.668
8000000,52,-650.657,5685.29,60.5691,0.657
8020000,73,-898.478,5677.98,69.6132,0.655
8040000,75,-903.772,5659.48,91.091,0.645
8060000,59,-735.365,5677.84,71.9396,0.661
8080000,77,-953.462,5674.21,78.6974,0.661
8100000,74,-904.074,5692.4,68.4162,0.651
8120000,84,-993.007,5676.29,98.6373,0.6718
8140000,66,-803.973,5674.94,80.4794,0.663
8160000,85,-1027.97,5686.4,75.3244,0.685
8180000,89,-1068.25,5686.99,100.259,0.687
8200000,93,-1114.31,5679.66,88.5645,0.669
8220000,99,-1183.12,5682.09,91.1595,0.679
8240000,95,-1124.51,5681.89,86.7125,0.661
8260000,98,-1169.69,5661.39,82.8486,0.667
8280000,76,-921.033,5650.65,64.666,0.664
8300000,77,-938.844,5647.75,79.0103,0.681
8320000,84,-1003.48,5670.68,75.6524,0.662
8340000,82,-999.199,5649.83,93.6,0.697
8360000,69,-848.259,5665.92,60.5294,0.655
8380000,62,-754.487,5651,57.8282,0.668
8400000,47,-582.979,5650.94,48.0421,0.681
8420000,71,-872.087,5628.8,75.612,0.682
8440000,46,-585.397,5633.36,53.7635,0.643
8460000,38,-494.356,5644.04,38.8685,0.626
8480000,42,-535.826,5636.01,36.9831,0.664
8500000,50,-643.48,5639.59,42.5992,0.667
8520000,52,-657.04,5657.63,58.1596,0.651
8540000,53,-680.377,5662.41,66.8549,0.683
8560000,44,-570.137,5656.14,51.9982,0.677
8580000,56,-699.74,5672.13,48.9326,0.666
8600000,45,-592.451,5656.29,44.4599,0.648
8620000,61,-743.438,5662.9,61.2419,0.654
8640000,72,-888.653,5675.92,63.4298,0.668
8660000,74,-894.127,5655.6,61.9859,0.66
8680000,68,-846.936,5672.77,74.3368,0.68
8700000,73,-903.92,5660.28,78.7004,0.701
8720000,58,-720.744,5675.35,49.9609,0.673
8740000,67,-806.876,5655.87,67.5704,0.661
8760000,77,-920.742,5639.32,68.1047,0.671
8780000,84,-1014.73,5671.13,88.642,0.672
8800000,75,-908.784,5654.76,87.2021,0.65
8820000,60,-740.504,5662.07,47.9771,0.645
8840000,42,-537.28,5665.74,40.6124,0.651
8860000,58,-722.196,5676.32,56.9917,0.699
8880000,58,-746.92,5653.65,60.3582,0.686
8900000,46,-585.519,5658.57,41.3171,0.649
8920000,53,-684.509,5650.55,52.1582,0.693
8940000,51,-655.177,5657.92,49.5236,0.679
8960000,49,-624.727,5651.01,57.7981,0.64
8980000,41,-551.739,5663.9,49.4418,0.659
9000000,45,-601.708,5648.71,30.6173,0.639
9020000,41,-548.441,5661.71,37.9895,0.639
9040000,48,-619.641,5660.59,48.8869,0.655
9060000,54,-675.691,5659.45,50.2559,0.646
9080000,76,-922.805,5679.62,83.7679,0.658
9100000,56,-689.199,5655.56,69.4104,0.654
9120000,76,-933.222,5656.24,68.1539,0.708
9140000,69,-858.635,5664.73,80.7944,0.689
9160000,64,-774.739,5651.11,57.8797,0.676
9180000,44,-566.349,5644.74,53.464,0.643
9200000,48,-595.65,5649.19,50.4019,0.676
9220000,62,-746.592,5640.77,62.0576,0.659
9240000,67,-826.78,5653.08,62.5936,0.657
9260000,70,-854.766,5651.48,79.6368,0.679
9280000,58,-720.954,5654.21,50.5388,0.674
9300000,42,-544.309,5650.38,44.9582,0.646
9320000,57,-699.224,5655.77,63.2298,0.682
9340000,53,-662.407,5658.94,43.7739,0.659
9360000,61,-759.175,5664,60.3215,0.664
9380000,46,-589.187,5656.66,67.5114,0.678
9400000,60,-755.242,5659.32,51.4655,0.663
9420000,56,-702.656,5649.69,56.1732,0.691
9440000,51,-644.654,5651.51,51.5113,0.653
9460000,77,-919.988,5668.69,80.6372,0.669043
9480000,61,-768.982,5662.81,61.7616,0.652
9500000,57,-702.373,5665.93,52.6547,0.655
9520000,63,-779.935,5660.3,68.2304,0.677
9540000,57,-724.634,5682.49,62.381,0.648
9560000,77,-975.299,5675.48,85.8797,0.66
9580000,68,-846.77,5664.34,89.5552,0.64
9600000,77,-942.45,5663,79.5828,0.651
9620000,60,-754.74,5679.59,55.1822,0.675
9640000,51,-641.651,5676.63,50.652,0.661
9660000,67,-835.493,5671.33,59.6464,0.636
9680000,68,-817.393,5676.54,76.8747,0.661
9700000,76,-922.67,5677.16,60.1689,0.662
9720000,74,-905.307,5680.03,72.2921,0.663
9740000,74,-904.477,5682.45,72.0358,0.67
9760000,79,-964.068,5696.99,74.3299,0.64
9780000,64,-826.957,5683.21,68.6714,0.655
9800000,69,-856.465,5686.71,89.6245,0.661
9820000,82,-1002.99,5638.42,78.7459,0.696
9840000,94,-1174.95,5674.56,87.5866,0.678
9860000,73,-887.696,5638.95,63.9711,0.668
9880000,83,-1005.02,5649.16,84.6537,0.69
9900000,55,-695.103,5663.13,59.7343,0.686
9920000,65,-790.998,5667.27,73.8815,0.648
9940000,67,-822.27,5678.67,65.7908,0.679
9960000,59,-725.926,5663.72,56.8782,0.634
9980000,74,-905.789,5669.18,105.407,0.677
10000000,72,-865.072,5680.39,84.752,0.671
10020000,61,-744.41,5679.65,45.4637,0.658
10040000,55,-675.777,5663.3,54.576,0.656
10060000,85,-1018.38,5670.91,86.1331,0.671
10080000,78,-931.498,5658.93,71.5099,0.656
10100000,54,-671.125,5662.67,45.9751,0.678
10120000,41,-525.759,5661.42,40.927,0.653
10140000,56,-707.209,5668.11,54.2365,0.648
10160000,63,-773.388,5665.74,62.121,0.681
10180000,57,-723.698,5658.45,47.9725,0.637
10200000,71,-856.5,5663.6,65.6795,0.694
10220000,55,-682.601,5633.21,71.6882,0.662
10240000,57,-699.732,5654.55,50.965,0.648
10260000,48,-619.901,5653.19,49.8364,0.651
10280000,63,-779.662,5648.24,74.1691,0.671
10300000,63,-791.143,5670.75,59.1296,0.688
10320000,66,-823.253,5651.46,75.8981,0.669
10340000,60,-741.601,5674.16,63.8626,0.659
10360000,71,-864.1,5657.41,82.6727,0.645
10380000,59,-749.893,5660.73,59.3352,0.673
10400000,47,-601.571,5652.81,42.9619,0.652
10420000,51,-634.454,5651.4,61.8334,0.634
10440000,62,-755.516,5639.81,63.1691,0.671
10460000,55,-684.885,5652.82,49.8378,0.624
10480000,52,-661.123,5647.7,49.8116,0.668
10500000,49,-618.358,5656.67,53.9886,0.651
10520000,47,-587.429,5644.55,35.1578,0.648
10540000,54,-660.504,5630.96,71.1921,0.627
10560000,55,-686.522,5632.96,45.8952,0.672
10580000,59,-718.303,5652.58,54.5444,0.711
10600000,69,-859.163,5658.62,66.2617,0.638
10620000,67,-828.988,5680.36,68.5381,0.659
10640000,79,-959.963,5669.1,59.3606,0.647
10660000,66,-789.095,5678.28,63.5574,0.695
10680000,64,-798.214,5675.09,70.3351,0.703
10700000,58,-741.727,5628.96,57.7387,0.653
10720000,45,-588.058,5649.38,45.1424,0.634
10740000,57,-711.25,5646.16,51.6196,0.664
10760000,66,-809.741,5639.57,65.4137,0.663
10780000,51,-649.91,5658.45,41.8508,0.659
10800000,44,-551.066,5651.75,33.9284,0.623
10820000,45,-560.639,5634.71,52.3722,0.659
10840000,49,-614.154,5640.63,57.8111,0.678
10860000,60,-757.933,5638.95,64.734,0.673
10880000,59,-723.683,5629.08,60.6654,0.683
10900000,53,-657.446,5649.11,61.451,0.672
10920000,47,-602.234,5658.95,46.6922,0.665
10940000,35,-477.028,5666.65,33.0858,0.629
10960000,60,-742.358,5659.8,63.1436,0.661
10980000,68,-820.792,5655.01,63.7965,0.645
11000000,53,-695.531,5647.81,62.4123,0.677
11020000,38,-494.918,5655.96,33.5227,0.633
11040000,63,-782.988,5653.88,54.322,0.675
11060000,68,-852.574,5651.78,80.3603,0.671
11080000,61,-769.773,5652.57,54.9374,0.664
11100000,41,-530.218,5648.05,36.7807,0.64
11120000,42,-531.282,5651.74,47.4874,0.665
11140000,54,-675.663,5661.88,58.9834,0.649286
11160000,55,-692.74,5642.5,49.2523,0.662
11180000,49,-626.152,5652.97,49.5779,0.642
11200000,43,-543.033,5650.74,49.1227,0.637
11220000,46,-567.979,5634.8,44.2356,0.646
11240000,51,-626.374,5651.54,56.5661,0.669
11260000,48,-592.965,5634.99,50.1618,0.643
11280000,70,-857.627,5672.24,76.9942,0.659
11300000,58,-711.682,5649.82,59.3611,0.655
11320000,45,-565.138,5640.25,53.463,0.652
11340000,42,-533.286,5645.55,49.8486,0.681
11360000,42,-530.816,5648.97,43.9523,0.635
11380000,41,-523.02,5635.93,47.1367,0.645
11400000,58,-707.653,5637.77,51.7341,0.684
11420000,61,-741.333,5642.75,76.8827,0.681
11440000,59,-731.41,5652.85,70.6542,0.663
11460000,51,-631.619,5656.82,56.5979,0.646
11480000,51,-636.854,5657.54,48.6398,0.652
11500000,46,-578.471,5654.01,40.8968,0.663
11520000,40,-523.071,5653.52,52.7894,0.647
11540000,54,-701.332,5641.46,67.8468,0.654
11560000,37,-485.857,5657.39,37.3086,0.663
11580000,47,-600.942,5643.77,42.2693,0.647
11600000,42,-532.837,5653.96,51.0808,0.638
11620000,49,-618.155,5654.27,41.9829,0.662
11640000,70,-862.535,5660.94,74.3055,0.675
11660000,55,-682.653,5659.33,55.6793,0.679
11680000,60,-733.957,5646.33,65.6082,0.673
11700000,53,-651.901,5655.72,50.7625,0.659
11720000,55,-681.164,5653.17,48.6723,0.678
11740000,50,-619.277,5630.43,42.2031,0.69
11760000,57,-694.427,5651.41,60.9493,0.657
11780000,64,-787.337,5651.97,57.7821,0.678741
11800000,75,-906.991,5641.91,75.4142,0.681
11820000,69,-852.69,5650.72,74.0808,0.699
11840000,69,-874.875,5650.7,69.1485,0.689
11860000,73,-904.307,5661.01,84.5979,0.684
11880000,80,-967.135,5652.87,73.3196,0.661
11900000,97,-1148.52,5666.72,90.5724,0.662
11920000,62,-765.271,5665.26,59.9099,0.662
11940000,66,-804.898,5675.53,59.9552,0.666
11960000,65,-793.689,5671.03,67.546,0.676
11980000,59,-721.999,5671.67,60.2879,0.667
12000000,76,-913.491,5648.05,81.3819,0.671
12020000,90,-1075.84,5628.93,89.7193,0.675824
12040000,86,-1030.53,5660.06,92.2677,0.684
12060000,74,-884.605,5652.69,74.4719,0.671
12080000,59,-726.192,5645.62,77.1025,0.681
12100000,53,-656.459,5660.78,56.7171,0.651
12120000,56,-704.078,5646.24,63.2254,0.654
12140000,76,-925.529,5655.82,70.9353,0.674
12160000,73,-880.011,5656,88.4194,0.668
12180000,76,-913.04,5676.51,68.0112,0.663
12200000,67,-826.429,5633.96,81.3415,0.674
12220000,43,-547.501,5644.13,49.7393,0.609
12240000,55,-695.43,5671.52,56.8836,0.6586
12260000,55,-678.263,5670.07,49.5631,0.665
12280000,64,-792.397,5675.9,64.5263,0.6535
12300000,47,-601.824,5663.45,41.6127,0.67
12320000,51,-636.947,5661.92,56.5669,0.676
12340000,61,-743.417,5649.77,62.4352,0.662
12360000,65,-802.862,5627.58,78.773,0.655
12380000,49,-625.733,5654.01,58.7225,0.662
12400000,61,-760.828,5659.07,47.4313,0.645
12420000,40,-532.924,5639.22,39.1287,0.629
12440000,54,-697.634,5642.27,44.4319,0.67
12460000,46,-595.61,5655.75,46.4903,0.68
12480000,46,-593.791,5642.32,35.7627,0.665
12500000,54,-670.163,5671.56,53.3519,0.664
12520000,56,-711.865,5658.21,56.4818,0.65
12540000,56,-696.385,5661.36,51.7435,0.676
12560000,52,-661.48,5648.05,56.7781,0.671
12580000,75,-916.515,5684.63,67.4791,0.666727
12600000,83,-1026.15,5641.31,84.9204,0.681
12620000,84,-1019.62,5653.63,88.4205,0.67
12640000,69,-841.957,5658.88,78.9727,0.676
12660000,56,-711.847,5660.24,48.076,0.657
12680000,52,-662.476,5644.74,56.782,0.644
12700000,53,-654.797,5649.34,57.5848,0.657
12720000,86,-1027,5665.28,90.0163,0.678
12740000,79,-951.343,5677.85,84.203,0.691
12760000,68,-857.645,5645.71,72.1354,0.7
12780000,58,-726.466,5641.65,50.4747,0.666
12800000,48,-620.407,5649.14,50.3918,0.669
12820000,50,-631.873,5638.99,48.8712,0.674
12840000,55,-701.95,5658.74,58.4727,0.661
12860000,71,-859.604,5636.84,77.15,0.698
12880000,79,-944.401,5684.15,87.99,0.665565
12900000,97,-1144.64,5671.17,114.63,0.686
12920000,60,-730.938,5657.54,54.7932,0.658
12940000,58,-727.718,5665.29,65.3832,0.647
12960000,59,-722.035,5670.46,73.6942,0.657
12980000,56,-686.749,5642.32,51.4106,0.682
13000000,64,-811.345,5687.41,71.9732,0.662367
13020000,70,-854.734,5683.81,76.34,0.679
13040000,88,-1048.7,5678.08,87.3681,0.659
13060000,85,-1003.03,5671.05,101.958,0.664
13080000,86,-1034.17,5666.26,93.9323,0.669
13100000,77,-927.702,5672.67,75.0939,0.655
13120000,87,-1027.17,5688.26,96.5845,0.689
13140000,85,-1041.78,5669.48,81.9757,0.662
13160000,63,-768.887,5681.95,70.8758,0.642
13180000,66,-810.431,5687.49,73.3712,0.659
13200000,60,-745.835,5678.23,65.852,0.638
13220000,76,-938.141,5702.12,68.2086,0.671
13240000,84,-1034.96,5691.99,75.1921,0.662
13260000,67,-836.299,5690.11,76.7938,0.642
13280000,75,-942.201,5672.94,79.6749,0.66
13300000,74,-907.644,5692.74,74.4367,0.661
13320000,78,-957.679,5680.09,78.3653,0.6572
13340000,78,-946.452,5671.85,96.2634,0.657
13360000,54,-699.393,5668.49,46.0013,0.662
13380000,60,-748.324,5647.13,70.4702,0.663
13400000,59,-745.979,5678.5,53.3312,0.664
13420000,70,-849.205,5661.58,73.0618,0.667
13440000,70,-859.454,5648.72,67.3423,0.69
13460000,65,-796.499,5659.59,71.8561,0.662
13480000,64,-787.849,5646.82,57.2234,0.687
13500000,63,-781.406,5637.76,57.149,0.674
13520000,60,-749.862,5650.02,72.5834,0.653
13540000,54,-677.449,5657.17,52.2295,0.655
13560000,51,-630.946,5655.49,57.2333,0.669
13580000,70,-857.453,5665.16,76.6795,0.675
13600000,74,-883.688,5656.96,77.8158,0.667
13620000,56,-694.35,5665.78,80.6312,0.658
13640000,63,-791.153,5661.41,75.0216,0.657
13660000,89,-1082.47,5667.38,115.418,0.688
13680000,93,-1113.13,5685.59,84.7634,0.676
13700000,113,-1351.59,5688.1,100.783,0.669
13720000,111,-1356.59,5701.32,101.982,0.653
13740000,98,-1163.35,5681.22,89.3208,0.678
13760000,97,-1157.85,5661.66,102.852,0.669
13780000,107,-1282.04,5693.27,118.983,0.67
13800000,98,-1168.23,5668.39,100.706,0.654
13820000,96,-1147.05,5671.88,96.6459,0.674
13840000,69,-861.384,5647.84,79.3361,0.662
13860000,73,-896.604,5659.3,62.2088,0.685
13880000,91,-1094.37,5677.73,97.0173,0.683
13900000,87,-1044.84,5679.87,68.3756,0.675
13920000,103,-1242.37,5681.39,106.534,0.684
13940000,98,-1192.96,5677.45,96.3977,0.689
13960000,78,-950.078,5675.34,75.3327,0.683
13980000,93,-1127.16,5678.24,86.1197,0.679
14000000,87,-1043.04,5658.31,92.9682,0.66
14020000,66,-824.323,5662.78,75.0259,0.677
14040000,75,-931.91,5672.88,89.9115,0.674
14060000,68,-836.507,5674.79,69.5514,0.682
14080000,83,-1017.61,5676.08,87.2578,0.681
14100000,95,-1133.64,5685.04,87.4964,0.672
14120000,82,-984.089,5670.65,73.4488,0.671
14140000,67,-817.991,5679.47,72.2296,0.673
14160000,76,-934.707,5659.96,68.0067,0.676
14180000,69,-841.66,5659.12,74.1611,0.665
14200000,55,-695.88,5671.09,54.2165,0.653
14220000,50,-644.418,5678.38,51.8028,0.625
14240000,53,-667.259,5660.37,47.8903,0.67225
14260000,73,-897.597,5673.59,67.5319,0.67
14280000,95,-1175.75,5674.34,111.751,0.688
14300000,94,-1107.92,5675.71,105.564,0.709
14320000,90,-1066.3,5666.89,82.2247,0.688
14340000,72,-862.286,5685.18,82.9487,0.662
14360000,65,-790.645,5686.28,76.1036,0.656
14380000,52,-670.927,5669.07,54.1324,0.643
14400000,50,-618.817,5665.58,51.4218,0.674
14420000,75,-918.201,5681.52,78.7405,0.684
14440000,71,-859.769,5665.24,68.755,0.6752
14460000,65,-789.988,5651.33,49.9708,0.67
14480000,55,-693.407,5665.96,49.6529,0.652
14500000,56,-706.616,5651.37,48.2435,0.667
14520000,52,-648.614,5657.53,57.5388,0.649
14540000,48,-599.752,5669.1,73.0165,0.662
14560000,51,-644.915,5664.03,48.1643,0.644
14580000,60,-750.071,5672.37,58.1148,0.667
14600000,69,-848.919,5673.85,61.873,0.638
14620000,90,-1086.86,5683.01,98.6638,0.684
14640000,92,-1122.71,5666.27,86.3229,0.668
14660000,86,-1040.69,5678.87,78.8781,0.695
14680000,99,-1194.01,5688.66,103.103,0.681
14700000,82,-998.195,5668.4,86.2309,0.678
14720000,102,-1219.5,5671.53,95.3484,0.66
14740000,85,-1039.77,5692.24,84.1645,0.664
14760000,95,-1144.2,5692.77,83.8279,0.66
14780000,81,-977.907,5677.47,87.1843,0.673
14800000,60,-745.094,5678.57,59.5658,0.662
14820000,44,-565.168,5661.29,56.7661,0.652
14840000,60,-748.736,5667.25,60.9622,0.645
14860000,60,-749.743,5671.62,51.2145,0.637
14880000,68,-847.522,5684.33,58.668,0.683
14900000,49,-620.488,5675.43,41.091,0.635
14920000,84,-996.406,5662.58,94.5138,0.667
14940000,72,-878.563,5660.96,72.0164,0.657
14960000,76,-916.221,5680.38,66.6425,0.66
14980000,80,-967.698,5660.64,77.2518,0.652
15000000,81,-996.874,5681.58,78.0929,0.672
15020000,51,-641.974,5659,44.6046,0.637
15040000,47,-602.626,5651.12,47.1238,0.676
15060000,55,-698.235,5666.73,51.9809,0.682
15080000,62,-762.19,5664.47,69.3819,0.664
15100000,53,-663.52,5660.37,56.8012,0.661
15120000,58,-724.112,5676.86,58.7525,0.664
15140000,52,-659.969,5660.28,43.325,0.654
15160000,66,-809.744,5647,72.2243,0.677
15180000,84,-1025.87,5662.19,71.0332,0.688
15200000,63,-777.234,5662.62,81.0883,0.656
15220000,72,-890.003,5661.37,67.3808,0.649
15240000,84,-1019.58,5635.85,90.9958,0.682
15260000,68,-847.354,5647.76,61.6085,0.682
15280000,62,-757.029,5657.86,59.5295,0.65
15300000,51,-651.22,5654.3,59.1654,0.689
15320000,66,-807.029,5653.96,57.7712,0.677
15340000,58,-709.078,5650.19,59.4367,0.683
15360000,56,-693.274,5655.2,47.2777,0.663
15380000,75,-918.759,5664.4,69.4876,0.685
15400000,63,-781.594,5658.06,59.6893,0.681
15420000,73,-872.136,5661.34,64.2148,0.666
15440000,56,-684.582,5662.47,46.7945,0.673
15460000,67,-828.957,5658.67,67.5304,0.706
15480000,86,-1035.13,5657.29,91.4562,0.693
15500000,98,-1158.1,5666,97.7926,0.677
15520000,83,-1004.82,5662.29,75.9934,0.643
15540000,85,-1012.93,5670.81,77.6386,0.655
15560000,79,-948.552,5677.67,71.9992,0.669
15580000,79,-961.718,5674.83,78.7889,0.675
15600000,64,-789.227,5675.26,59.8299,0.649
15620000,56,-705.024,5665.92,45.7756,0.663
15640000,41,-523.681,5661.12,32.1024,0.658
15660000,73,-895.071,5660.78,76.914,0.683
15680000,98,-1197.75,5659.59,97.518,0.679667
15700000,86,-1066.54,5662.16,84.0213,0.675
15720000,80,-959.643,5685.67,81.3064,0.687
15740000,56,-689.007,5652.75,44.8039,0.665
15760000,58,-712.133,5661.73,56.7627,0.662
15780000,49,-629.676,5653.61,52.4709,0.668
15800000,54,-681.933,5668.37,52.0662,0.63
15820000,48,-604.347,5671.01,66.4554,0.647
15840000,63,-780.234,5669.28,60.6703,0.659
15860000,50,-629.514,5654.61,45.2795,0.674
15880000,73,-877.285,5669.6,77.2163,0.682
15900000,69,-839.208,5660.44,80.5933,0.655
15920000,66,-827.13,5653.98,56.3077,0.668
15940000,69,-842.022,5663.67,74.7857,0.653
15960000,85,-1043.71,5650.4,80.4974,0.665
15980000,90,-1110.24,5659.58,101.457,0.683
16000000,80,-990.728,5660.33,76.0225,0.662
16020000,75,-923.82,5668.93,87.1861,0.675
16040000,63,-794.201,5662.87,66.5332,0.659
16060000,71,-872.593,5658.06,65.5578,0.674
16080000,61,-771.853,5650.94,62.8477,0.671
16100000,56,-711.522,5657.24,57.7203,0.637
16120000,57,-719.339,5668.67,60.1601,0.654
16140000,73,-910.457,5662.07,71.786,0.661
16160000,53,-666.502,5671.91,39.9364,0.664
16180000,53,-671.694,5665.02,45.1337,0.66
16200000,63,-791.666,5653.54,66.6593,0.669
16220000,62,-778.415,5656.19,68.5262,0.651
16240000,71,-867.865,5671.04,58.1151,0.678
16260000,77,-939.933,5667.08,78.6591,0.649
16280000,88,-1046.71,5669.57,92.447,0.686
16300000,92,-1111.33,5687.83,98.431,0.674
16320000,76,-948.835,5661.09,71.9088,0.699
16340000,78,-943.373,5657.67,72.6385,0.667
16360000,84,-1050.95,5680.4,86.9948,0.663
16380000,70,-864.65,5667.86,59.8113,0.673
16400000,59,-717.336,5662.41,66.1563,0.654
16420000,69,-847.271,5669.21,75.6087,0.654
16440000,75,-921.841,5658.43,77.1045,0.691
16460000,92,-1105.33,5655.52,101.439,0.677
16480000,72,-874.186,5651.81,83.2644,0.641
16500000,81,-981.2,5662.82,111.215,0.662
16520000,76,-925.569,5650.87,91.8672,0.667
16540000,75,-872.13,5655.04,92.3156,0.684
16560000,69,-832.893,5653.45,65.796,0.683
16580000,55,-686.244,5650.94,57.4349,0.652
16600000,70,-846.733,5650.05,66.7372,0.667
16620000,81,-989.121,5656.64,78.7025,0.661
16640000,70,-840.804,5660.92,84.8179,0.663
16660000,66,-810.001,5650.63,73.6863,0.68
16680000,54,-663.042,5648.95,56.5357,0.675
16700000,67,-809.893,5661.82,72.2946,0.673
16720000,34,-437.162,5642.28,38.8078,0.629
16740000,49,-615.879,5639.91,56.0524,0.669
16760000,60,-728.199,5656.85,66.8997,0.667
16780000,73,-893.712,5644.05,67.3264,0.705
16800000,55,-697.5,5660.57,67.183,0.68
16820000,81,-968.495,5660.81,74.0644,0.664
16840000,48,-610.481,5644.83,64.4153,0.635
16860000,49,-603.512,5648.94,55.8352,0.624
16880000,38,-485.228,5637.2,19.5375,0.664
16900000,30,-395.09,5640.94,31.0083,0.655
16920000,41,-550.272,5665.96,37.6283,0.646
16940000,59,-723.192,5658.49,50.3883,0.657
16960000,48,-607.936,5661.51,48.7309,0.65
16980000,50,-627.158,5651.32,56.3074,0.666
17000000,54,-669.284,5645.52,61.1279,0.648
17020000,90,-1078.58,5665.61,90.2305,0.67317
17040000,45,-571.261,5639.25,46.0799,0.671
17060000,55,-685.294,5659.74,50.0216,0.648
17080000,54,-685.904,5663.76,54.8817,0.661
17100000,53,-677.412,5675.58,41.101,0.664
17120000,62,-770.204,5680.31,65.0968,0.67
17140000,71,-893.349,5655.97,66.3534,0.674
17160000,94,-1138.98,5678.92,80.4838,0.689
17180000,66,-811.397,5656.97,66.291,0.642
17200000,53,-684.572,5667.79,49.5819,0.673
17220000,64,-782.033,5655.56,48.875,0.68
17240000,45,-571.955,5643.5,31.1171,0.652
17260000,46,-595.941,5665.73,54.3495,0.639
17280000,75,-913.332,5669.82,64.4624,0.68
17300000,79,-932.864,5665.18,87.449,0.669
17320000,64,-788.319,5660.71,63.0606,0.652
17340000,60,-753.901,5658.75,59.6245,0.665
17360000,47,-603.333,5658.54,37.1142,0.614
17380000,58,-722.994,5667.98,57.6374,0.632
17400000,57,-717.423,5662.12,65.4457,0.656
17420000,57,-710.574,5653.16,49.1067,0.649
17440000,58,-735.525,5657.15,46.9797,0.662
17460000,68,-825.615,5682.22,72.2865,0.665143
17480000,61,-764.96,5682.1,55.9843,0.648
17500000,53,-673.376,5680.16,57.0579,0.689
17520000,79,-950.752,5660.49,67.3756,0.685
17540000,72,-886.439,5665.59,77.7791,0.653333
17560000,68,-830.549,5657.83,50.1246,0.665
17580000,56,-696.693,5658.5,51.6356,0.6588
17600000,59,-741.534,5665.32,46.1377,0.674
17620000,74,-890.309,5652.66,63.3975,0.692
17640000,62,-746.099,5619.03,66.64,0.659
17660000,75,-909.942,5664.02,85.8212,0.644
17680000,80,-968.848,5657.16,79.5001,0.678
17700000,80,-944.661,5664.15,72.6565,0.676
17720000,58,-708.876,5655.56,53.607,0.647
17740000,65,-802.894,5665.29,74.5883,0.693
17760000,61,-749.111,5652.41,83.6863,0.635
17780000,89,-1081.41,5660.11,89.7325,0.646
17800000,79,-958.34,5644.82,71.5598,0.667
17820000,72,-879.144,5683.95,72.0816,0.657
17840000,81,-991.611,5690.89,103.228,0.671
17860000,78,-947.781,5680.94,78.2968,0.671
17880000,67,-851.876,5676.46,75.0549,0.687
17900000,57,-724.441,5673.71,48.3669,0.67
17920000,55,-683.955,5672.85,45.5414,0.607
17940000,56,-692.606,5673.88,43.529,0.647
17960000,90,-1107.87,5679.28,74.5624,0.673
17980000,70,-862.09,5657.49,50.6704,0.666
18000000,80,-970.384,5664.66,72.4149,0.668
18020000,74,-905.108,5655.04,74.7408,0.667
18040000,61,-744.471,5648.48,73.2752,0.638
18060000,59,-737.644,5667.22,57.7979,0.651
18080000,50,-632.96,5653.34,59.1366,0.668
18100000,76,-940.396,5668.36,70.421,0.691
18120000,59,-733.621,5657.26,62.2373,0.641
18140000,75,-906.768,5660.17,73.0618,0.68
18160000,40,-497.395,5644.86,33.8104,0.625
18180000,46,-574.533,5645.54,56.4172,0.659
18200000,54,-678.358,5641.07,58.2703,0.687
18220000,62,-767.755,5681.83,62.6732,0.642
18240000,67,-813.193,5660.71,76.4917,0.67
18260000,45,-564.795,5668.28,45.2328,0.637
18280000,57,-705.579,5639.71,51.7721,0.681
18300000,64,-771.096,5638.69,69.5395,0.711
18320000,68,-842.629,5649.07,67.3453,0.664
18340000,70,-868.099,5662.2,66.2647,0.671
18360000,91,-1095.55,5666.62,93.6967,0.681
18380000,75,-938.441,5657.74,87.1326,0.664
18400000,54,-679.14,5659.87,56.3421,0.639
18420000,39,-505.225,5655.79,37.5814,0.682
18440000,49,-613.074,5648.12,48.5592,0.658
18460000,79,-959.938,5676.01,79.0826,0.669
18480000,69,-864.638,5667.62,63.8848,0.682
18500000,73,-925.8,5667.74,70.6879,0.648
18520000,75,-910.031,5664.93,68.5155,0.684
18540000,73,-902.683,5665.36,82.3019,0.657
18560000,60,-749.581,5667.92,50.2636,0.635
18580000,59,-733.516,5683.74,53.5896,0.683
18600000,57,-717.781,5681.46,40.9249,0.666
18620000,82,-980.42,5687.85,80.3698,0.685
18640000,67,-816.059,5678.84,69.5365,0.643
18660000,85,-1020.56,5684.54,75.7043,0.663
18680000,74,-914.605,5685.28,82.7414,0.668
18700000,74,-901.539,5675.27,78.2663,0.673
18720000,73,-901.438,5683.11,73.7639,0.67
18740000,70,-883.048,5688.01,79.5471,0.65
18760000,70,-869.033,5686.07,69.1069,0.656
18780000,79,-955.478,5703.37,73.4384,0.663
18800000,78,-969.258,5691.16,61.9189,0.647
18820000,62,-781.765,5675.95,55.5068,0.681
18840000,52,-669.541,5659.55,52.2977,0.665
18860000,65,-805.338,5668.65,51.946,0.694
18880000,62,-772.465,5673.7,58.2493,0.67
18900000,62,-777.614,5682.27,52.4259,0.664
18920000,66,-804.78,5661.54,71.2946,0.654
18940000,78,-961.741,5649.67,82.3431,0.679
18960000,62,-761.723,5681.61,61.7257,0.672
18980000,54,-678.566,5673.43,50.9093,0.63
19000000,66,-822.069,5670.07,66.622,0.647
19020000,68,-830.325,5673.81,84.2479,0.683
19040000,49,-627.178,5652.21,51.835,0.665
19060000,47,-595.09,5669.86,45.1364,0.646
19080000,46,-591.703,5660.76,48.0876,0.652
19100000,62,-785.237,5646.5,51.3363,0.69
19120000,45,-585.062,5647.33,44.557,0.671
19140000,52,-653.315,5660.73,56.9111,0.645
19160000,53,-664.992,5647.7,47.711,0.661
19180000,68,-834.081,5685.38,78.6633,0.687
19200000,66,-811.417,5671.85,79.9404,0.628
19220000,59,-728.749,5659.5,63.6434,0.656
19240000,80,-961.366,5691.3,98.3681,0.676
19260000,44,-566.962,5647.55,30.9524,0.671
19280000,55,-699.672,5651.82,53.5896,0.655
19300000,46,-580.78,5636.62,48.4838,0.664
19320000,49,-614.219,5637.53,50.7449,0.669
19340000,51,-654.859,5654.78,71.7977,0.661
19360000,58,-711.896,5664.1,58.6456,0.656
19380000,55,-689.81,5626.01,44.1567,0.656
19400000,61,-741.176,5650.25,70.216,0.651
19420000,58,-725.613,5638.71,66.431,0.67
19440000,51,-647.874,5656.48,46.6814,0.626
19460000,60,-743.422,5663.84,57.1069,0.666
19480000,92,-1103.6,5661.46,94.3111,0.683
19500000,51,-618.45,5629.25,44.7202,0.641
19520000,39,-500.497,5635.6,37.6823,0.658
19540000,45,-570.332,5643.2,57.7347,0.648
19560000,48,-613.021,5649.53,42.3486,0.642
19580000,43,-545.824,5652.42,35.9786,0.659
19600000,48,-617.909,5674.26,50.5728,0.636
19620000,65,-799.37,5665.44,67.6038,0.673
19640000,76,-915.105,5668.9,71.7083,0.697
19660000,63,-783.328,5664.22,59.1759,0.651
19680000,59,-731.446,5678.36,61.8904,0.661
19700000,48,-629.357,5663.43,46.6853,0.64
19720000,49,-632.403,5674.55,49.7954,0.673
19740000,50,-641.274,5675.28,42.4867,0.65
19760000,39,-530.304,5674.45,36.2841,0.637
19780000,56,-719.977,5683.2,60.0672,0.686
19800000,45,-601.91,5669.77,38.8903,0.642
19820000,57,-728.907,5664.23,54.3015,0.666
19840000,67,-825.244,5661.14,62.3322,0.664
19860000,72,-886.312,5657.86,75.7835,0.684
19880000,79,-963.713,5669.74,80.4388,0.656
19900000,78,-965.959,5657.69,72.6628,0.667
19920000,96,-1153.1,5655.74,85.1561,0.676
19940000,95,-1168.09,5680.16,102.371,0.673
19960000,88,-1057.2,5657.42,88.4396,0.652
19980000,65,-810.692,5646.8,55.462,0.672
20000000,75,-902.203,5636.68,82.1428,0.707
20020000,67,-816.226,5632.03,68.0186,0.668833
20040000,52,-647.882,5648.88,48.1131,0.657
20060000,70,-863.095,5646.95,70.0977,0.669
20080000,70,-842.092,5663.13,81.6443,0.672
20100000,84,-1009.93,5646.3,79.4291,0.688
20120000,68,-825.199,5660.47,70.8543,0.67
20140000,61,-757.42,5676.3,71.444,0.669
20160000,64,-792.846,5669.18,64.1867,0.648
20180000,60,-747.96,5674.84,50.0572,0.672
20200000,80,-977.638,5676.2,76.4467,0.674
20220000,52,-653.644,5657.41,65.5313,0.659
20240000,63,-777.388,5645.16,76.0801,0.661
20260000,57,-708.757,5661.37,54.4281,0.654
20280000,68,-845.145,5652.74,59.3464,0.697
20300000,69,-855.696,5670.77,68.7886,0.664
20320000,78,-932.268,5671.47,84.2147,0.654
20340000,72,-883.023,5655.16,67.8664,0.666
20360000,79,-964.844,5691.58,82.1933,0.661
20380000,73,-895.649,5684.35,73.6159,0.684
20400000,73,-902.971,5673.88,75.2933,0.674
20420000,57,-717.892,5664.85,65.2006,0.681
20440000,48,-613.409,5646.41,59.4089,0.687
20460000,52,-658.725,5654.22,50.0302,0.662
20480000,48,-608.053,5673.58,35.5948,0.611
20500000,57,-702.654,5675.32,57.5323,0.6735
20520000,63,-800.669,5651.32,75.4395,0.65
20540000,101,-1205.45,5671.21,97.3214,0.689
20560000,90,-1088.41,5665.05,97.0506,0.6744
20580000,58,-726.723,5660.48,50.2983,0.636
20600000,68,-832.132,5677.21,75.4903,0.674
20620000,79,-959.913,5664.07,71.1113,0.696
20640000,65,-819.519,5661.77,65.4925,0.666
20660000,52,-657.714,5641.35,54.2992,0.644
20680000,57,-714.472,5650.4,56.8332,0.678
20700000,48,-602.032,5644.44,52.1653,0.671
20720000,54,-662.44,5649.72,39.5167,0.677
20740000,41,-523.758,5637.88,41.671,0.661
20760000,45,-546.019,5629.36,34.0916,0.695
20780000,49,-612.358,5643.04,53.0276,0.66
20800000,64,-778.96,5635.06,76.6314,0.658
20820000,68,-817.44,5658.12,66.1374,0.654
20840000,54,-668.455,5649.19,63.8123,0.67
20860000,41,-515.93,5636.5,48.9584,0.652
20880000,54,-670.085,5628.97,51.278,0.661
20900000,50,-621.929,5649.32,45.74,0.627
20920000,65,-794.951,5654.9,67.0733,0.658
20940000,74,-888.662,5634.47,71.8571,0.702
20960000,57,-711.32,5643.02,50.2242,0.672
20980000,51,-631.676,5643.22,48.3779,0.689
21000000,57,-701.402,5631.14,58.8891,0.666
21020000,63,-760.126,5645.49,68.6812,0.702
21040000,68,-837.981,5662.04,61.4791,0.667
21060000,55,-676.648,5658.37,51.246,0.655
21080000,64,-792.26,5656.46,51.608,0.683
21100000,62,-763.124,5659.14,79.7575,0.658
21120000,45,-580.665,5662.3,46.7761,0.651
21140000,46,-600.165,5670,49.0161,0.671
21160000,49,-635.059,5651.17,52.2992,0.63
21180000,59,-736.791,5658.16,66.9617,0.648
21200000,56,-705.134,5659.56,59.9754,0.694
21220000,61,-773.585,5661.67,67.9738,0.625
21240000,58,-730.864,5638.42,52.5926,0.639
21260000,77,-917.576,5646.21,65.996,0.674
21280000,56,-713.078,5678.02,57.9832,0.662
21300000,83,-1011.1,5628.29,85.6803,0.696
21320000,79,-971.239,5660.84,82.4956,0.691
21340000,72,-883.666,5655.35,81.0251,0.69
21360000,63,-776.579,5640.24,60.363,0.703
21380000,64,-786.194,5655.33,62.4301,0.657
21400000,59,-725.921,5653.72,44.2835,0.703
21420000,63,-784.458,5670.95,62.2926,0.665
21440000,84,-994.255,5668.68,85.517,0.678
21460000,75,-920.767,5674.04,58.9365,0.632
21480000,65,-812.447,5673.21,64.8805,0.679
21500000,55,-704.376,5669.57,66.2694,0.663
21520000,55,-687.717,5661.71,56.4423,0.63
21540000,72,-876.353,5652.9,90.6564,0.658
21560000,75,-929.294,5667.13,75.0182,0.679
21580000,55,-675.367,5668.21,51.9109,0.667
21600000,63,-768.409,5654.91,61.6591,0.638
21620000,57,-706.182,5657.82,54.7238,0.629
21640000,56,-699.115,5668.29,60.8947,0.669
21660000,70,-852.277,5662.03,72.8752,0.654
21680000,69,-853.426,5666.09,78.5333,0.678
21700000,74,-910.202,5661.9,78.6228,0.661
21720000,63,-776.153,5671.01,54.4502,0.653
21740000,71,-858.897,5659.12,60.6096,0.6692
21760000,65,-800.068,5669.91,67.101,0.642
21780000,62,-745.085,5660.07,52.6953,0.677
21800000,71,-850.643,5667.19,68.0542,0.677
21820000,75,-899.383,5661.78,75.5649,0.642
21840000,59,-735.491,5654.5,50.0733,0.681
21860000,50,-620.316,5650.76,45.3682,0.646
21880000,49,-610.885,5651.32,63.7843,0.638
21900000,48,-616.136,5663.91,67.3394,0.647
21920000,46,-598.854,5668.07,59.0043,0.653
21940000,48,-605.211,5661.17,43.5784,0.658
21960000,54,-709.516,5677.21,57.1537,0.66
21980000,57,-727.957,5670.56,46.265,0.659
22000000,56,-702.828,5670.23,60.8276,0.667
22020000,52,-664.488,5677.39,46.7275,0.678
22040000,40,-528.189,5681.42,39.4512,0.631
22060000,61,-781.209,5664.13,66.7591,0.645
22080000,55,-702.39,5653.61,65.8847,0.68
22100000,47,-590.689,5670.09,45.8684,0.621
22120000,58,-711.315,5675.01,70.2551,0.644
22140000,60,-739.463,5665.85,63.2171,0.672
22160000,51,-632.662,5662.52,46.2142,0.665
22180000,55,-700.024,5659.02,57.6764,0.657
22200000,62,-752.318,5657.64,54.6409,0.698
22220000,65,-799.543,5665.29,63.6946,0.674
22240000,66,-823.574,5660.61,77.732,0.686
22260000,59,-754.144,5676.24,52.5018,0.657
22280000,52,-659.894,5668.94,60.8737,0.669
22300000,76,-929.84,5667.28,63.4774,0.68
22320000,67,-810.159,5625.88,69.8501,0.687
22340000,63,-790.437,5651.97,62.4464,0.664
22360000,53,-659.182,5649.55,50.5105,0.65
22380000,58,-701.669,5644.06,47.9693,0.639
22400000,56,-703.602,5655.27,50.8129,0.649
22420000,47,-598.09,5640.38,46.4511,0.6484
22440000,38,-496.622,5655.55,40.0546,0.625
22460000,49,-613.645,5660.36,50.3737,0.64
22480000,49,-623.628,5648.73,53.9969,0.674
22500000,40,-524.674,5651.55,52.6492,0.636
22520000,44,-565.503,5629.26,59.5057,0.639
22540000,68,-814.57,5653.91,54.7838,0.675
22560000,66,-811.694,5646.18,58.3323,0.694
22580000,62,-753.319,5634.82,56.4561,0.674
22600000,90,-1078.35,5660.36,83.382,0.656
22620000,78,-948.887,5669.7,84.474,0.673
22640000,66,-787.962,5645.43,59.9269,0.684
22660000,83,-1019.62,5626.82,98.4767,0.667
22680000,68,-848.085,5660.88,73.5515,0.661667
22700000,79,-957.109,5675.72,75.882,0.681
22720000,75,-921.216,5672.21,73.0041,0.663
22740000,61,-771.372,5662.06,58.8618,0.653
22760000,58,-727.403,5665.21,44.2274,0.653
22780000,86,-1030.81,5666.98,82.3937,0.687
22800000,63,-785.555,5662.4,65.6268,0.662
22820000,72,-888.119,5671.74,66.5487,0.663
22840000,57,-715.292,5659,58.2662,0.637
22860000,54,-686.963,5654,61.273,0.671
22880000,62,-760.771,5669.44,70.5498,0.658
22900000,75,-917.999,5685.58,68.3908,0.64
22920000,76,-933.834,5701.01,65.1958,0.656
22940000,77,-931.134,5675.6,72.2731,0.633
22960000,59,-729.542,5691.04,57.6885,0.667
22980000,88,-1084.22,5696.56,88.2488,0.675
23000000,97,-1156.52,5685.23,96.5594,0.637
23020000,82,-1002.22,5676.02,90.7804,0.676
23040000,85,-1027.98,5680.83,89.7701,0.67
23060000,83,-1009.45,5680.27,79.0271,0.668
23080000,79,-950.719,5660.49,78.2878,0.682
23100000,59,-738.67,5667.8,45.6443,0.663
23120000,65,-810.379,5672.92,74.6025,0.67
23140000,68,-835.67,5674.57,65.3495,0.675
23160000,70,-861.412,5666.2,56.2134,0.674
23180000,42,-552.317,5691.24,41.6392,0.651
23200000,51,-652.902,5668.64,47.3171,0.664
23220000,68,-841.237,5656.74,74.5416,0.654
23240000,54,-691.241,5647.98,54.6103,0.642
23260000,69,-875.9,5657.42,58.005,0.67
23280000,42,-551.568,5671.95,36.5899,0.651
23300000,42,-540.874,5646.4,51.95,0.666
23320000,36,-479.792,5628.67,42.5399,0.646
23340000,52,-646.442,5638.98,48.0394,0.668
23360000,44,-575.692,5652.57,44.8254,0.644
23380000,72,-888.111,5642.57,70.8588,0.69
23400000,48,-612.064,5641.65,48.2815,0.662
23420000,50,-634.929,5648.09,43.0647,0.661
23440000,56,-678.601,5659.76,63.4583,0.673
23460000,62,-769.611,5644.49,52.111,0.687
23480000,79,-972.918,5672.53,88.7765,0.683
23500000,66,-841.359,5683.12,60.7331,0.66
23520000,75,-905.624,5662.12,68.4575,0.681
23540000,52,-675.35,5658.38,35.732,0.685
23560000,74,-912.824,5655.59,78.1505,0.696
23580000,77,-933.49,5663.74,58.2152,0.666
23600000,73,-885.529,5672.39,77.5793,0.677333
23620000,63,-775.343,5667.66,63.8513,0.674
23640000,73,-868.008,5666.24,74.2039,0.675
23660000,76,-947.598,5669.14,70.8174,0.671
23680000,80,-958.572,5691.32,94.2555,0.652
23700000,87,-1047.38,5680.14,92.7539,0.641
23720000,69,-838.869,5655.56,80.1916,0.662
23740000,71,-873.177,5672.2,58.3717,0.646
23760000,61,-764.555,5681.11,59.7041,0.655
23780000,74,-918.404,5671.87,59.575,0.659
23800000,67,-811.406,5693.3,59.7179,0.639
23820000,75,-943.808,5684,71.6651,0.658
23840000,45,-566.22,5653.2,39.9202,0.662
23860000,77,-925.122,5657.03,87.5415,0.658625
23880000,87,-1046.9,5655.83,72.6932,0.712
23900000,89,-1082.05,5649.95,89.8534,0.634
23920000,75,-911.504,5644.52,74.717,0.69
23940000,78,-952.38,5676.98,83.4351,0.685
23960000,74,-878.338,5667.28,74.8449,0.648
23980000,68,-831.334,5664.28,66.391,0.665
24000000,58,-733,5662.5,75.5126,0.632
24020000,60,-755.125,5659.48,56.3736,0.657
24040000,106,-1276.55,5674.64,101.019,0.67
24060000,94,-1124.7,5675.16,101.48,0.662
24080000,106,-1253.01,5684.69,108.666,0.668
24100000,80,-961.189,5674.42,100.22,0.684
24120000,59,-728.924,5652.92,60.7744,0.66
24140000,61,-748.035,5642.69,60.6265,0.675
24160000,61,-744.169,5634.78,73.7463,0.667
24180000,74,-902.791,5640.8,78.2232,0.68
24200000,58,-716.921,5671.99,52.8473,0.671
24220000,58,-722.473,5650.99,44.9892,0.695
24240000,48,-620.195,5670.17,53.1968,0.62
24260000,56,-729.592,5660.67,59.8673,0.672
24280000,54,-680.108,5675.26,57.7307,0.658
24300000,61,-764.042,5680.56,52.0479,0.67
24320000,56,-699.787,5671.71,56.9759,0.641
24340000,66,-837.025,5657.36,64.8825,0.675
24360000,62,-770.064,5671.36,67.0428,0.66
