generation,N_shifts,logPrior,logLik,eventRate,acceptRate
0,0,-16.4401,-15212.7,500,1
20000,0,-15.6008,1367.99,0.775879,0.344
40000,0,-15.5907,1368.14,1.66746,0.3
60000,5,-67.9322,1552.49,4.50821,0.528
80000,7,-88.7707,1594.14,1.82831,0.533
100000,12,-147.646,1634,12.1776,0.546471
120000,6,-78.0323,1670.24,11.8352,0.467
140000,6,-79.2153,1701.89,8.2636,0.471
160000,8,-102.415,1675.43,11.4347,0.46
180000,5,-69.4023,1707.56,2.75337,0.495733
200000,6,-81.435,1656.98,7.5903,0.419
220000,9,-117.733,1776.89,7.11624,0.411
240000,16,-187.673,1890.23,19.7689,0.505
260000,8,-99.2709,1746.76,8.57529,0.510167
280000,18,-209.644,1872.6,13.4438,0.468571
300000,14,-171.951,1900.1,21.043,0.464
320000,9,-111.069,1784.65,8.6109,0.51
340000,16,-188.425,1946.23,17.2533,0.482
360000,13,-152.851,1854,23.6398,0.47575
380000,23,-262.772,1957.47,33.5619,0.49375
400000,23,-257.756,1936.36,19.945,0.517333
420000,16,-186.159,1959.69,15.0142,0.493
440000,18,-210.195,1959.79,15.2779,0.514667
460000,18,-211.114,1979.75,14.6513,0.497
480000,14,-168.117,1850.18,19.0826,0.523
500000,20,-234.438,1987.24,17.8152,0.481
520000,15,-176.993,1879.67,16.5197,0.490273
540000,19,-221.838,1936.97,24.2821,0.492
560000,24,-270.265,1983.8,22.1353,0.495
580000,28,-325.949,1984.6,30.5404,0.518889
600000,24,-285.568,1969.17,25.3001,0.504
620000,19,-217.459,1958.33,21.1416,0.512
640000,15,-176.201,1958.89,14.9784,0.435
660000,28,-316.954,2029.16,34.6266,0.511889
680000,24,-278.571,2056.43,20.7331,0.52
700000,18,-213.069,1967.48,14.393,0.4595
720000,28,-311.512,1979.62,32.2716,0.544
740000,29,-343.002,2042.34,35.0511,0.504
760000,22,-247.128,1992.19,22.3791,0.508
780000,23,-265.097,2040.77,21.4091,0.491
800000,17,-202.605,2002.1,17.2562,0.476
820000,21,-239.041,2001.59,30.1712,0.484
840000,20,-237.507,2000.69,17.8745,0.467
860000,21,-246.182,1997.26,19.5564,0.482
880000,31,-358.102,2065.72,35.9188,0.4965
900000,18,-204.817,1951.85,13.6067,0.499
920000,17,-202.787,1944.01,20.8358,0.462
940000,29,-336.249,2087.25,39.4146,0.484
960000,33,-382.548,2031.78,37.348,0.537
980000,23,-266.142,1988.39,23.5266,0.51525
1000000,25,-284.282,2012.6,24.5055,0.508333
1020000,22,-249.489,1984.67,24.2203,0.498
1040000,24,-268.513,2000.64,34.9295,0.501
1060000,24,-267.546,2011.09,32.0918,0.49
1080000,30,-349.507,2088.56,27.0732,0.497
1100000,29,-323.236,2088.64,25.2866,0.481
1120000,30,-335.622,2095,38.8811,0.483
1140000,26,-291.093,1978.97,28.6713,0.525
1160000,23,-261.602,1990.69,17.2351,0.496143
1180000,28,-319.81,2011.7,33.4578,0.522
1200000,30,-337.158,2112.87,31.7662,0.5015
1220000,29,-340.359,2049.21,31.7171,0.492
1240000,20,-224.991,1990.94,25.1182,0.484
1260000,23,-259.479,2005.13,29.0612,0.502316
1280000,28,-328.167,2071.68,25.1091,0.473
1300000,28,-313.426,2087.13,38.6857,0.484
1320000,30,-337.77,2081.92,28.8744,0.481
1340000,27,-329.028,2087.42,27.3957,0.484
1360000,17,-200.713,1983.89,16.6133,0.499
1380000,29,-326.849,2081.57,28.983,0.503
1400000,25,-291.624,2033.17,30.2424,0.495
1420000,26,-292.1,2039.18,23.3916,0.498
1440000,26,-293.448,2081.59,40.7322,0.473
1460000,25,-293.111,2034.31,20.9653,0.455
1480000,26,-302.89,2092.73,25.6796,0.487
1500000,27,-311.219,2073.38,22.1419,0.455
1520000,28,-317.285,2019.2,27.2041,0.502333
1540000,22,-251.02,2033.61,23.6911,0.49775
1560000,25,-284.138,2085.7,25.6704,0.47025
1580000,25,-279.136,2066.78,33.865,0.512143
1600000,29,-323.02,2062.06,33.1005,0.5295
1620000,23,-265.557,2055.5,28.4623,0.462
1640000,26,-291.36,2101.2,24.1006,0.478
1660000,22,-250.02,2056.29,20.0204,0.462
1680000,26,-301.957,2081.06,32.1948,0.49275
1700000,31,-343.551,2109.31,32.3454,0.483
1720000,29,-345.971,2109.68,23.9244,0.498
1740000,31,-368.137,2079.69,33.6064,0.548
1760000,30,-344.957,2098.41,29.6406,0.476
1780000,31,-348.014,2049.4,33.6229,0.494
1800000,31,-361.549,2096.16,33.7945,0.477
1820000,32,-362.169,2066.32,36.6318,0.52
1840000,26,-304.654,2077.1,28.7322,0.487
1860000,37,-414.518,2080.91,42.2077,0.5
1880000,28,-306.307,2095.49,32.6964,0.493143
1900000,26,-299.982,2085.89,33.6054,0.478
1920000,27,-310.436,2066.95,30.4691,0.485
1940000,28,-320.282,2079.51,28.118,0.485
1960000,27,-302.27,2068.02,21.4466,0.487
1980000,27,-306.581,2082.98,21.5474,0.5058
2000000,31,-353.359,2061.27,31.3147,0.522
2020000,37,-420.775,2069.65,31.9688,0.507
2040000,26,-302.209,2086.54,27.3227,0.483
2060000,30,-348.838,2081.43,29.6422,0.527
2080000,26,-299.513,2065.87,21.5176,0.4635
2100000,25,-282.382,2078.26,28.1307,0.46
2120000,25,-279.681,2055.27,30.5098,0.508
2140000,30,-344.016,2068.85,24.4345,0.515
2160000,30,-342.138,2038.13,31.586,0.518
2180000,30,-343.809,2071.79,29.8713,0.495
2200000,29,-332.713,2075,36.4599,0.4985
2220000,36,-402.7,2070.5,36.0815,0.534
2240000,30,-343.104,2086.26,41.7598,0.497
2260000,28,-322.452,2090.74,38.7665,0.498875
2280000,36,-406.526,2089.77,38.6906,0.533
2300000,27,-299.936,2066.05,28.6425,0.486
2320000,32,-359.308,2071.52,25.101,0.528
2340000,30,-335.651,2061.83,34.665,0.498875
2360000,29,-333.914,2109.73,27.8893,0.5
2380000,29,-320.834,2080.87,28.755,0.47225
2400000,33,-377.372,2058.72,31.1751,0.514
2420000,25,-289.858,2057.34,21.3213,0.4715
2440000,26,-294.81,2061.79,20.1732,0.487
2460000,26,-294.213,2102.04,22.2206,0.486
2480000,30,-345.023,2053.46,27.3788,0.515364
2500000,29,-329.304,2069.57,40.2543,0.508167
2520000,31,-363.886,2084.33,26.9123,0.505
2540000,28,-323.469,2082.68,31.7763,0.484286
2560000,30,-341.31,2090.93,30.9479,0.491
2580000,27,-306.869,2093.73,19.7431,0.488
2600000,29,-318.607,2045.07,34.1851,0.479
2620000,28,-316.793,2083.08,25.121,0.505
2640000,26,-288.482,2104.02,33.3561,0.472
2660000,30,-332.688,2075.05,24.1134,0.501
2680000,28,-313.513,2093.26,23.1116,0.461
2700000,29,-328.497,2076.82,27.4972,0.509
2720000,25,-286.546,2071.46,32.1535,0.502364
2740000,26,-304.545,2063.76,34.5885,0.517
2760000,31,-350.398,2079.2,34.7735,0.4876
2780000,27,-306.064,2081.09,25.3305,0.498857
2800000,28,-321.019,2092.21,27.9921,0.475
2820000,27,-306.196,2072.91,22.8477,0.499
2840000,33,-379.957,2090.85,31.0186,0.484
2860000,27,-306.094,2088.55,28.7768,0.516
2880000,32,-365.327,2062.65,32.8452,0.4945
2900000,39,-441.355,2078.38,47.9237,0.506
2920000,26,-302.576,2067.28,26.5793,0.46525
2940000,30,-339.276,2074.82,32.1888,0.496
2960000,32,-360.597,2066.57,32.5312,0.523
2980000,29,-326.835,2077.43,24.2774,0.474
3000000,30,-340.756,2088.5,40.336,0.504
3020000,30,-336.996,2084.58,27.7211,0.476
3040000,33,-377.626,2102.56,30.5571,0.522
3060000,29,-321.921,2087.17,24.0556,0.511333
3080000,30,-340.396,2100.72,19.9559,0.512
3100000,26,-304.635,2105.87,27.324,0.471
3120000,33,-376.521,2129.03,30.8669,0.51
3140000,32,-355.968,2100.07,31.2032,0.473
3160000,31,-358.089,2117.94,34.0162,0.5
3180000,26,-299.457,2101.55,37.1578,0.512
3200000,26,-299.272,2092.2,28.3112,0.449
3220000,31,-349.044,2079.35,39.5138,0.469
3240000,32,-362.973,2126.84,33.9083,0.478
3260000,32,-357.773,2088.79,26.2174,0.486
3280000,29,-337.871,2084.31,30.3579,0.475
3300000,37,-411.205,2128.06,42.7276,0.501
3320000,28,-312.509,2110.94,23.0015,0.456
3340000,31,-342.632,2124.66,31.8969,0.463
3360000,31,-350.655,2081.86,29.1333,0.509
3380000,24,-280.731,2088.83,25.2583,0.450556
3400000,33,-364.547,2107.23,40.4876,0.481
3420000,34,-390.732,2132.74,41.94,0.49975
3440000,29,-324.888,2084.93,30.5137,0.468
3460000,32,-364.166,2086.46,37.2959,0.505
3480000,29,-336.207,2070.33,40.7213,0.476857
3500000,30,-340.992,2088.51,36.9611,0.486
3520000,29,-333.527,2105.89,27.9182,0.499
3540000,26,-289.324,2101.99,27.2793,0.46125
3560000,38,-426.738,2145.41,30.9647,0.519
3580000,30,-342.864,2114.52,28.8479,0.461
3600000,37,-408.642,2100.3,35.8996,0.513611
3620000,27,-308.322,2102.31,30.9313,0.459
3640000,28,-316.501,2090.2,23.0402,0.445
3660000,30,-335.962,2069.77,36.8659,0.490259
3680000,29,-326.02,2108.25,31.6804,0.4765
3700000,34,-379.514,2124.77,34.7775,0.529583
3720000,29,-324.584,2095.97,29.6258,0.465
3740000,25,-287.41,2071.09,28.6071,0.452
3760000,32,-365.393,2080.19,36.6483,0.508
3780000,30,-336.348,2103.35,33.7222,0.489
3800000,35,-394.185,2088.44,26.5607,0.494667
3820000,30,-344.893,2090.16,28.7169,0.48
3840000,28,-320.565,2094.34,36.5299,0.481
3860000,31,-344.868,2094.18,32.0284,0.506
3880000,33,-382.702,2105.72,22.4216,0.500769
3900000,31,-351.526,2107.33,23.2062,0.476
3920000,27,-304.169,2087.93,28.6103,0.474
3940000,28,-316.449,2109.96,23.7506,0.49
3960000,27,-312.379,2124.36,23.8445,0.456
3980000,36,-415.718,2115.77,43.9351,0.526875
4000000,33,-374.481,2127.84,36.1083,0.541
4020000,34,-381.061,2076.6,28.0081,0.5195
4040000,26,-291.907,2091.55,26.4737,0.487333
4060000,27,-312.457,2106.26,37.9574,0.482667
4080000,32,-357.652,2091.06,39.3508,0.518
4100000,33,-368.092,2133.88,26.6462,0.492667
4120000,30,-338.953,2072.52,26.2936,0.49
4140000,28,-316.848,2069.89,29.2971,0.463
4160000,36,-404.441,2094.79,46.0865,0.5064
4180000,30,-346.911,2106.99,44.113,0.483
4200000,24,-279.304,2073.07,14.2994,0.465
4220000,32,-372.101,2104.37,31.9865,0.499
4240000,33,-380.048,2113.51,29.1138,0.4915
4260000,31,-353.276,2093.87,31.8013,0.492
4280000,31,-354.836,2079.44,31.3515,0.507452
4300000,37,-415.521,2100.55,35.6341,0.528
4320000,33,-368.198,2069.9,36.0491,0.51225
4340000,30,-336.834,2089.39,24.1734,0.5
4360000,34,-372.537,2085.13,28.7494,0.5206
4380000,30,-335.451,2078.23,31.2607,0.474
4400000,29,-334.906,2100.07,33.9727,0.482
4420000,29,-332.597,2099.4,27.2796,0.449
4440000,29,-331.02,2110.45,35.053,0.496
4460000,30,-345.086,2091.2,23.7789,0.507
4480000,30,-340.4,2092.67,28.8714,0.515
4500000,29,-328.444,2110.44,19.3022,0.48
4520000,27,-306.376,2104.37,27.5164,0.492
4540000,36,-403.806,2113.61,36.8736,0.518
4560000,37,-414.139,2102.74,41.593,0.518
4580000,27,-308.691,2091.51,24.5771,0.4935
4600000,29,-327.322,2089.96,29.0664,0.472
4620000,31,-357.227,2104.73,35.2191,0.475875
4640000,30,-347.114,2101.3,25.5594,0.505308
4660000,33,-377.084,2118.78,36.3992,0.488
4680000,33,-389.149,2099.43,35.1704,0.532
4700000,26,-298.371,2101.82,25.4633,0.477
4720000,34,-383.102,2113.16,32.7285,0.51028
4740000,35,-398.392,2111.55,34.6952,0.509615
4760000,38,-434.013,2110.06,35.7861,0.522
4780000,32,-362.246,2124.74,30.7597,0.452
4800000,30,-336.367,2131.58,33.8384,0.48375
4820000,28,-316.559,2088.96,17.3612,0.502
4840000,34,-383.042,2093.89,43.2628,0.478
4860000,33,-366.351,2089.75,38.3353,0.485
4880000,27,-306.903,2045.72,22.851,0.49325
4900000,26,-308.242,2078.59,17.9051,0.456
4920000,26,-291.075,2076.6,22.5661,0.494
4940000,31,-351.543,2098.4,24.1511,0.474
4960000,33,-367.644,2101.25,38.0331,0.4985
4980000,29,-321.175,2110.71,32.6829,0.446
5000000,23,-262.551,2084.73,20.2537,0.482714
5020000,28,-311.016,2083.91,18.4933,0.491889
5040000,27,-307.18,2071.29,33.6775,0.47
5060000,31,-356.902,2079.31,41.0425,0.467
5080000,26,-290.06,2104.57,33.1673,0.462333
5100000,34,-383.394,2077.85,34.2624,0.486
5120000,36,-403.959,2100.31,43.036,0.5
5140000,34,-388.109,2114.94,29.6499,0.497
5160000,30,-340.907,2120.54,20.876,0.509833
5180000,28,-315.939,2112.43,31.5745,0.445667
5200000,32,-362.559,2059.59,37.2286,0.527
5220000,34,-390.158,2095.13,41.674,0.521
5240000,29,-333.337,2096.77,38.8804,0.507444
5260000,34,-385.023,2097.97,41.5266,0.484
5280000,30,-342.317,2091.95,33.7861,0.4876
5300000,26,-293.299,2104.16,28.1862,0.513
5320000,36,-399.402,2096.52,41.2178,0.476
5340000,32,-357.938,2093.36,31.4711,0.503
5360000,36,-398.427,2084.96,28.1218,0.505857
5380000,28,-321.57,2099.89,33.4286,0.466
5400000,24,-277.39,2096.64,20.8823,0.462
5420000,29,-338.082,2106.2,32.3945,0.482
5440000,28,-327.378,2085.66,39.2947,0.485556
5460000,34,-400.15,2094.21,27.2923,0.5
5480000,29,-335.354,2098.39,26.5229,0.471
5500000,32,-368.827,2109.94,32.4288,0.52
5520000,25,-290.993,2082.85,31.7237,0.473
5540000,29,-321.285,2109.16,23.8704,0.528
5560000,29,-327.649,2112.29,33.3399,0.493
5580000,31,-353.325,2119.59,29.5289,0.475
5600000,34,-385.999,2084.69,35.0588,0.488
5620000,32,-378.06,2098.9,27.2043,0.514
5640000,34,-384.875,2091.52,32.3195,0.505
5660000,28,-322.279,2098.15,37.6058,0.43
5680000,33,-378.173,2120.11,41.7211,0.492
5700000,30,-348.312,2105.3,30.2596,0.498
5720000,27,-306.859,2114.71,31.4901,0.433
5740000,30,-338.047,2097.9,31.7876,0.464
5760000,28,-316.163,2056.35,25.5562,0.476
5780000,32,-362.681,2076.95,17.8934,0.514143
5800000,30,-343.445,2102.39,32.7402,0.485
5820000,41,-471.952,2108.75,37.6365,0.471
5840000,33,-371.289,2107.95,44.0305,0.486
5860000,33,-366.841,2098.84,29.3648,0.5
5880000,32,-361.555,2107.5,24.2929,0.491
5900000,28,-313.938,2080.47,23.5525,0.483
5920000,30,-334.586,2083.82,31.4262,0.483
5940000,40,-444.173,2122.74,46.1222,0.517364
5960000,29,-323.527,2099.25,26.2757,0.473
5980000,29,-324.565,2066.39,22.854,0.464
6000000,27,-312.164,2070.3,33.3044,0.5025
6020000,25,-280.454,2109.33,19.4326,0.462
6040000,30,-337.506,2091.42,28.0955,0.4675
6060000,32,-369.154,2095.58,35.9193,0.5015
6080000,35,-395.078,2104.56,34.8912,0.5035
6100000,32,-357.231,2113.2,35.535,0.512417
6120000,25,-281.817,2097.34,15.3069,0.488
6140000,30,-339.037,2102.72,28.7026,0.485
6160000,34,-376.18,2096.67,30.814,0.519
6180000,29,-324.74,2106.11,34.223,0.49
6200000,36,-392.064,2083.06,38.8778,0.526
6220000,31,-345.671,2108.82,37.3895,0.496
6240000,36,-395.902,2120.24,24.3406,0.482
6260000,33,-364.457,2093.76,32.422,0.4985
6280000,32,-367.118,2064.55,30.1348,0.477
6300000,27,-302.105,2064.78,25.0297,0.4944
6320000,27,-303.654,2071.68,26.4672,0.474
6340000,33,-362.856,2083.6,28.9072,0.505333
6360000,29,-325.754,2077.78,28.3026,0.482
6380000,29,-321.821,2095.55,18.0469,0.472
6400000,26,-298.574,2083.16,26.3956,0.469
6420000,36,-404.602,2092.34,43.7618,0.538
6440000,26,-293.846,2093.91,34.6724,0.483333
6460000,28,-317.541,2082.24,27.6103,0.490333
6480000,30,-336.249,2065.93,34.2718,0.495
6500000,35,-387.758,2119.51,33.638,0.511
6520000,30,-342.368,2073.49,30.3694,0.498333
6540000,27,-297.887,2085.63,29.9047,0.4935
6560000,33,-368.295,2083.38,42.2161,0.489
6580000,27,-302.458,2078.54,26.4521,0.5
6600000,34,-383.892,2090.99,36.1391,0.498333
6620000,29,-329.808,2067.95,38.6444,0.476
6640000,27,-308.436,2072.89,24.5913,0.495
6660000,32,-371.394,2086.87,31.457,0.504
6680000,30,-348.443,2091.25,27.2532,0.485
6700000,30,-346.355,2106.95,31.3806,0.496
6720000,26,-290.764,2080.32,23.9358,0.495812
6740000,30,-335.287,2094.04,30.9333,0.493
6760000,29,-321.912,2101.74,24.7098,0.442
6780000,27,-305.01,2080.87,25.801,0.467
6800000,29,-325.387,2086.61,22.4122,0.498388
6820000,34,-385.142,2096.37,31.3882,0.482
6840000,31,-358.753,2096.58,31.622,0.482
6860000,32,-359.219,2080.89,36.7182,0.46675
6880000,31,-357.618,2117.73,30.1447,0.52
6900000,28,-314.618,2110.2,20.3115,0.486
6920000,31,-343.351,2095.02,30.7014,0.514
6940000,33,-379.819,2098.2,31.8127,0.473
6960000,29,-324.219,2113.58,24.7684,0.528
6980000,34,-385.26,2116.17,30.2451,0.476
7000000,32,-358.285,2110.48,33.9626,0.455
7020000,34,-385.988,2087.52,48.7686,0.5176
7040000,34,-393.27,2097.79,29.5883,0.501105
7060000,32,-363.388,2117.88,34.3545,0.487
7080000,27,-305.714,2108.61,36.7697,0.457
7100000,33,-375.133,2109.87,35.119,0.4896
7120000,34,-379.989,2113.83,41.2341,0.52
7140000,38,-429.14,2146.86,43.1684,0.526
7160000,33,-389.825,2103.59,46.7384,0.497
7180000,34,-390.518,2135.19,43.0827,0.498
7200000,32,-369.775,2121.82,45.101,0.504
7220000,31,-356.135,2124.63,30.8001,0.474
7240000,30,-336.218,2132.25,24.1831,0.4834
7260000,43,-479.201,2125.26,45.2284,0.546
7280000,38,-438.847,2100.44,42.8968,0.52
7300000,32,-360.592,2113.87,35.0424,0.506
7320000,29,-332.438,2088.41,25.3939,0.512
7340000,32,-369.624,2100.29,29.3276,0.468
7360000,35,-389.889,2078.67,32.363,0.492167
7380000,33,-377.922,2091.07,48.6529,0.459
7400000,28,-314.179,2070.61,26.5136,0.473
7420000,33,-377.875,2077.95,30.322,0.489
7440000,36,-410.232,2124.08,47.0723,0.491
7460000,29,-329.752,2069.91,29.4761,0.512154
7480000,29,-323.36,2102.15,25.9008,0.470083
7500000,32,-363.419,2072.55,31.0985,0.485
7520000,29,-322.187,2105.25,30.07,0.4985
7540000,32,-351.454,2078.63,36.2845,0.496
7560000,33,-369.629,2105.95,29.6108,0.513
7580000,31,-340.739,2117.41,27.3414,0.484333
7600000,33,-367.71,2136.35,31.1444,0.492
7620000,28,-317.753,2113,26.1377,0.478
7640000,27,-309.249,2084.79,28.5481,0.4755
7660000,28,-315.336,2086.35,29.1975,0.48
7680000,34,-392.791,2091.12,42.0693,0.52
7700000,31,-349.756,2106.76,32.8087,0.494583
7720000,33,-366.402,2102.47,28.9708,0.457
7740000,28,-320.631,2088.25,30.1092,0.485
7760000,39,-428.728,2109.08,37.7137,0.53
7780000,31,-350.357,2121.42,28.841,0.515
7800000,36,-400.489,2105.36,51.7453,0.520667
7820000,31,-349.496,2112.17,35.9548,0.4965
7840000,30,-331.407,2115.83,25.5997,0.497
7860000,36,-400.995,2105.5,36.7494,0.508
7880000,28,-316.66,2087.4,35.2404,0.496
7900000,29,-322.733,2098.76,40.4093,0.476
7920000,32,-361.227,2115.15,29.8806,0.492
7940000,28,-310.356,2077.58,27.6583,0.473
7960000,29,-325.152,2091.88,24.7744,0.471
7980000,29,-321.35,2086.49,40.0088,0.502
8000000,33,-378.96,2097.21,29.9655,0.468
8020000,29,-326.947,2101.17,31.6183,0.494
8040000,34,-381.987,2124.89,32.556,0.52
8060000,36,-403.968,2130.7,30.4903,0.5014
8080000,33,-379.895,2113.03,30.4537,0.529
8100000,29,-332.225,2125.08,26.0967,0.476286
8120000,35,-396.654,2108.05,30.4652,0.544
8140000,33,-368.452,2101.28,28.8938,0.446
8160000,36,-406.83,2127.99,36.9273,0.514667
8180000,32,-358.451,2086.09,35.8222,0.503833
8200000,28,-317.32,2108.56,21.8564,0.469
8220000,30,-340.658,2122,30.9583,0.477
8240000,29,-324.858,2117.56,36.0196,0.489
8260000,32,-362.208,2124.17,40.9155,0.499
8280000,34,-381.552,2085.96,38.5628,0.489161
8300000,31,-350.579,2107.35,29.6412,0.506
8320000,31,-346.362,2093.33,27.9114,0.482
8340000,29,-330.888,2109.41,30.123,0.475
8360000,35,-392.297,2132.22,41.9075,0.483
8380000,39,-433.519,2128.45,32.5642,0.489903
8400000,33,-366.621,2092.1,36.5786,0.481
8420000,30,-331.137,2091.2,31.9794,0.48
8440000,25,-279.386,2103.99,18.9062,0.46
8460000,31,-351.117,2090.49,24.3636,0.493
8480000,29,-330.494,2105.68,21.0009,0.471667
8500000,30,-336.443,2105.01,22.6624,0.487333
8520000,29,-327,2087.2,25.3904,0.5
8540000,36,-403.371,2113.31,38.0537,0.515
8560000,35,-393.376,2156.26,30.3746,0.49
8580000,35,-398.441,2149.28,41.9659,0.494
8600000,35,-399.335,2151.33,34.2345,0.502
8620000,33,-367.464,2133.76,27.8848,0.499143
8640000,29,-331.676,2100.78,41.6647,0.481
8660000,33,-368.228,2095.71,35.0139,0.506556
8680000,32,-352.698,2107.04,28.6137,0.505
8700000,29,-315.189,2135.12,36.6725,0.489778
8720000,38,-418.992,2099.03,41.2521,0.488333
8740000,34,-384.167,2126.77,30.0687,0.485
8760000,32,-366.081,2115.42,33.4388,0.494
8780000,33,-372.425,2101.41,29.0549,0.513
8800000,32,-357.805,2087.19,32.2049,0.497
8820000,30,-345.275,2114.38,26.558,0.482333
8840000,32,-357.162,2085.7,43.1346,0.463333
8860000,31,-356.149,2081.25,30.1053,0.492
8880000,30,-338.578,2108.62,32.0912,0.463
8900000,31,-349.97,2104.72,28.6079,0.476
8920000,29,-338.906,2100.43,26.9953,0.499
8940000,30,-332.984,2098.76,29.4322,0.467
8960000,30,-337.918,2075.44,36.4224,0.45
8980000,30,-344.376,2073.59,28.9077,0.467
9000000,28,-317.22,2080.93,24.1322,0.4718
9020000,26,-305.458,2090.4,22.7452,0.446
9040000,30,-345.687,2110.01,37.5665,0.472
9060000,31,-345.889,2115.89,37.7092,0.478
9080000,33,-367.22,2101.63,31.0759,0.466
9100000,27,-303.043,2067.01,22.7889,0.459
9120000,32,-366.744,2066.59,36.961,0.497
9140000,29,-325.751,2087.58,22.6422,0.467
9160000,34,-380.966,2116.38,35.7265,0.509
9180000,29,-322.344,2066.33,30.8964,0.518
9200000,26,-285.43,2043.23,21.571,0.49
9220000,39,-429.599,2073.87,35.5633,0.513
9240000,27,-304.356,2060.74,25.993,0.4775
9260000,39,-428.92,2086.95,31.8801,0.491476
9280000,32,-347.976,2087.73,32.1708,0.503333
9300000,32,-354.266,2082.36,29.1407,0.527
9320000,30,-353.724,2119.44,26.522,0.519
9340000,30,-345.651,2109.44,34.5555,0.488
9360000,29,-321.723,2077.12,24.8084,0.505
9380000,31,-356.216,2037.94,24.6226,0.521
9400000,31,-356.827,2101.2,27.0584,0.473
9420000,27,-306.647,2065.33,26.0771,0.450429
9440000,27,-310.718,2058.32,17.1367,0.496
9460000,27,-315.102,2095.73,31.1202,0.456
9480000,28,-322.589,2102.07,16.3891,0.457
9500000,29,-339.159,2076.57,35.5494,0.469231
9520000,28,-322.265,2059.21,24.1168,0.473
9540000,34,-375.632,2084.8,32.067,0.497
9560000,32,-351.891,2082.36,32.9131,0.476538
9580000,32,-360.311,2107.31,38.0878,0.476
9600000,39,-429.138,2077.04,45.2902,0.516333
9620000,28,-317.083,2085.39,25.3237,0.483333
9640000,30,-348.797,2104.99,29.1466,0.439
9660000,35,-397.939,2103.51,34.8602,0.47375
9680000,37,-417.857,2110.48,32.7651,0.506444
9700000,34,-383.67,2113.44,44.9011,0.497
9720000,28,-321.764,2068.42,32.1402,0.494
9740000,26,-290.928,2100.7,23.8845,0.479
9760000,32,-377.539,2103.08,27.406,0.475
9780000,31,-357.95,2065.97,32.4255,0.446
9800000,29,-333.345,2097.82,38.7286,0.488
9820000,30,-338.492,2114.1,22.9208,0.452
9840000,32,-356.01,2103.53,30.0348,0.55
9860000,30,-332.257,2092.72,26.5697,0.496455
9880000,28,-311.693,2110.77,27.0273,0.459
9900000,36,-409.682,2083.16,40.4131,0.498
9920000,31,-353.934,2117.92,38.6709,0.473
9940000,38,-436.706,2113.03,40.3138,0.5085
9960000,25,-292.025,2071,26.4532,0.4495
9980000,31,-344.192,2090.92,28.2409,0.482
10000000,32,-356.592,2102.71,24.7636,0.499267
10020000,31,-342.897,2105.23,33.9751,0.496
10040000,30,-334.537,2124.8,29.6704,0.473
10060000,31,-351.964,2091.33,24.9352,0.489
10080000,29,-336.406,2119.75,24.8876,0.506
10100000,30,-333.469,2081.86,28.2868,0.479409
10120000,29,-321.351,2076.59,16.9589,0.515
10140000,26,-301.259,2103.06,26.6268,0.454
10160000,28,-315.138,2087.02,25.0442,0.458
10180000,33,-367.222,2106.31,34.7359,0.49
10200000,34,-380.021,2103.41,32.1397,0.513
10220000,37,-417.066,2093.83,33.2374,0.513
10240000,32,-357.587,2062.62,41.4787,0.503
10260000,31,-348.085,2081.34,30.298,0.49525
10280000,30,-338.163,2091.57,24.5761,0.46
10300000,26,-294.115,2070.86,26.0081,0.449
10320000,34,-378.035,2083.1,29.1366,0.49
10340000,28,-317.257,2091.71,38.9005,0.5088
10360000,32,-359.69,2085.76,37.5692,0.525
10380000,32,-355.551,2056.03,35.4533,0.489
10400000,33,-376.621,2115.25,40.9424,0.504304
10420000,27,-304.775,2063.18,24.8119,0.4685
10440000,31,-352.046,2104.71,36.2443,0.528
10460000,27,-314.245,2063.85,26.6751,0.46
10480000,34,-388.403,2110.52,28.5592,0.513
10500000,36,-411.03,2120.05,38.144,0.493
10520000,29,-337.836,2113.91,32.0808,0.4764
10540000,33,-365.67,2095.02,31.58,0.500167
10560000,30,-342.003,2103.75,34.4718,0.468333
10580000,31,-345.109,2079.99,21.7502,0.492
10600000,29,-332.858,2107.1,28.6485,0.45675
10620000,30,-338.021,2093.16,32.9895,0.541
10640000,29,-324.359,2092.37,31.9636,0.4805
10660000,30,-336.208,2083.87,35.4505,0.502676
10680000,31,-349.378,2091.77,35.9563,0.472857
10700000,34,-390.005,2077.71,38.2215,0.502483
10720000,28,-314.947,2088.46,32.7269,0.478
10740000,32,-369.579,2106.39,44.6185,0.473
10760000,32,-353.64,2109.33,37.1549,0.509
10780000,27,-300.598,2059.84,27.1301,0.47
10800000,36,-392.514,2053.17,34.4791,0.513333
10820000,40,-445.897,2096.44,47.3405,0.545357
10840000,30,-326.771,2091.79,31.9986,0.479
10860000,32,-362.958,2068.18,28.3908,0.49025
10880000,28,-315.85,2066.36,28.7936,0.49755
10900000,34,-380.916,2110.04,37.22,0.486
10920000,29,-327.53,2072.39,26.5603,0.492
10940000,35,-390.23,2106.28,31.8028,0.517
10960000,25,-276.659,2048.91,35.569,0.459
10980000,28,-317.054,2095.28,28.6812,0.505
11000000,29,-323.406,2092.79,34.2959,0.513
11020000,30,-341.905,2123.53,26.5046,0.497133
11040000,32,-358.377,2090.32,34.3765,0.484091
11060000,31,-341.921,2099.91,29.4372,0.51
11080000,31,-346.952,2102.09,27.6386,0.478
11100000,28,-316.079,2096.23,27.9892,0.438
11120000,36,-400.258,2089.91,27.1382,0.503882
11140000,37,-415.073,2102.83,25.0271,0.515
11160000,34,-379.565,2106.31,32.7502,0.498
11180000,31,-353.073,2078.04,20.7837,0.496
11200000,34,-377.77,2094.18,37.0414,0.5095
11220000,33,-368.292,2129.81,40.9228,0.508083
11240000,34,-377.259,2104.83,32.5181,0.497
11260000,33,-370.8,2119.11,26.9402,0.469
11280000,29,-324.396,2122.32,39.8822,0.482
11300000,28,-310.288,2115.22,39.213,0.498
11320000,31,-345.46,2103.78,26.7568,0.469
11340000,25,-280.218,2058.44,24.639,0.508
11360000,27,-313.731,2118.46,31.0346,0.487
11380000,29,-323.705,2106.52,20.872,0.491
11400000,31,-352.75,2104.63,34.7868,0.474
11420000,26,-294.553,2053.5,42.6657,0.4795
11440000,33,-377.376,2096.43,29.3387,0.524
11460000,30,-338.806,2116.77,36.4669,0.469
11480000,32,-369.095,2086.36,32.9712,0.5024
11500000,29,-325.641,2104.17,31.5507,0.473
11520000,29,-328.569,2073.2,30.6914,0.512
11540000,30,-339.77,2120.44,24.6491,0.468
11560000,33,-375.07,2075.41,31.1605,0.502
11580000,37,-412.95,2119.5,50.8278,0.499
11600000,33,-371.764,2119.07,36.313,0.473
11620000,32,-364.668,2104.81,22.4714,0.501444
11640000,27,-306.243,2095.39,27.1602,0.455
11660000,27,-306.789,2072.27,31.4919,0.491
11680000,33,-377.053,2126.97,32.7966,0.467
11700000,26,-291.599,2071.82,25.5988,0.465
11720000,31,-355.591,2066.68,19.546,0.459
11740000,31,-352.289,2103.45,38.7687,0.479
11760000,30,-340.619,2106.9,24.5405,0.498
11780000,33,-385.366,2137.3,23.2659,0.492
11800000,31,-355.738,2090.91,31.2191,0.491842
11820000,28,-323.078,2084.45,25.6466,0.467
11840000,25,-284.605,2086.13,20.7053,0.489
11860000,32,-365.592,2104.33,24.6585,0.487548
11880000,31,-357.538,2121.54,34.6058,0.525
11900000,33,-375.008,2117.37,28.9467,0.5045
11920000,34,-379.602,2103.27,23.3607,0.499
11940000,33,-368.794,2110.75,36.4798,0.503
11960000,27,-308.285,2115.62,34.84,0.429
11980000,34,-388.325,2096.26,39.0034,0.456
12000000,30,-343.507,2073.18,33.943,0.468
12020000,28,-320.035,2116.87,19.8769,0.452
12040000,29,-328.021,2102.79,26.1302,0.463
12060000,34,-386.597,2105.22,39.2869,0.48
12080000,30,-347.532,2098.2,34.2896,0.482
12100000,30,-345.622,2119.74,34.4146,0.451
12120000,31,-350.27,2123.06,28.1285,0.476
12140000,30,-339.942,2085.89,38.6026,0.477
12160000,36,-415.675,2094.91,34.8414,0.489187
12180000,32,-357.973,2108.56,33.9485,0.491679
12200000,35,-392.578,2119.21,31.1179,0.49
12220000,27,-308.706,2102.43,28.6165,0.486
12240000,35,-410.029,2127.38,44.2889,0.4815
12260000,29,-338.909,2111.14,36.1007,0.437
12280000,38,-426.983,2119.31,29.4117,0.517
12300000,31,-350.266,2108.29,21.7109,0.500429
12320000,37,-418.262,2148.46,33.2961,0.457
12340000,28,-320.425,2090.54,18.2177,0.487
12360000,36,-397.031,2102.51,31.7181,0.548
12380000,29,-326.267,2105.44,27.7528,0.474667
12400000,30,-336.244,2113.33,31.7346,0.4842
12420000,32,-362.853,2111.48,30.1502,0.4425
12440000,31,-348.959,2085.91,31.4796,0.475
12460000,34,-382.198,2115.31,31.5691,0.518
12480000,33,-377.842,2126.15,32.4372,0.4924
12500000,28,-321.088,2103.08,29.7738,0.487
12520000,29,-327.992,2071.16,29.3539,0.49
12540000,34,-378.518,2091.4,38.4786,0.5
12560000,36,-412.527,2103.21,33.4584,0.543
12580000,29,-332.422,2094.37,26.2585,0.467
12600000,33,-373.689,2118.79,27.1194,0.487429
12620000,31,-343.769,2106.15,24.8396,0.518
12640000,37,-418.291,2115.26,31.8006,0.527
12660000,29,-330.877,2094.89,30.3564,0.463
12680000,37,-413.62,2109.67,38.0868,0.504
12700000,32,-357.325,2115.62,32.7869,0.482
12720000,32,-359.519,2118.09,27.3743,0.534
12740000,26,-298.344,2110.53,35.1078,0.469
12760000,32,-359.384,2118.79,31.9781,0.487
12780000,33,-368.778,2103.52,40.8243,0.513
12800000,35,-396.983,2129.73,49.6894,0.511
12820000,32,-364.924,2116.87,29.5186,0.521
12840000,30,-343.328,2103.54,34.2711,0.488
12860000,33,-375.534,2104.33,22.6006,0.503769
12880000,34,-373.454,2138.74,33.7533,0.483
12900000,29,-324.688,2111.04,22.1851,0.501
12920000,37,-410.417,2115.56,37.9059,0.518
12940000,29,-331.932,2108.19,34.5409,0.498
12960000,37,-415.22,2089.43,47.0197,0.53
12980000,33,-372.588,2109.77,49.5847,0.49885
13000000,31,-348.813,2108.38,33.8927,0.512
13020000,32,-361.884,2104.73,27.585,0.488
13040000,34,-386.778,2089.53,34.6202,0.504
13060000,35,-393.551,2112.72,38.4486,0.497
13080000,29,-323.43,2091.35,29.6467,0.497875
13100000,30,-345.801,2110.29,31.8755,0.46
13120000,36,-402.165,2077.96,54.3538,0.512
13140000,34,-375.213,2095.26,42.3914,0.479
13160000,30,-342.227,2080.77,24.9567,0.47
13180000,35,-388.66,2093.09,30.8161,0.51125
13200000,34,-382.309,2090.29,44.6604,0.506893
13220000,32,-365.296,2085.86,31.4212,0.504
13240000,38,-424.853,2099.39,33.5294,0.5
13260000,30,-349.857,2093.72,20.656,0.505
13280000,29,-331.115,2076.49,25.9031,0.459
13300000,32,-360.308,2122.73,39.1739,0.463
13320000,33,-384.722,2100.21,30.6644,0.522
13340000,33,-373.726,2107.97,38.219,0.471
13360000,31,-337.983,2097.99,37.0497,0.496
13380000,30,-338.85,2091.07,25.6616,0.513143
13400000,33,-369.967,2104.07,38.7228,0.466714
13420000,31,-351.986,2062.61,26.3887,0.513
13440000,26,-298.296,2074.86,22.6664,0.487
13460000,29,-326.843,2063.82,33.6071,0.490667
13480000,25,-280.308,2070.09,21.3515,0.507
13500000,35,-389.177,2100.51,29.169,0.481
13520000,31,-351.723,2069.6,25.8943,0.481
13540000,33,-374.272,2146.44,34.2718,0.473
13560000,36,-408.123,2104.64,37.3502,0.532
13580000,32,-364.122,2113.04,24.3229,0.458
13600000,29,-334.23,2081.64,28.3064,0.5054
13620000,26,-295.931,2106.52,26.291,0.506
13640000,27,-301.084,2061.31,48.9054,0.459
13660000,28,-306.836,2054.96,27.1745,0.526
13680000,30,-336.847,2103.04,38.289,0.478
13700000,35,-393.963,2101.67,32.4865,0.499
13720000,29,-324.53,2100.24,27.9726,0.499
13740000,32,-355.157,2099.65,28.3943,0.501
13760000,40,-456.77,2078.71,33.0878,0.517
13780000,30,-354.293,2088.62,31.7143,0.498105
13800000,32,-365.605,2093.92,33.1469,0.49081
13820000,28,-318.802,2112.83,37.4234,0.448
13840000,27,-303.381,2091.79,31.6761,0.49
13860000,33,-369.87,2108.61,41.3974,0.504
13880000,36,-408.542,2126.58,33.9235,0.508
13900000,33,-378.5,2113.53,32.3262,0.51
13920000,31,-351.728,2135.19,40.8678,0.472
13940000,32,-363.713,2144.15,42.1642,0.501125
13960000,31,-342.015,2137.85,35.1364,0.486
13980000,34,-382.781,2103.36,35.5273,0.492
14000000,31,-355.753,2120.57,35.1875,0.501556
14020000,34,-388.608,2111.53,36.5682,0.494167
14040000,30,-342.499,2108.98,27.4687,0.478
14060000,31,-339.863,2103.13,23.1008,0.512
14080000,30,-338.52,2089.23,32.2637,0.461
14100000,31,-348.571,2111.13,30.8211,0.474
14120000,32,-359.57,2093.84,40.6776,0.481
14140000,33,-374.131,2105.9,26.2388,0.505
14160000,31,-346.073,2105.27,32.3011,0.479
14180000,33,-371.28,2121.77,32.4852,0.516
14200000,29,-324.999,2131.41,27.5537,0.451
14220000,32,-359.799,2099.47,34.6786,0.49
14240000,25,-278.862,2085.26,29.093,0.467
14260000,28,-318.37,2084.36,28.8652,0.507
14280000,29,-322.318,2086.47,34.0953,0.503
14300000,31,-352.918,2113.44,44.5662,0.476
14320000,31,-352.335,2107.39,35.1961,0.48325
14340000,30,-339.855,2108.33,33.6614,0.48625
14360000,33,-370.257,2097.98,32.8032,0.5116
14380000,36,-397.985,2109.52,39.6091,0.522
14400000,37,-411.894,2104.26,30.9306,0.511
14420000,35,-387.812,2086.83,35.2089,0.493882
14440000,31,-346.729,2120.1,31.0867,0.495
14460000,36,-409.231,2113.24,41.0067,0.475
14480000,30,-334.731,2113.25,31.9563,0.482
14500000,31,-352.493,2092.17,28.724,0.504909
14520000,30,-344.135,2105.24,29.9477,0.468
14540000,31,-357.4,2060.49,31.0231,0.505333
14560000,27,-310.024,2092.42,23.5238,0.471
14580000,29,-333.849,2092.24,28.0911,0.475
14600000,33,-368.634,2108.74,33.3392,0.482
14620000,31,-348.363,2088.31,36.8909,0.481
14640000,36,-415.759,2104.96,39.0202,0.483211
14660000,32,-361.918,2115.31,36.6976,0.489
14680000,36,-404.594,2112.64,43.1586,0.489
14700000,35,-395.023,2105.39,25.2906,0.499
14720000,28,-319.292,2079.17,22.803,0.483
14740000,33,-369.054,2132.44,28.7328,0.472
14760000,32,-362.506,2110.43,35.1671,0.495
14780000,27,-303.901,2090.52,26.506,0.496
14800000,28,-315.874,2118.59,23.3982,0.443
14820000,33,-376.372,2106.41,36.5202,0.460889
14840000,30,-345.05,2072.43,31.9126,0.462
14860000,30,-336.849,2087.26,23.402,0.503647
14880000,31,-349.786,2138.27,33.234,0.468
14900000,35,-394.851,2108.14,32.4247,0.497
14920000,34,-380.465,2106.67,37.5377,0.48475
14940000,31,-348.978,2089.41,31.0367,0.4855
14960000,33,-369.203,2082.91,41.5269,0.478
14980000,34,-380.675,2114.65,24.1975,0.502941
15000000,30,-336.167,2073.89,37.3189,0.492
15020000,34,-378.904,2074.17,30.8072,0.526
15040000,31,-347.368,2076.04,26.6425,0.456
15060000,31,-356.757,2063.66,42.0835,0.49425
15080000,37,-415.486,2103.59,33.1499,0.526
15100000,31,-356.005,2096.79,33.8533,0.471
15120000,27,-310.649,2104.49,25.0653,0.46725
15140000,28,-320.174,2093.21,30.0645,0.49
15160000,37,-424.714,2102.02,40.5047,0.498667
15180000,29,-325.422,2124.97,27.3879,0.47
15200000,30,-339.565,2119.78,18.4841,0.478
15220000,37,-415.509,2117,36.777,0.491
15240000,28,-314.224,2117.54,31.5997,0.473
15260000,33,-373.318,2106.12,25.0114,0.489
15280000,31,-346.247,2061.53,26.4163,0.5155
15300000,32,-364.36,2114.91,38.8999,0.447
15320000,31,-348.557,2082.25,27.6795,0.501
15340000,35,-388.662,2117.55,30.9545,0.498
15360000,33,-382.604,2091.8,37.2026,0.47
15380000,26,-302.589,2084.24,29.0567,0.471
15400000,29,-331.299,2083.33,28.0225,0.474
15420000,34,-380.279,2115.69,29.5906,0.4824
15440000,30,-341.334,2085.64,27.9449,0.4775
15460000,34,-380.756,2120.54,39.1273,0.463
15480000,36,-407.719,2117.36,34.2036,0.497
15500000,28,-321.094,2104.2,28.4907,0.439
15520000,31,-354.072,2121.38,31.2389,0.44
15540000,25,-284.164,2110.51,25.9739,0.4756
15560000,26,-295.113,2084.79,25.6842,0.467
15580000,23,-258.64,2088.38,31.7087,0.4731
15600000,26,-293.099,2083.25,34.74,0.495
15620000,27,-303.528,2083.4,29.8607,0.47
15640000,31,-354.151,2108.46,37.2447,0.481
15660000,30,-334.229,2076.67,32.694,0.494
15680000,30,-338.319,2115.45,32.259,0.474
15700000,34,-383.419,2079.72,33.5604,0.505
15720000,28,-315.224,2101.75,27.6139,0.511333
15740000,37,-408.455,2106.12,49.5499,0.5285
15760000,37,-407.198,2099.08,37.5736,0.48
15780000,29,-329.873,2072.15,19.8156,0.472
15800000,33,-364.992,2116.22,30.4831,0.47
15820000,31,-341.582,2082.19,26.4895,0.495607
15840000,31,-346.284,2099.15,27.8514,0.4975
15860000,36,-406.9,2082.38,39.271,0.517
15880000,28,-317.877,2095.31,33.1093,0.4775
15900000,26,-295.035,2085.23,22.9192,0.486588
15920000,28,-325.985,2083.24,39.2008,0.46
15940000,27,-307.869,2110.86,18.2177,0.482
15960000,33,-367.932,2115.65,39.7888,0.511
15980000,29,-329.833,2110.63,22.7287,0.499
16000000,30,-338.453,2086.59,28.524,0.501
16020000,32,-365.44,2090.91,37.1136,0.479
16040000,34,-377.944,2106.71,32.0565,0.502625
16060000,29,-330.927,2099.42,19.0437,0.477
16080000,35,-392.451,2097.39,37.6361,0.5065
16100000,31,-345.458,2097.07,21.9239,0.4985
16120000,28,-310.843,2078.25,32.3613,0.501
16140000,28,-317.014,2081.35,22.5346,0.4605
16160000,28,-313.844,2099.81,31.3608,0.478
16180000,28,-321.126,2094.03,24.6275,0.481
16200000,30,-338.707,2090.78,29.6979,0.5
16220000,29,-327.649,2094.1,22.4681,0.491333
16240000,28,-313.329,2073.72,22.0941,0.484
16260000,34,-388.689,2094.68,26.3234,0.509
16280000,33,-370.719,2100.48,29.2579,0.508
16300000,29,-332.285,2087.7,21.5843,0.497375
16320000,33,-374.116,2087.09,33.4092,0.471
16340000,32,-360.569,2086.41,34.4384,0.482
16360000,30,-335.798,2103.32,36.5956,0.499
16380000,31,-353.487,2086.48,36.7475,0.494
16400000,34,-394.707,2114.17,41.5893,0.499
16420000,29,-329.561,2087.21,29.1079,0.49175
16440000,32,-352.227,2055.13,40.8965,0.496667
16460000,30,-347.099,2096.76,36.2556,0.512
16480000,27,-306.32,2095.1,34.5184,0.476
16500000,31,-341.496,2102.22,25.7026,0.522667
16520000,29,-315.739,2077.94,25.2366,0.5
16540000,32,-369.303,2112.81,29.7554,0.514
16560000,30,-334.367,2099.68,29.775,0.464
16580000,28,-314.982,2065.2,33.2851,0.485674
16600000,33,-365.262,2090.43,28.0409,0.4895
16620000,30,-338.077,2118.07,27.1239,0.516
16640000,32,-363.757,2097.46,40.6464,0.499
16660000,30,-339.985,2087.57,34.9158,0.485857
16680000,33,-379.541,2109.54,35.995,0.525
16700000,28,-311.481,2087.82,48.5885,0.4874
16720000,36,-406.352,2102.13,50.4912,0.478
16740000,38,-418.993,2101.19,38.9057,0.52
16760000,33,-373.115,2085.06,40.8198,0.467
16780000,33,-371.7,2104.99,31.572,0.495
16800000,37,-418.903,2111.84,50.5295,0.494
16820000,27,-314.261,2109.21,25.7409,0.462
16840000,31,-355.286,2099.17,36.5012,0.46
16860000,27,-310.414,2111.69,16.4778,0.470125
16880000,30,-332.085,2094.77,36.2245,0.48
16900000,29,-329.026,2117.71,40.6509,0.472
16920000,29,-336.866,2104.6,29.3438,0.498
16940000,29,-337.971,2096.98,33.8648,0.51
16960000,30,-344.362,2107.23,30.5603,0.505
16980000,29,-327.535,2118.2,25.021,0.481
17000000,31,-368.394,2103.37,31.1175,0.502
17020000,29,-328.849,2110.69,29.7901,0.485
17040000,30,-335.004,2103.63,31.5174,0.465
17060000,31,-347.061,2121.37,31.3465,0.491
17080000,29,-332.211,2097.11,17.8051,0.496857
17100000,33,-376.045,2124.75,31.3726,0.498
17120000,36,-408.642,2127.19,27.6545,0.482
17140000,28,-319.742,2096.94,31.0106,0.488857
17160000,36,-407.562,2124.52,31.4236,0.507
17180000,30,-335.457,2131.71,24.1513,0.471
17200000,31,-351.802,2103.08,23.0589,0.486
17220000,26,-293.291,2084.47,23.2667,0.467
17240000,31,-353.47,2082.43,29.3838,0.508
17260000,35,-392.272,2111.25,39.9867,0.485
17280000,32,-356.715,2112.44,33.3155,0.5
17300000,31,-351.059,2085.24,34.804,0.48
17320000,29,-324.148,2098.55,28.8621,0.475077
17340000,39,-424.615,2094.6,43.2311,0.512571
17360000,36,-409.096,2089.99,48.8983,0.542
17380000,30,-340.346,2104.29,38.6462,0.482
17400000,33,-365.688,2098.65,30.7003,0.5
17420000,30,-327.724,2118.7,27.8172,0.504
17440000,29,-325.272,2109.17,39.8956,0.437
17460000,30,-337.853,2098.62,32.3974,0.483
17480000,34,-383.666,2080.82,32.3714,0.508
17500000,33,-370.457,2123.76,26.689,0.477
17520000,30,-331.382,2105.68,33.4368,0.503
17540000,31,-341.152,2100.28,25.6408,0.481
17560000,34,-387.471,2095.21,46.8659,0.5002
17580000,38,-427.823,2116.13,36.0308,0.535
17600000,36,-399.01,2111.65,28.1696,0.491
17620000,31,-349.059,2119.68,27.8412,0.481
17640000,30,-327.85,2122.52,26.8192,0.481
17660000,39,-435.959,2141.41,41.5188,0.513
17680000,30,-350.169,2105.78,30.2856,0.45
17700000,35,-400.301,2144.51,32.6458,0.4987
17720000,41,-463.362,2133.04,37.3531,0.5091
17740000,30,-331.849,2113.59,33.6176,0.511
17760000,31,-357.731,2114.46,34.2731,0.487
17780000,29,-330.372,2102.26,37.6029,0.489
17800000,37,-414.661,2130.72,43.1202,0.504
17820000,33,-368.941,2110.21,37.1184,0.491
17840000,34,-381.998,2100.25,45.0382,0.495846
17860000,30,-337.044,2079.02,32.959,0.47
17880000,27,-306.735,2114.74,24.2867,0.478
17900000,34,-374.988,2111.8,34.8662,0.531
17920000,26,-299.702,2119.71,25.1222,0.453
17940000,30,-338.04,2106.04,29.1838,0.497
17960000,28,-317.416,2094.67,37.503,0.475
17980000,34,-370.601,2106.97,32.7295,0.5066
18000000,31,-344.453,2126.89,30.7132,0.496
18020000,29,-328.52,2114.17,37.612,0.479
18040000,32,-360.777,2124.76,30.5307,0.465
18060000,34,-399.523,2124.4,31.6224,0.493
18080000,30,-333.239,2105.73,30.7097,0.498
18100000,28,-312.278,2096,37.4827,0.4776
18120000,32,-350.179,2098.28,33.4978,0.486
18140000,28,-325.244,2123.33,21.2606,0.473
18160000,28,-318.2,2076.79,25.6169,0.49
18180000,29,-323.234,2110.68,32.2855,0.486
18200000,30,-342.316,2078.55,26.3506,0.497
18220000,29,-324.313,2088.44,36.7967,0.492
18240000,32,-359.744,2090.74,46.6443,0.481
18260000,32,-352.31,2093.58,26.1385,0.475
18280000,30,-346.147,2078.79,29.247,0.494
18300000,24,-278.654,2091.59,32.1587,0.491
18320000,29,-326.551,2087.21,23.7426,0.534
18340000,31,-349.179,2108.96,30.2267,0.505364
18360000,27,-301.911,2062.23,30.025,0.4726
18380000,28,-317.134,2066.06,32.4046,0.482
18400000,26,-303.16,2083.51,19.1895,0.452
18420000,28,-319.244,2085.14,27.3396,0.497769
18440000,24,-279.191,2089.46,26.1317,0.468
18460000,28,-317.355,2091.59,25.8459,0.509
18480000,28,-317.538,2085.91,29.8827,0.492
18500000,33,-371.225,2131.24,34.6132,0.496
18520000,27,-305.645,2097.56,30.6833,0.496
18540000,30,-336.317,2097.7,19.9856,0.502625
18560000,33,-368.622,2094.18,28.2763,0.517
18580000,31,-352.172,2075.92,33.0405,0.49
18600000,28,-312.784,2089.23,30.556,0.5
18620000,24,-274.635,2044.46,22.2147,0.448
18640000,25,-286.406,2098.75,23.1803,0.473286
18660000,34,-388.26,2128.2,33.3833,0.515
18680000,31,-347.737,2125.92,28.6607,0.494
18700000,31,-340.495,2128.16,45.7933,0.478
18720000,29,-327.343,2089.04,32.1735,0.498
18740000,32,-366.57,2085.37,36.6724,0.532
18760000,29,-323.231,2096.21,22.7149,0.5091
18780000,37,-414.731,2119.44,40.3535,0.497
18800000,34,-373.142,2078.95,32.9093,0.495
18820000,30,-335.277,2108.05,32.6388,0.454
18840000,32,-359.581,2109.71,35.9756,0.522
18860000,35,-389.77,2130.6,36.1104,0.511
18880000,33,-375.456,2100.94,40.2677,0.485364
18900000,36,-406.578,2115.42,41.6979,0.4845
18920000,33,-375.953,2073.21,41.9838,0.4895
18940000,36,-399.658,2100.8,40.2597,0.497
18960000,36,-401.762,2052.5,29.9643,0.52
18980000,34,-378.632,2100.41,23.4149,0.5352
19000000,32,-352.523,2091.53,33.4207,0.509235
19020000,30,-339.428,2069.82,29.794,0.489
19040000,31,-350.131,2114.96,34.2002,0.459
19060000,31,-358.432,2091.11,35.1406,0.516
19080000,29,-324.302,2098.3,30.7306,0.466
19100000,38,-431.538,2100.75,30.4411,0.499
19120000,31,-356.877,2081.22,34.6056,0.462
19140000,32,-379.244,2129.61,28.7593,0.48
19160000,35,-395.124,2102.69,37.4803,0.5
19180000,30,-337.4,2087.41,34.7999,0.51
19200000,29,-332.037,2092.45,28.2792,0.4988
19220000,25,-286.429,2044.4,24.8882,0.465
19240000,29,-332.315,2102.62,34.642,0.493
19260000,34,-387.221,2090.24,29.2919,0.548
19280000,38,-419.24,2133.86,40.4824,0.504
19300000,34,-382.334,2138.61,43.6701,0.496
19320000,32,-363.2,2067.98,36.4685,0.477
19340000,30,-337.02,2073.01,32.9779,0.47325
19360000,36,-396.006,2100.4,37.6795,0.516
19380000,28,-326.129,2075.25,37.081,0.485484
19400000,30,-348.012,2071.64,32.8497,0.49
19420000,34,-386.669,2086.74,42.1259,0.492
19440000,33,-386.905,2110.84,29.5557,0.52
19460000,33,-379.042,2099.87,34.8004,0.465
19480000,35,-395.411,2125.78,44.1347,0.498
19500000,33,-376.47,2154.43,29.527,0.486333
19520000,38,-438.001,2129.46,34.2341,0.481
19540000,28,-317.788,2091.54,36.2121,0.47
19560000,35,-406.935,2136.08,49.5423,0.4785
19580000,30,-341.18,2093.43,28.3727,0.466
19600000,37,-425.182,2097.61,30.784,0.53
19620000,36,-415.326,2104.67,35.4288,0.5
19640000,33,-365.529,2139.55,35.9906,0.487
19660000,35,-392.125,2118.9,34.4421,0.492
19680000,33,-373.722,2103.28,43.0583,0.513
19700000,29,-335.596,2092.52,33.9205,0.493
19720000,39,-440.66,2099.73,45.8317,0.512217
19740000,30,-336.996,2093.95,30.5767,0.507
19760000,30,-336.183,2070.74,29.9344,0.471667
19780000,28,-325.89,2119.32,29.9903,0.501
19800000,28,-312.91,2086.6,26.4955,0.474
19820000,33,-372.622,2122.05,27.2323,0.506
19840000,28,-314.898,2082.87,22.4153,0.487
19860000,31,-359.694,2093.12,37.7635,0.495
19880000,33,-377.989,2090.25,31.6442,0.473
19900000,29,-331.911,2094.39,26.884,0.4949
19920000,30,-341.784,2088.68,29.1557,0.49
19940000,30,-337.044,2119.18,35.3312,0.4885
19960000,27,-305.49,2097.47,23.9892,0.502
19980000,25,-292.566,2108.16,41.7196,0.466
20000000,28,-328.592,2092.77,40.4352,0.504
20020000,27,-320.688,2093.46,38.8162,0.484
20040000,28,-323.939,2084.89,26.4616,0.523
20060000,29,-325.17,2076.53,27.5012,0.46
20080000,36,-405.295,2110.56,41.5843,0.49675
20100000,27,-305.625,2087.77,28.0225,0.487
20120000,30,-344.297,2064.2,37.9694,0.492857
20140000,30,-344.766,2102.64,20.4836,0.489
20160000,26,-292.976,2075.56,26.2904,0.496857
20180000,29,-328.169,2101.99,28.1016,0.497
20200000,31,-359.992,2100.23,26.498,0.517
20220000,32,-359.795,2076.77,30.4332,0.517
20240000,35,-400.389,2125.02,44.5754,0.485
20260000,28,-319.244,2120.96,37.7446,0.468
20280000,31,-357.127,2086.37,46.4462,0.484
20300000,34,-383.841,2069.69,44.7325,0.499
20320000,29,-328.426,2073.15,25.2205,0.48875
20340000,30,-342.947,2079.92,33.0627,0.474
20360000,27,-306.776,2077.89,25.049,0.478333
20380000,30,-335.721,2089.99,25.0458,0.49
20400000,38,-425.404,2132.18,52.6733,0.500636
20420000,26,-295.646,2108.85,32.2439,0.4706
20440000,31,-355.233,2100.19,25.6963,0.525
20460000,30,-346.933,2134.78,42.7268,0.476
20480000,35,-394.893,2091.39,31.7705,0.493
20500000,34,-392.241,2114.51,39.0822,0.506
20520000,31,-353.882,2124.41,28.7685,0.520714
20540000,32,-362.747,2124.06,31.5919,0.508
20560000,35,-389.294,2089.9,37.2569,0.520545
20580000,30,-340.227,2077.86,34.6286,0.465
20600000,29,-329.6,2082.88,31.6107,0.5065
20620000,29,-318.933,2108.93,24.5655,0.486385
20640000,31,-344.625,2087.04,28.9907,0.542
20660000,27,-310.993,2069.03,25.0566,0.471
20680000,31,-346.694,2096.12,26.7987,0.484
20700000,29,-330.082,2088.11,23.9768,0.457
20720000,33,-369.02,2093.32,27.231,0.504
20740000,31,-361.407,2091.22,41.3702,0.512
20760000,33,-380.01,2118.14,25.1177,0.489
20780000,27,-305.916,2094.2,32.7919,0.465
20800000,29,-327.088,2084.6,30.2394,0.497
20820000,40,-459.369,2122.12,49.3195,0.531
20840000,36,-406.433,2112.75,41.0261,0.532
20860000,26,-292.586,2121.26,21.1085,0.478
20880000,30,-338.671,2104.67,41.4595,0.487
20900000,36,-409.752,2093.2,24.3249,0.517
20920000,28,-315.307,2072.88,21.7873,0.505091
20940000,25,-292.194,2101.74,21.8856,0.496
20960000,28,-325.549,2099.27,27.8653,0.463
20980000,25,-286.643,2098.94,36.1999,0.453
21000000,28,-313.671,2098.3,29.8998,0.472667
21020000,30,-336.792,2103.19,37.8081,0.476
21040000,30,-329.18,2058.03,30.41,0.492833
21060000,32,-357.834,2111.88,26.7681,0.485
21080000,37,-417.848,2073.74,29.7345,0.512
21100000,27,-308.512,2085.22,23.0784,0.489
21120000,32,-360.493,2088.11,38.4698,0.514
21140000,28,-319.057,2094.37,29.8368,0.486
21160000,30,-343.847,2093.2,27.7039,0.472
21180000,27,-304.914,2101.03,31.1391,0.505
21200000,25,-284.308,2083.57,21.978,0.447
21220000,30,-342.458,2126.77,25.5742,0.47
21240000,25,-297.763,2044.92,31.8125,0.468
21260000,33,-374.452,2122.04,35.3674,0.49456
21280000,29,-336.884,2111.37,30.9651,0.482
21300000,27,-310.488,2094.63,27.4289,0.523
21320000,32,-366.328,2087.79,34.336,0.494167
21340000,29,-328.237,2080.5,38.6061,0.474
21360000,33,-375.343,2072.48,28.7605,0.485
21380000,30,-337.137,2099.67,28.9618,0.456
21400000,29,-326.796,2090.89,31.9578,0.497
21420000,25,-283.282,2069.93,24.2192,0.478
21440000,28,-323.8,2103.42,32.3931,0.502
21460000,30,-336.564,2066.56,36.22,0.498
21480000,26,-293.184,2121.87,26.2014,0.518
21500000,28,-325.42,2114.41,30.7587,0.452
21520000,29,-336.253,2112.68,27.3867,0.479
21540000,30,-343.024,2117.35,41.6643,0.527
21560000,27,-311.31,2095.19,24.3917,0.463
21580000,33,-364.791,2096.48,37.7903,0.496
21600000,29,-332.002,2104.51,28.8173,0.48
21620000,28,-326.025,2111.96,39.0211,0.504
21640000,31,-347.397,2075.26,28.8115,0.455
21660000,32,-358.296,2108.59,34.3507,0.499
21680000,26,-296.493,2093.57,40.7947,0.509
21700000,30,-350.567,2081.03,29.6525,0.499
21720000,26,-295.063,2113.59,33.5825,0.4634
21740000,27,-302.94,2110.23,27.9906,0.454
21760000,30,-334.564,2105.77,30.3521,0.494
21780000,33,-374.759,2102.2,28.7165,0.485
21800000,32,-361.842,2126.39,35.6803,0.475
21820000,31,-353.652,2079.57,24.3561,0.484833
21840000,31,-369.52,2110.24,34.5845,0.471
21860000,31,-354.219,2138.57,23.404,0.482
21880000,31,-344.32,2089.08,29.2204,0.509
21900000,34,-384.759,2103.49,37.4206,0.522
21920000,31,-350.005,2101.25,30.686,0.478778
21940000,27,-312.005,2083.61,21.4878,0.462333
21960000,28,-316.939,2116.96,28.4227,0.481
21980000,28,-315.116,2090.59,24.7423,0.4842
22000000,26,-300.61,2084.18,31.9725,0.408
22020000,36,-403.907,2113.82,35.0355,0.502
22040000,35,-400.734,2129.16,42.4343,0.5072
22060000,26,-290.809,2111.08,26.1597,0.488
22080000,38,-427.409,2105.36,27.7826,0.499
22100000,29,-330.94,2105.66,36.9453,0.471
22120000,27,-304.361,2100.86,23.3044,0.470667
22140000,28,-311.224,2091.69,20.5715,0.501
22160000,32,-359.459,2109.97,52.0847,0.483
22180000,27,-303.674,2073.32,25.423,0.503143
22200000,32,-356.433,2094.05,36.7046,0.521
22220000,30,-344.967,2133.43,48.2513,0.476
22240000,33,-377.109,2126.29,25.9704,0.491
22260000,30,-349.777,2115.77,23.7407,0.478
22280000,29,-331.824,2107.97,26.8643,0.498
22300000,30,-349.843,2121.65,27.5721,0.461
22320000,27,-309.761,2106.24,33.1093,0.435
22340000,34,-401.296,2118.43,40.1697,0.505778
22360000,35,-408.457,2133.94,36.8238,0.523
22380000,29,-334.826,2119.45,20.1889,0.473
22400000,31,-353.23,2107.91,23.8659,0.465
22420000,34,-391.555,2099.99,25.935,0.486429
22440000,33,-374.929,2112.24,28.5226,0.513
22460000,37,-426.894,2100.81,33.7739,0.527
22480000,30,-341.44,2093.05,30.6209,0.492
22500000,30,-338.936,2103.92,38.7909,0.513939
22520000,35,-399.617,2108.7,37.7071,0.5069
22540000,34,-385.153,2125.61,39.8349,0.516
22560000,32,-370.947,2115.63,34.081,0.490143
22580000,26,-298.644,2073.98,23.3769,0.486
22600000,26,-296.255,2073.83,26.1426,0.4745
22620000,31,-354.576,2113.9,27.4795,0.474
22640000,32,-365.967,2108.14,30.5723,0.5
22660000,31,-344.757,2089.09,26.3837,0.496
22680000,33,-377.728,2109.63,33.2704,0.510579
22700000,28,-314.334,2099.77,30.5816,0.473
22720000,31,-366.382,2104.86,37.9941,0.4735
22740000,32,-359.848,2081.23,42.0687,0.51
22760000,33,-372.692,2096.96,42.9627,0.489
22780000,31,-351.411,2115.23,30.1094,0.5
22800000,33,-362.169,2117.65,57.256,0.4926
22820000,37,-420.824,2129.95,37.8889,0.497
22840000,30,-330.198,2113.61,37.0888,0.5
22860000,30,-333.139,2106.17,36.7217,0.49
22880000,36,-403.131,2080.04,42.9587,0.50629
22900000,33,-375.295,2109.28,27.7318,0.534
22920000,31,-345.508,2126.67,36.0481,0.474
22940000,32,-351.949,2111.18,28.4186,0.496
22960000,33,-374.507,2098.1,25.7984,0.508
22980000,29,-329.926,2105.12,27.7817,0.496
23000000,26,-293.176,2108.91,25.2977,0.458
23020000,29,-324.188,2119.87,34.3795,0.498
23040000,29,-319.423,2062.2,33.5019,0.488
23060000,33,-371.587,2099.4,22.7713,0.472
23080000,31,-349.486,2071.16,40.1592,0.487
23100000,29,-327.144,2111.08,35.8126,0.482583
23120000,29,-335.237,2087.24,24.1943,0.511
23140000,30,-346.2,2131.28,34.581,0.437
23160000,33,-385.43,2126.34,33.0973,0.486
23180000,32,-363.531,2117.32,31.8127,0.490368
23200000,30,-348.131,2077.47,32.5801,0.501214
23220000,34,-377.277,2115.63,49.2574,0.49825
23240000,30,-339.303,2067.74,37.3684,0.504905
23260000,30,-338.843,2151.34,44.4127,0.495
23280000,39,-448.248,2107.08,32.2769,0.512167
23300000,29,-336.426,2119.73,21.408,0.49
23320000,29,-335.669,2114.77,48.0514,0.439
23340000,32,-366.574,2126.78,34.3537,0.511
23360000,34,-385.716,2106.61,37.1501,0.486
23380000,37,-419.37,2131.51,40.1371,0.511
23400000,32,-360.37,2113.85,33.4238,0.459
23420000,38,-424.693,2121.25,30.1465,0.51
23440000,33,-371.031,2118.85,36.9199,0.5141
23460000,34,-383.62,2109.7,42.8155,0.507
23480000,27,-307.945,2098.49,26.5985,0.531
23500000,34,-384.359,2105.48,50.047,0.491
23520000,30,-330.981,2102.31,32.5769,0.485
23540000,29,-331.322,2126.17,29.6069,0.495
23560000,35,-386.971,2126.04,34.1914,0.471
23580000,34,-378.769,2145.77,29.8229,0.493
23600000,34,-387.066,2114.4,32.5124,0.478
23620000,35,-391.719,2138.9,42.8406,0.49
23640000,33,-371.137,2080.58,31.3188,0.519
23660000,29,-326.909,2100.74,19.5708,0.5
23680000,37,-417.388,2130.91,39.7881,0.527
23700000,29,-330.408,2083.87,23.9458,0.470667
23720000,37,-419.673,2144.04,38.3334,0.499
23740000,31,-365.894,2132.29,38.7194,0.467
23760000,34,-398.594,2103.49,30.59,0.48305
23780000,35,-390.294,2133.04,32.3596,0.504667
23800000,37,-418.876,2120.96,45.149,0.503857
23820000,32,-355.409,2139.95,42.4908,0.506
23840000,29,-326.61,2117.29,24.501,0.432
23860000,35,-391.736,2108.48,29.4251,0.515
23880000,36,-395.287,2136.65,32.8254,0.547
23900000,32,-350.004,2113.46,38.9904,0.484
23920000,32,-354.915,2132.33,35.6527,0.49475
23940000,33,-375.039,2126.19,28.9232,0.515
23960000,29,-337.179,2124.09,29.7058,0.464
23980000,31,-346.181,2113.6,41.205,0.486
24000000,33,-372.559,2106.44,42.8879,0.536
24020000,29,-338.535,2102.23,26.8365,0.492
24040000,33,-377.428,2069.49,32.1237,0.472
24060000,38,-423.694,2081.82,38.375,0.513
24080000,33,-362.931,2110.96,21.666,0.506
24100000,32,-362.987,2109.98,45.9847,0.47
24120000,30,-346.558,2102.46,30.5441,0.499391
24140000,35,-390.751,2104.06,31.7274,0.514048
24160000,38,-431.253,2112.66,41.2309,0.517
24180000,29,-324.044,2097.53,28.8647,0.48
24200000,30,-347.78,2106.89,28.2493,0.495
24220000,37,-428.305,2085.84,40.0493,0.514556
24240000,28,-319.796,2093.59,31.9282,0.489
24260000,27,-306.568,2086.42,20.3031,0.496
24280000,28,-318.987,2071.4,26.7256,0.484
24300000,34,-388.911,2112.72,25.267,0.508
24320000,30,-333.357,2093.02,29.3628,0.512
24340000,30,-341.816,2107.28,27.9314,0.499133
24360000,30,-340.946,2110.3,26.9604,0.490667
24380000,28,-314.462,2087.08,27.2199,0.496095
24400000,31,-343.007,2107.93,27.2777,0.4816
24420000,30,-336.14,2101.69,30.0931,0.464
24440000,30,-342.393,2081.81,27.5744,0.468
24460000,33,-381.448,2110.59,28.998,0.521714
24480000,34,-387.552,2106.83,33.5493,0.535
24500000,31,-351.639,2103.06,33.6125,0.526
24520000,30,-338.094,2117.53,23.9823,0.482
24540000,34,-375.958,2101.32,38.3164,0.5025
24560000,33,-362.95,2084.32,29.4074,0.511
24580000,26,-295.444,2095.99,24.0106,0.428
24600000,33,-367.858,2086.24,34.1864,0.515
24620000,37,-419.188,2102.95,37.2579,0.506
24640000,29,-331.753,2082.73,26.2805,0.484
24660000,28,-322.277,2094.33,37.1992,0.47
24680000,34,-390.675,2093.48,36.7934,0.518
24700000,37,-414.573,2103.57,32.6708,0.519
24720000,34,-380.485,2131.05,33.2599,0.5155
24740000,31,-354.933,2085.76,32.7215,0.485
24760000,33,-370.653,2095.91,36.7561,0.52
24780000,33,-371.208,2111.18,29.0125,0.484727
24800000,35,-388.994,2097.27,38.0917,0.53
24820000,30,-331.647,2094.59,31.6756,0.468
24840000,33,-364.812,2098.94,25.5968,0.4967
24860000,31,-354.224,2113.93,29.93,0.528
24880000,29,-333.891,2074.25,41.793,0.508
24900000,27,-312.181,2105.92,27.6582,0.4938
24920000,29,-330.337,2093.19,24.3705,0.495
24940000,28,-320.07,2105.66,28.2834,0.468
24960000,33,-363.369,2096.67,36.7364,0.492
24980000,30,-347.812,2117.26,29.8368,0.494167
25000000,30,-348.32,2103.11,26.985,0.498
25020000,29,-318.135,2095.28,22.9497,0.511
25040000,31,-356.91,2082.32,25.1525,0.461
25060000,31,-358.113,2100.42,31.4041,0.497222
25080000,31,-351.733,2106.97,34.0377,0.489714
25100000,31,-343.554,2132.63,43.2782,0.532
25120000,42,-463.44,2111.1,56.4236,0.5315
25140000,33,-365.896,2103.57,35.7428,0.492714
25160000,39,-443.514,2109.91,46.9571,0.499
25180000,32,-356.531,2099.81,33.3109,0.479
25200000,34,-380.748,2092.48,48.3497,0.496
25220000,30,-348.922,2108.25,35.8231,0.462
25240000,33,-381.195,2091.45,48.2328,0.499
25260000,33,-372.949,2078.42,38.882,0.507
25280000,31,-346.741,2130.72,29.1695,0.495
25300000,30,-332.183,2089.17,30.5518,0.497
25320000,30,-338.383,2112.04,27.2929,0.500333
25340000,27,-305.771,2113.92,33.6994,0.51
25360000,30,-338.414,2114.23,33.4714,0.48
25380000,33,-370.286,2106.6,34.6052,0.524
25400000,27,-306.129,2072.54,34.6642,0.4908
25420000,28,-315.446,2116.76,30.5535,0.488333
25440000,29,-324.899,2097.19,28.6608,0.475
25460000,34,-386.835,2122.56,28.556,0.50425
25480000,30,-334.913,2125.48,29.0567,0.475
25500000,35,-388.827,2100.4,23.9757,0.517
25520000,27,-306.054,2110.99,26.7874,0.451
25540000,28,-321.319,2084.36,34.3913,0.497176
25560000,32,-366.448,2088.64,32.2275,0.493
25580000,32,-354.252,2118.97,27.8065,0.488
25600000,34,-378.968,2085.36,29.3931,0.4896
25620000,34,-389.813,2090.91,39.285,0.509727
25640000,27,-299.472,2105.42,36.0648,0.5
25660000,33,-373.378,2088.01,29.8812,0.502
25680000,28,-309.863,2091.06,27.765,0.479667
25700000,35,-386.892,2110.62,30.5241,0.508
25720000,28,-308.315,2089.15,33.6253,0.479
25740000,30,-340.647,2120.64,30.0686,0.503
25760000,30,-341.747,2099.94,30.7791,0.484
25780000,25,-281.056,2081.98,18.485,0.447
25800000,26,-293.144,2051.27,27.4428,0.443
25820000,30,-351.012,2116.51,41.1024,0.468
25840000,29,-331.68,2083.81,26.9744,0.4825
25860000,28,-317.634,2085.52,27.4659,0.477
25880000,30,-344.849,2115.81,32.7781,0.4945
25900000,32,-359.345,2078.38,31.5915,0.511714
25920000,27,-295.99,2089.9,32.9496,0.508
25940000,31,-350.593,2109.73,32.1295,0.496
25960000,33,-375.464,2096.09,30.5924,0.488
25980000,33,-376.572,2099.41,32.0146,0.504333
26000000,30,-336.965,2097.07,33.896,0.485
26020000,31,-350.433,2103.12,32.023,0.468
26040000,30,-337.802,2113.6,30.813,0.513
26060000,26,-296.327,2091.75,28.3317,0.419
26080000,33,-381.086,2084.02,37.5123,0.508
26100000,30,-335.694,2092.53,33.4405,0.477
26120000,35,-385.635,2095.28,33.3117,0.513
26140000,32,-365.671,2111.73,42.8856,0.493
26160000,31,-357.392,2086.28,27.8192,0.489
26180000,29,-329.371,2092.19,25.0738,0.521
26200000,30,-348.38,2086.67,36.9348,0.478
26220000,30,-342.881,2108.45,35.7292,0.508
26240000,30,-343.802,2091.92,37.3417,0.483385
26260000,33,-380.521,2120.73,28.5025,0.474
26280000,29,-338.573,2098.11,22.8782,0.49
26300000,32,-360.396,2135.42,40.2602,0.498846
26320000,32,-368.493,2137.04,23.3378,0.518
26340000,31,-343.265,2103.46,30.6271,0.507
26360000,32,-363.379,2130.29,33.8874,0.504
26380000,34,-377.291,2120.84,44.5538,0.525
26400000,31,-353.993,2093.03,37.516,0.524
26420000,32,-359.313,2129.61,32.2287,0.476
26440000,34,-387.823,2094.06,44.5672,0.52
26460000,31,-360.329,2104.86,28.9554,0.499
26480000,35,-395.838,2128.95,43.3951,0.502
26500000,30,-335.32,2104.08,23.7451,0.469
26520000,30,-343.098,2113.51,33.8725,0.434
26540000,31,-347.125,2085.31,28.6342,0.481895
26560000,34,-376.506,2102.45,40.0725,0.465
26580000,32,-359.575,2068.64,30.6603,0.482
26600000,29,-327.36,2086.19,25.7162,0.490235
26620000,39,-451.723,2124.68,51.9368,0.504
26640000,31,-359.974,2076.5,29.8566,0.5108
26660000,32,-368.385,2094.19,40.6535,0.487
26680000,29,-330.181,2072,25.9587,0.485
26700000,31,-349.04,2089.66,34.4676,0.512
26720000,27,-301.324,2078.63,31.163,0.4928
26740000,32,-360.659,2064.9,31.9004,0.468
26760000,30,-331.295,2103.04,20.2716,0.492
26780000,31,-339.911,2092.69,32.8537,0.488
26800000,29,-323.169,2109.42,35.418,0.497
26820000,27,-300.662,2092.69,31.9285,0.456
26840000,29,-325.99,2068.17,24.634,0.465
26860000,30,-338.463,2073.26,24.6678,0.468
26880000,27,-306.124,2099.1,30.1652,0.476
26900000,31,-357.039,2087.66,28.2679,0.457
26920000,29,-325.962,2094.43,25.7437,0.49775
26940000,26,-291.882,2080.06,35.3877,0.494
26960000,26,-298.073,2072.62,23.0216,0.461
26980000,32,-359.444,2067.51,29.4696,0.503
27000000,32,-356.171,2092.55,23.9704,0.491421
27020000,34,-378.126,2098.28,26.6277,0.516
27040000,29,-325.615,2105.85,23.0278,0.483
27060000,33,-371.901,2081.82,33.1706,0.524
27080000,30,-337.037,2117.64,21.4304,0.472
27100000,32,-357.855,2092.96,41.5794,0.483667
27120000,30,-341.541,2111.39,27.2764,0.494
27140000,32,-367.139,2093.2,36.9867,0.516
27160000,33,-365.422,2085.09,44.5528,0.493
27180000,28,-316.009,2102.76,26.5211,0.475
27200000,30,-345.166,2096.77,26.7057,0.491
27220000,27,-312.174,2103.44,26.3833,0.471
27240000,32,-354.386,2072.84,39.069,0.489
27260000,29,-328.169,2088.49,33.2822,0.481
27280000,30,-340.085,2098.53,39.3699,0.508
27300000,26,-290.713,2080.74,24.4738,0.478
27320000,27,-302.149,2086.15,32.5754,0.478409
27340000,34,-380.387,2082.97,37.9476,0.501615
27360000,30,-336.733,2065.45,29.0684,0.495077
27380000,30,-343.06,2089.53,25.891,0.469
27400000,32,-362.849,2072.25,33.8619,0.458
27420000,28,-317.759,2081.76,42.9831,0.479
27440000,33,-377.451,2100.92,31.6652,0.467
27460000,33,-369.783,2097.03,33.3468,0.495
27480000,28,-315.755,2083.57,21.293,0.422
27500000,28,-322.213,2100.97,36.7257,0.504
27520000,31,-350.614,2094.5,23.9203,0.494
27540000,30,-332.092,2085.27,45.796,0.492
27560000,27,-310.815,2101.19,20.663,0.469
27580000,27,-306.501,2099.57,37.5881,0.468
27600000,24,-275.772,2085.01,25.2787,0.429
27620000,30,-344.78,2075.01,35.0564,0.489
27640000,34,-386.854,2092.36,37.3755,0.531
27660000,29,-333.223,2117.44,37.2478,0.478
27680000,30,-339.721,2080.16,29.0641,0.508
27700000,27,-305.225,2091.7,25.0805,0.478
27720000,27,-310.861,2084.33,27.3632,0.5015
27740000,30,-336.045,2067.3,22.5946,0.491286
27760000,26,-287.554,2087.23,21.3262,0.503667
27780000,30,-334.166,2087.43,33.8692,0.458
27800000,26,-296.428,2112.67,25.962,0.493
27820000,29,-336.254,2123,25.4058,0.488
27840000,30,-336.803,2070.94,25.6013,0.4995
27860000,26,-297.602,2083.17,18.6505,0.477333
27880000,33,-372.533,2100.87,30.8889,0.490286
27900000,29,-330.763,2093.84,26.5494,0.475
27920000,28,-320.048,2111.12,36.2619,0.480923
27940000,25,-285.618,2075.5,23.0045,0.431
27960000,25,-285.959,2087.41,33.236,0.465333
27980000,27,-316.43,2111.49,28.4492,0.489
28000000,27,-305.606,2091.56,24.378,0.459
28020000,27,-306.326,2055.01,22.6354,0.486
28040000,28,-313.065,2075.48,22.3817,0.487
28060000,30,-336.865,2082,37.3196,0.495647
28080000,36,-406.285,2101.97,41.2732,0.51737
28100000,27,-304.294,2108.56,26.6983,0.462
28120000,28,-324.042,2093.97,25.6954,0.492
28140000,32,-366.982,2080.54,42.0619,0.508
28160000,26,-305.815,2076.11,19.1864,0.488
28180000,27,-303.131,2069.17,26.7785,0.487
28200000,29,-333.184,2062.65,21.7439,0.488
28220000,26,-303.913,2089.21,29.6666,0.4655
28240000,30,-341.479,2109.25,33.7226,0.476
28260000,27,-310.718,2100.94,22.3093,0.481
28280000,30,-332.508,2100.54,47.6868,0.492
28300000,26,-303.379,2085.68,25.2645,0.43
28320000,25,-296.508,2093.4,27.1725,0.482
28340000,29,-330.003,2076.11,26.4315,0.529
28360000,24,-272.57,2076.71,30.3186,0.486
28380000,30,-336.464,2118.49,27.2704,0.528
28400000,33,-373.796,2094.86,31.2183,0.484
28420000,32,-360.751,2090.58,37.7438,0.487
28440000,37,-409.567,2097.18,35.9176,0.524
28460000,29,-325.059,2073.83,22.9463,0.485
28480000,31,-346.654,2116.99,36.3838,0.468
28500000,32,-359.157,2081.79,39.6601,0.479
28520000,29,-321.465,2105.87,39.7998,0.451
28540000,32,-374.075,2096.61,25.2526,0.498
28560000,26,-297.82,2086.01,28.0923,0.461
28580000,29,-338.247,2097.31,28.0939,0.507556
28600000,34,-376.696,2109.91,32.1164,0.495
28620000,27,-308.142,2115.53,36.0903,0.463
28640000,31,-341.218,2078.78,28.5953,0.517
28660000,30,-334.881,2081.07,27.7972,0.5215
28680000,34,-390.717,2074.78,36.1862,0.4945
28700000,34,-373.221,2089.36,31.4852,0.53075
28720000,29,-323.951,2090.16,45.9012,0.498
28740000,27,-305.975,2099.4,33.5854,0.499
28760000,31,-351.834,2085.2,31.0571,0.485
28780000,34,-388.092,2093.66,26.4204,0.502
28800000,36,-416.223,2077.24,36.6432,0.518
28820000,30,-339.927,2056.68,30.6321,0.4935
28840000,29,-326.369,2064.65,27.0992,0.474
28860000,30,-329.336,2088.43,18.356,0.468
28880000,34,-376.355,2136.53,41.9412,0.504
28900000,32,-353.488,2085.1,30.7666,0.494
28920000,28,-317.065,2093.04,26.4106,0.456
28940000,31,-354.274,2061.2,40.1778,0.49
28960000,26,-299.085,2094.91,32.3451,0.467
28980000,28,-317.114,2090.77,27.7752,0.503154
29000000,30,-337.767,2085.41,32.9796,0.474
29020000,33,-382.316,2112.48,31.981,0.493808
29040000,34,-386.78,2114.89,42.4712,0.521
29060000,26,-298.324,2105.59,22.1913,0.464
29080000,30,-339.88,2103.02,39.0714,0.475
29100000,29,-340.692,2116.46,30.9696,0.485
29120000,28,-318.451,2082.06,23.0071,0.481
29140000,32,-367.914,2097.38,35.2183,0.488
29160000,34,-382.488,2081.38,28.9586,0.507231
29180000,29,-329.965,2076.09,37.1272,0.5
29200000,29,-329.676,2075.35,35.721,0.493
29220000,33,-375.848,2093.2,24.1588,0.511
29240000,29,-325.042,2058.13,32.5146,0.489955
29260000,36,-401.021,2101.71,54.0001,0.51
29280000,30,-352.842,2095.36,34.1618,0.475667
29300000,30,-345.811,2099.82,22.9419,0.502
29320000,34,-380.003,2106.06,39.3257,0.489333
29340000,32,-359.608,2102.02,27.3925,0.517
29360000,29,-322.917,2106.77,31.3906,0.49
29380000,35,-388.337,2123.22,36.1688,0.52
29400000,34,-394.022,2128.89,38.1766,0.503071
29420000,29,-325.649,2063.56,30.7918,0.49
29440000,39,-435.196,2115.19,34.6869,0.49
29460000,30,-338.28,2118.27,35.746,0.495
29480000,30,-332.415,2093.43,35.2763,0.482
29500000,31,-354.083,2058.12,22.6984,0.494
29520000,30,-332.69,2118.56,34.9478,0.475
29540000,36,-397.334,2099.16,35.2435,0.483
29560000,23,-260.285,2037.8,25.4368,0.436
29580000,32,-358.874,2109.37,30.3096,0.4982
29600000,29,-326.225,2034.24,32.6637,0.526
29620000,30,-348.989,2088.74,25.9312,0.5006
29640000,34,-392.896,2101.39,41.9719,0.519
29660000,31,-349.767,2098.6,38.2142,0.516
29680000,26,-292.222,2062.67,29.6375,0.48
29700000,26,-307.13,2099.11,24.5325,0.457
29720000,26,-293.201,2077.57,28.6423,0.47985
29740000,27,-301.053,2093.05,30.7868,0.501077
29760000,29,-322.15,2054.52,32.288,0.484
29780000,36,-402.333,2102.09,35.4565,0.499933
29800000,32,-360.755,2065.86,33.2588,0.507
29820000,36,-410.273,2097.56,38.725,0.505
29840000,27,-307.625,2092.66,21.2097,0.477
29860000,31,-360.68,2104.97,31.0427,0.478125
29880000,28,-321.612,2087.54,24.801,0.441
29900000,27,-314.433,2098.89,16.8504,0.47
29920000,34,-383.344,2079.24,38.7109,0.498
29940000,29,-326.524,2088.82,40.5114,0.499
29960000,28,-314.813,2095.29,25.9526,0.508
29980000,34,-386.656,2075.52,40.5341,0.497111
