generation,N_shifts,logPrior,logLik,eventRate,acceptRate
0,0,-16.4374,-12211.9,500,0
20000,3,-50.7062,1471.93,2.82087,0.5155
40000,5,-78.9548,1560.04,7.05961,0.5475
60000,6,-90.3249,1662.73,7.27678,0.502
80000,9,-128.957,1658.2,12.0774,0.536
100000,5,-84.6014,1653.91,7.47238,0.522
120000,5,-89.0296,1652.15,6.43724,0.523
140000,11,-147.838,1753.11,5.03139,0.500833
160000,14,-182.904,1755.67,12.261,0.544
180000,11,-147.899,1747.49,11.245,0.575
200000,11,-155,1775.35,8.47229,0.524
220000,12,-155.441,1734.32,22.1336,0.5445
240000,6,-99.5645,1711.73,7.79678,0.462
260000,14,-191.882,1813.59,15.8996,0.511
280000,12,-171.453,1817.16,9.77281,0.511
300000,12,-159.348,1742.8,10.4633,0.545
320000,13,-168.051,1745.59,12.5477,0.5534
340000,11,-144.773,1770.91,9.00478,0.508167
360000,12,-166.886,1814,10.6731,0.531
380000,13,-169.295,1827.76,7.8628,0.5615
400000,16,-205.878,1848.67,24.5252,0.527
420000,14,-199.496,1865.67,23.1567,0.514
440000,15,-199.182,1862.14,16.9184,0.516
460000,15,-204.115,1847.92,11.4146,0.5045
480000,13,-181.528,1857.37,11.0164,0.5345
500000,14,-183.499,1846.06,21.8464,0.534375
520000,13,-176.87,1850.9,12.317,0.504
540000,17,-212.991,1867.16,15.7992,0.516143
560000,18,-229.406,1897.55,13.8634,0.52
580000,15,-197.022,1885.83,16.2586,0.525
600000,13,-178.352,1879.44,16.4177,0.5118
620000,16,-215.04,1894.53,14.831,0.539
640000,20,-248.422,1880.39,18.059,0.535517
660000,22,-285.595,1921.8,28.4247,0.542
680000,16,-209.873,1880.07,16.5369,0.490286
700000,19,-250.607,1914.15,19.4914,0.522667
720000,14,-195.104,1855.97,16.2555,0.498
740000,15,-214.368,1875.43,13.3753,0.495
760000,18,-250.065,1926.59,21.6029,0.499
780000,17,-225.849,1904.42,15.641,0.507
800000,14,-191.229,1842.96,14.3193,0.543222
820000,21,-279.783,1935.1,28.0367,0.527
840000,16,-223.013,1919.61,17.279,0.481
860000,20,-254.361,1898.58,15.8221,0.538
880000,18,-231.14,1890.84,23.9628,0.497
900000,17,-230.361,1892.1,26.6977,0.491
920000,17,-227.233,1895.9,16.085,0.514263
940000,19,-242.792,1904.18,16.3967,0.541
960000,22,-283.829,1952.98,30.6535,0.52
980000,18,-230.613,1917.7,16.6319,0.529
1000000,22,-278.066,1959.37,26.1367,0.522
1020000,20,-262.47,1911.16,23.8604,0.521333
1040000,26,-328.565,1960.03,26.3977,0.547
1060000,18,-247.802,1937.94,22.1705,0.502
1080000,16,-213.549,1927.09,14.2998,0.521667
1100000,20,-253.352,1928.41,22.0403,0.525429
1120000,19,-260.795,1951.58,18.5788,0.5205
1140000,20,-257.858,1903.06,21.0478,0.54
1160000,18,-239.408,1962.98,18.423,0.525
1180000,23,-290.542,1951.96,19.564,0.518
1200000,24,-292.321,1941.24,22.9943,0.517
1220000,19,-252.582,1916.23,22.0054,0.517
1240000,21,-282.95,1944.53,21.1153,0.507
1260000,28,-346.221,1966.65,39.0455,0.538
1280000,22,-282.63,1934.29,22.976,0.542
1300000,22,-290.908,1955.08,21.0085,0.535
1320000,21,-283.033,1942.43,27.9359,0.532
1340000,23,-296.312,1952.27,31.2045,0.523889
1360000,19,-258.767,1944.22,18.4075,0.53
1380000,19,-252.532,1959.13,19.2152,0.507
1400000,23,-294.086,1928.28,19.411,0.5252
1420000,20,-261.053,1962.58,21.4155,0.524
1440000,25,-306.781,1936.97,31.3547,0.557
1460000,22,-275.356,1925.18,17.9682,0.539
1480000,18,-240.511,1942.93,27.6167,0.5256
1500000,22,-291.817,1954.44,32.6377,0.5188
1520000,20,-262.369,1952.68,38.1376,0.524
1540000,25,-313.441,1945.11,27.924,0.547
1560000,19,-263.497,1964.29,24.4509,0.496
1580000,20,-262.035,1956.29,20.694,0.485
1600000,27,-341.762,1943.17,23.1994,0.571
1620000,23,-299.144,1967.39,24.6623,0.496
1640000,25,-320.444,1975.82,24.2242,0.524
1660000,16,-225.676,1944.63,14.8071,0.521
1680000,23,-303.459,1983.47,20.8926,0.484
1700000,24,-305.394,1974.83,17.183,0.498
1720000,24,-316.572,1968.18,22.0308,0.513
1740000,21,-270.744,1984.96,17.7961,0.524
1760000,22,-286.987,1977.44,23.4986,0.503
1780000,33,-412.299,1977.88,23.4199,0.537
1800000,17,-235.091,1959.29,20.1381,0.538
1820000,28,-372.733,1963.94,40.2466,0.512208
1840000,22,-291.062,1982.07,20.2384,0.506
1860000,25,-326.628,2000.52,22.7765,0.53925
1880000,21,-276.219,1981.29,14.5422,0.508
1900000,25,-322.262,1982.52,23.0206,0.492
1920000,20,-274.247,1973.01,26.2864,0.4984
1940000,25,-319.144,1993.96,26.9429,0.52
1960000,19,-270.111,1971.12,17.2898,0.493
1980000,29,-371.712,1995.43,32.8623,0.567
2000000,23,-297.007,1958.92,18.426,0.518
2020000,29,-375.283,2024.46,31.4562,0.516
2040000,20,-265.222,1965.64,20.3148,0.522
2060000,25,-317.844,1954.16,21.9742,0.539667
2080000,24,-309.84,1961.41,25.162,0.528333
2100000,28,-352.652,2003.99,23.1416,0.5345
2120000,25,-317.347,1990.56,27.4284,0.508
2140000,23,-300.73,1952.34,32.1507,0.50025
2160000,24,-321.77,2019.01,22.784,0.502
2180000,24,-319.698,2001.62,25.5427,0.5015
2200000,30,-382.754,2018.03,27.9549,0.525
2220000,27,-342.684,1989.87,29.4998,0.505
2240000,26,-326.154,2002.7,23.9754,0.521
2260000,27,-357.745,2017.68,22.161,0.536
2280000,26,-340.583,1983.67,17.5461,0.531
2300000,25,-327.979,1991.89,28.4533,0.539
2320000,25,-328.128,2008.57,25.4033,0.498
2340000,30,-373.575,2007.69,29.6541,0.567
2360000,21,-264.485,1909.6,30.4547,0.510333
2380000,24,-313.07,1979.2,23.8216,0.5248
2400000,26,-336.604,2019.43,30.8741,0.527
2420000,29,-364.197,1961.89,20.7589,0.551
2440000,22,-295.006,1966.98,34.4383,0.5266
2460000,27,-341.532,1974.43,39.5315,0.55
2480000,24,-311.49,1977.83,21.386,0.52
2500000,18,-241.703,1940.91,15.6958,0.476
2520000,26,-345.453,1984.99,29.0875,0.534
2540000,26,-340.265,2012.74,26.7596,0.522
2560000,31,-388.958,2000.18,29.9648,0.512
2580000,24,-315.36,1984.4,27.692,0.52575
2600000,24,-322.272,2025.79,25.9114,0.491
2620000,27,-341.576,2003.6,26.6001,0.531
2640000,26,-334.455,1998.81,21.5796,0.52
2660000,16,-212.257,1938.79,19.6989,0.5
2680000,32,-412.196,2017.72,22.7842,0.523105
2700000,22,-293.657,1971.49,19.3591,0.529
2720000,19,-262.596,1945.94,12.1432,0.49
2740000,25,-322.006,1973.31,17.8593,0.504
2760000,33,-412.97,2024.27,48.2104,0.524
2780000,36,-448.241,2009.01,28.153,0.551
2800000,25,-332.947,2013.43,15.8454,0.483
2820000,26,-349.971,2030.37,26.5343,0.525
2840000,23,-294.243,1952.13,29.4317,0.526
2860000,29,-381.737,1992.36,29.3194,0.540333
2880000,24,-320.627,1975.9,25.0378,0.526
2900000,31,-391.86,2046.2,32.3638,0.545182
2920000,25,-328.473,1965.59,27.3337,0.555615
2940000,33,-399.923,2026.74,23.6066,0.547
2960000,31,-394.33,2022.2,36.7559,0.535182
2980000,30,-397.847,2041.73,30.386,0.526
3000000,27,-345.6,2034.74,27.0801,0.537
3020000,28,-365.929,2003.64,35.0664,0.478
3040000,29,-394.998,2040.63,33.9688,0.519
3060000,29,-381.16,2026.88,27.282,0.527
3080000,28,-373.139,2033.85,28.5139,0.497
3100000,25,-313.491,1955.19,18.223,0.529
3120000,29,-367.462,2025.41,19.7516,0.528
3140000,27,-354.079,2027.59,39.3074,0.533
3160000,24,-309.993,1943.2,33.8259,0.533
3180000,28,-341.522,2021.2,25.4306,0.535
3200000,21,-272.906,1941.64,21.6995,0.512
3220000,24,-309.829,1946.17,35.2463,0.518
3240000,34,-421.597,2035.93,24.332,0.556
3260000,25,-323.595,1987.67,21.5405,0.528
3280000,24,-308.537,1950.48,34.9641,0.547778
3300000,21,-276.287,1979.23,23.0416,0.501
3320000,27,-340.988,1978.42,38.5983,0.471
3340000,29,-377.863,2017.97,22.49,0.523
3360000,29,-394.762,2049.33,31.8048,0.49
3380000,33,-435.141,2011.91,22.9154,0.529795
3400000,27,-350.94,2025.18,37.6737,0.502
3420000,29,-358.695,1951.21,36.7218,0.566
3440000,32,-409.454,2031.52,41.1756,0.547
3460000,27,-354.514,2053.73,24.7666,0.515
3480000,29,-385.095,2048.38,30.0358,0.516437
3500000,30,-378.348,2020.32,40.0494,0.501
3520000,28,-364.329,2058.14,25.4322,0.518
3540000,26,-341.6,2036.1,26.5038,0.496
3560000,25,-318.531,1957.2,25.9814,0.509
3580000,28,-366.895,2011.46,32.1426,0.533333
3600000,25,-329.738,2018.55,22.2409,0.510769
3620000,28,-373.436,2028.95,30.8522,0.525
3640000,31,-407.991,2027.07,26.4474,0.510833
3660000,29,-357.361,1969.13,22.231,0.519857
3680000,30,-385.744,2026.31,28.5734,0.494
3700000,32,-408.012,2028.78,42.7456,0.535
3720000,21,-277.444,1972.5,19.7134,0.508182
3740000,28,-368.498,2037.59,25.7459,0.499
3760000,22,-285.041,1983.67,25.0501,0.502
3780000,30,-383.414,2046.71,36.9308,0.516
3800000,25,-329.167,1999.84,25.6081,0.523
3820000,27,-346.43,2001.19,25.0112,0.543
3840000,30,-384.384,2038,24.844,0.512667
3860000,28,-369.987,2067.93,31.7944,0.518286
3880000,31,-404.834,2075.37,26.6576,0.51
3900000,36,-455.159,2046.74,45.9393,0.524
3920000,31,-385.556,2041.83,35.3643,0.515
3940000,23,-302.901,1974.96,20.8841,0.494
3960000,28,-367.101,2036.93,18.7709,0.511
3980000,28,-374.408,2041.65,32.576,0.527
4000000,28,-375.996,2046.22,28.0433,0.503
4020000,29,-370.558,2045.41,31.9219,0.526667
4040000,24,-310.88,2040.26,32.8769,0.494
4060000,26,-324.827,2044.56,20.5339,0.513
4080000,27,-358.327,2048.98,26.7911,0.493
4100000,29,-374.439,2023.54,27.246,0.461
4120000,36,-446.371,2035.05,35.111,0.531556
4140000,31,-388.396,2044.54,33.4383,0.489
4160000,26,-335.868,1974.02,20.0773,0.50625
4180000,31,-392.907,2034.45,28.3742,0.545
4200000,27,-373.421,2045.42,23.6869,0.5085
4220000,20,-268.411,1961.16,20.5973,0.485
4240000,31,-394.032,2031.43,37.349,0.531
4260000,25,-331.029,2027.46,21.8409,0.489
4280000,29,-379.914,2048.64,29.4283,0.526
4300000,30,-378.646,2022.13,25.9255,0.481
4320000,30,-388.427,2045.58,31.1273,0.5365
4340000,31,-394.241,2054.33,26.9079,0.521
4360000,20,-277.446,1958.25,16.5731,0.476
4380000,29,-376.368,2034.62,29.0783,0.524033
4400000,26,-342.195,2033.49,25.3391,0.526
4420000,27,-352.853,1979.9,26.2678,0.54175
4440000,27,-344.296,2001.19,24.617,0.531
4460000,28,-361.864,2062.79,21.6611,0.483
4480000,24,-310.572,1960.02,22.3941,0.508
4500000,25,-333.191,2039.85,23.0318,0.51
4520000,28,-365.516,2033.96,32.3135,0.503
4540000,35,-454.559,2063.28,35.9108,0.543
4560000,22,-290.122,1980.36,17.4371,0.498
4580000,33,-441.356,2069.87,42.9242,0.5385
4600000,23,-305.741,2023.31,30.1098,0.502
4620000,24,-314.506,2023.57,33.8922,0.506
4640000,32,-400.484,2055.43,40.4591,0.5345
4660000,27,-341.637,2018.99,23.3581,0.51975
4680000,29,-373.083,2015.98,30.0202,0.546
4700000,29,-369.741,2032.52,21.4996,0.5165
4720000,25,-336.411,2036.66,22.4384,0.492
4740000,29,-383.409,2045.46,26.509,0.491
4760000,30,-401.105,2062.49,24.3807,0.5
4780000,32,-407.439,2061.8,39.7687,0.556
4800000,27,-347.921,1993.71,25.6862,0.514
4820000,27,-343.181,1991.27,23.0211,0.546
4840000,28,-360.613,2027.55,34.2537,0.517
4860000,26,-351.083,2027.56,31.2922,0.5356
4880000,22,-292.929,2006.45,17.7551,0.525
4900000,37,-460.75,2050.27,38.3152,0.544389
4920000,24,-311.775,1980.95,29.0713,0.515
4940000,35,-441.158,2044.12,31.3804,0.5401
4960000,29,-379.439,2042.42,19.4162,0.5445
4980000,27,-334.043,1972.81,29.8877,0.510917
5000000,24,-320.743,2022.93,25.3728,0.488571
5020000,24,-312.917,2017.62,24.735,0.4875
5040000,30,-395.549,2040.94,35.932,0.524
5060000,25,-320.125,1978.87,25.1033,0.517429
5080000,29,-370.371,2041.51,24.9457,0.526
5100000,34,-422.429,2046.46,34.9964,0.5395
5120000,27,-348,2056.01,22.0298,0.482
5140000,33,-414.058,2054.17,29.3325,0.544
5160000,28,-364.492,2056.52,41.6331,0.515842
5180000,28,-363.894,2050.72,22.5378,0.522
5200000,23,-293.496,1993.89,23.1572,0.475
5220000,29,-366.769,2029.53,33.9757,0.491
5240000,28,-354.36,1978.51,30.9605,0.497
5260000,23,-294.664,1980.16,27.6048,0.491
5280000,27,-347.888,2024,33.1368,0.4945
5300000,30,-382.14,2031.58,36.9855,0.502
5320000,27,-370.491,2024.14,20.3706,0.475
5340000,30,-385.025,2020.63,38.8262,0.529
5360000,28,-367.411,2008.13,23.9737,0.5018
5380000,24,-311.651,1987.36,24.7407,0.522
5400000,26,-339.615,1989.28,23.9158,0.503
5420000,30,-394.859,2039.19,27.9111,0.519
5440000,32,-408.26,2038.22,38.7123,0.530533
5460000,27,-359.733,2008.54,23.7819,0.506286
5480000,28,-366.377,2031.51,37.1994,0.529
5500000,24,-309.698,2037.64,21.3223,0.496
5520000,29,-368.419,2027.09,24.2231,0.536
5540000,22,-288.956,1992.32,27.0083,0.527
5560000,30,-383.067,2005.18,27.8934,0.531
5580000,28,-356.063,2012.13,24.2141,0.516
5600000,31,-387.645,2040.51,31.1817,0.527
5620000,29,-380.37,2026.25,26.8904,0.511
5640000,31,-386.602,1986.49,33.3609,0.526
5660000,32,-413.558,2026.44,39.0682,0.517
5680000,32,-423.138,2086.29,34.5222,0.537
5700000,25,-328.758,1982.78,25.0129,0.5
5720000,21,-282.699,1982.61,19.5846,0.485
5740000,23,-308.159,2007.16,24.5974,0.484
5760000,35,-437.842,2054.92,43.721,0.5325
5780000,34,-431.21,2055.88,31.2471,0.536
5800000,29,-388.149,2058.54,32.6354,0.542
5820000,24,-321.913,2006.82,30.5761,0.536923
5840000,28,-355.306,2037.58,27.2289,0.531111
5860000,31,-396.902,2045.46,27.8848,0.515235
5880000,28,-372.596,2019.64,22.7954,0.503667
5900000,32,-420.8,2064.59,36.6353,0.524
5920000,23,-302.456,1992.2,21.7298,0.488
5940000,32,-405.244,2023.31,31.9094,0.531
5960000,28,-354.174,2013.34,21.3532,0.521278
5980000,31,-393.162,2007.18,27.369,0.508333
6000000,34,-429.809,2037.32,45.3121,0.53975
6020000,27,-361.686,1985.08,33.9246,0.507
6040000,30,-375.288,2007.2,28.6369,0.515
6060000,28,-358.216,2015.56,39.6481,0.52
6080000,28,-359.78,2006.08,36.2742,0.535
6100000,29,-369.633,2000.39,31.6833,0.493
6120000,31,-396.254,2008.79,31.3082,0.526
6140000,28,-373.698,2018.54,30.6837,0.51
6160000,28,-357.521,1999.17,28.0252,0.491
6180000,27,-339.492,1981.82,27.8302,0.514222
6200000,26,-327.797,1978.54,18.5362,0.526381
6220000,29,-373.902,1992.33,37.5135,0.514905
6240000,26,-334.717,1964.95,21.9709,0.511
6260000,29,-359.077,1963.48,25.2136,0.517
6280000,25,-328.053,2032.67,26.7045,0.466
6300000,26,-326.411,1980.81,30.8972,0.479
6320000,28,-366.844,2029.39,24.0968,0.513
6340000,28,-359.574,2026.41,25.4428,0.524
6360000,29,-365.957,2004.44,26.6103,0.508
6380000,25,-329.813,1998.45,30.5337,0.5035
6400000,33,-410.306,2025.42,25.5156,0.5244
6420000,28,-371.783,2028.22,30.3999,0.504
6440000,30,-394.498,1985.66,29.5117,0.513
6460000,31,-385.236,1979.23,30.0001,0.532
6480000,33,-413.093,1990.05,36.9623,0.541
6500000,32,-397.602,2009.43,24.2139,0.526
6520000,25,-338.935,2017.79,28.5221,0.49
6540000,28,-364.279,2016.73,29.3193,0.505
6560000,32,-400.09,2011.47,36.5652,0.528
6580000,27,-349.717,2026.47,26.2903,0.472
6600000,29,-371.074,1996.87,22.0771,0.518
6620000,31,-397.583,2036.25,30.9978,0.523
6640000,26,-342.405,2029.34,23.2795,0.508
6660000,26,-325.88,1971.56,28.742,0.520963
6680000,29,-369.538,2047.88,27.7582,0.5285
6700000,23,-294.002,1986.33,25.3354,0.476
6720000,27,-340.16,1977.67,28.2788,0.5
6740000,27,-350.083,2039.14,24.0934,0.537
6760000,28,-361.112,2047.97,30.6785,0.522
6780000,29,-362.42,2031.31,39.1843,0.539
6800000,23,-297.881,2004.67,28.4897,0.526208
6820000,27,-350.026,2029.93,30.258,0.509
6840000,29,-372.42,2004.47,31.5759,0.555
6860000,30,-386.323,2026.56,35.2038,0.517
6880000,26,-342.621,2033.46,33.3288,0.518
6900000,33,-406.933,2017.89,31.0786,0.515
6920000,31,-392.53,2039.78,24.072,0.521
6940000,28,-352.796,1995.06,41.4671,0.516
6960000,27,-350.708,2029.66,26.8875,0.5
6980000,29,-364.683,2011.64,32.6024,0.539
7000000,28,-346.961,1975.35,23.3502,0.54
7020000,30,-378.188,2021.42,33.3012,0.524
7040000,26,-341.5,1997.4,31.0427,0.5185
7060000,23,-304.526,1986.41,26.6751,0.501
7080000,24,-310.341,1997.14,27.3868,0.5075
7100000,25,-331.509,2012.42,29.446,0.511
7120000,25,-327.865,1974.29,21.2102,0.503
7140000,24,-315.782,1999.84,31.5379,0.508
7160000,30,-378.142,1986.59,25.337,0.555
7180000,25,-322.448,1988.11,16.0603,0.523
7200000,35,-437.992,2030.78,39.4939,0.539667
7220000,29,-376.697,2038.94,38.8364,0.512
7240000,26,-343.277,2010.03,29.2371,0.499
7260000,27,-346.849,2015.11,39.1219,0.501
7280000,24,-307.135,1956.29,20.2442,0.519
7300000,23,-309.809,2004.02,16.7601,0.501
7320000,25,-325.068,2016.74,26.0392,0.515
7340000,30,-402.47,2030.11,19.3146,0.545
7360000,22,-285.67,1948.04,24.1944,0.482
7380000,26,-342.122,2009.31,36.9549,0.513261
7400000,23,-304.645,1992.04,32.3161,0.5178
7420000,29,-373.676,2031.29,21.7859,0.5344
7440000,28,-366.69,2014.18,20.0192,0.511
7460000,23,-301.512,1952.09,27.4126,0.522
7480000,25,-330.397,1991.37,22.0368,0.503
7500000,27,-354.555,2009.75,19.1484,0.529
7520000,30,-387.894,2003.76,32.2152,0.52
7540000,26,-334.694,1999.85,34.9719,0.524588
7560000,21,-266.551,1967.01,18.1309,0.498
7580000,32,-409.672,2008.13,35.4177,0.532
7600000,36,-444.433,2008.71,38.55,0.525833
7620000,33,-411.793,2038.09,32.0317,0.531
7640000,25,-318.464,1970.94,35.316,0.539
7660000,34,-437.124,2015.59,28.6172,0.527
7680000,26,-333.658,1999.38,34.2184,0.482
7700000,26,-349.752,2050.87,25.1797,0.489
7720000,33,-429.044,2060.37,42.9394,0.53675
7740000,23,-293.573,1947.52,29.9079,0.512
7760000,34,-433.492,2047.58,23.2249,0.541
7780000,28,-368.001,2041.26,23.619,0.484
7800000,26,-331.86,1973.2,25.319,0.517
7820000,28,-366.604,2029.23,34.198,0.492
7840000,23,-298.523,1971.52,16.9265,0.545
7860000,30,-390.37,2017.96,31.7267,0.529
7880000,30,-387.247,2020.14,36.42,0.526368
7900000,31,-393.889,2014.51,39.234,0.524762
7920000,22,-279.726,1955.43,23.1231,0.503417
7940000,27,-355.482,2028.22,29.5416,0.493
7960000,21,-279.814,1976.72,22.0243,0.489
7980000,28,-360.541,2018.48,25.0858,0.486
8000000,24,-323.621,2002.7,29.8727,0.481
8020000,37,-456.549,2048.09,39.2496,0.54275
8040000,27,-335.466,1988.08,27.834,0.507
8060000,27,-346.467,2011.45,21.2909,0.479
8080000,28,-363.698,2018.81,23.8485,0.505273
8100000,27,-350.232,1975.96,20.8267,0.529222
8120000,27,-354.386,2034.76,24.3925,0.5124
8140000,27,-347.308,2020.08,30.4187,0.47
8160000,28,-355.44,1991.78,31.6939,0.553
8180000,29,-380.27,2027.91,33.3876,0.509
8200000,26,-333.592,1982.94,28.6585,0.52
8220000,25,-330.059,2039.27,27.9254,0.493
8240000,25,-328.113,1995.16,25.3038,0.5
8260000,23,-299.904,1987.74,30.3359,0.503
8280000,27,-368.976,2055.33,36.1092,0.515
8300000,29,-378.5,2045.16,28.4989,0.497
8320000,25,-339.929,2039.48,28.6919,0.498
8340000,19,-259.681,1970.77,14.6754,0.478
8360000,22,-301.703,1960.38,25.5696,0.5
8380000,31,-401.635,2047.9,35.4982,0.509
8400000,29,-369.114,2010.67,25.8781,0.538
8420000,29,-385.967,2037.66,31.2124,0.5
8440000,23,-300.991,1977.94,20.8038,0.517091
8460000,32,-400.26,2053.67,32.9376,0.521
8480000,27,-358.027,2045.19,26.1226,0.519818
8500000,25,-330.736,2035.81,33.8525,0.492
8520000,30,-379.87,2039.07,32.2652,0.493
8540000,27,-356.717,2009.69,17.5174,0.487
8560000,29,-371.592,2015.78,28.0585,0.559
8580000,34,-437.18,2042.16,26.4089,0.516
8600000,28,-362.357,2048.33,33.3734,0.501
8620000,24,-309.173,1986.31,25.4367,0.52
8640000,28,-360.301,2020.68,21.1657,0.527
8660000,27,-343.586,2012.14,20.7069,0.506
8680000,31,-387.261,1997.77,28.7003,0.5371
8700000,31,-403.548,2015.37,30.7783,0.52375
8720000,28,-357.053,1991.52,27.2765,0.512
8740000,23,-295.27,1986.91,25.3243,0.508
8760000,24,-318.152,2036.37,28.7104,0.491
8780000,29,-354.753,2007.67,31.9592,0.542
8800000,27,-347.093,1994.85,32.8712,0.557
8820000,28,-355.825,1999.54,32.7639,0.535119
8840000,24,-304.583,2007.16,27.4423,0.491
8860000,23,-302.616,1994.02,23.8422,0.517714
8880000,24,-319.385,1976.21,25.9328,0.52
8900000,23,-309.568,2029.93,14.5784,0.48575
8920000,22,-308.35,1977.34,24.5464,0.509
8940000,30,-388.739,2031.02,25.4523,0.507667
8960000,28,-358.109,1964.18,21.9663,0.533867
8980000,23,-296.462,1989.72,20.1794,0.483
9000000,23,-295.346,1957.63,13.6228,0.5164
9020000,25,-320.109,1972.72,21.8725,0.494
9040000,30,-373.317,2014.99,23.1461,0.529762
9060000,27,-334.04,2017.42,28.4436,0.5375
9080000,22,-286.252,1980.4,20.1986,0.528
9100000,29,-361.268,1959.23,37.1803,0.536
9120000,26,-333.96,2016.73,20.3729,0.513667
9140000,29,-362.134,2024.81,34.1636,0.51
9160000,21,-285.205,1992.28,19.2478,0.503727
9180000,25,-328.211,1984.37,23.9196,0.525
9200000,26,-334.64,2007.67,27.5277,0.528643
9220000,30,-399.232,2024.74,23.1617,0.534
9240000,26,-347.575,2031.4,18.2369,0.530143
9260000,29,-374.315,2035.63,22.8493,0.523476
9280000,26,-340.928,2005.75,23.3919,0.506
9300000,27,-351.085,2031.05,23.2569,0.468
9320000,35,-420.021,2012.53,31.2879,0.526556
9340000,27,-337.337,2008.46,29.8887,0.513
9360000,26,-330.381,2009.93,37.0188,0.526
9380000,24,-319.103,1998.39,35.0768,0.498
9400000,22,-301.298,2000.36,29.0033,0.471
9420000,30,-377.785,2023.54,29.2771,0.504
9440000,28,-350.379,2017.15,25.057,0.540667
9460000,30,-376.304,1991.84,27.9999,0.520333
9480000,27,-349.81,2024.21,30.8918,0.524
9500000,21,-276.517,1988.98,16.0802,0.567
9520000,30,-398.245,2047.06,32.9534,0.525143
9540000,27,-340.982,1997.64,29.5886,0.495
9560000,28,-361.293,2023.25,31.8634,0.509
9580000,26,-328.554,2016.82,19.8267,0.505429
9600000,22,-297.126,2004.8,23.0116,0.494
9620000,28,-358.761,1980.71,36.73,0.505
9640000,27,-338.731,1998.2,34.3337,0.528
9660000,26,-334.043,2023.43,42.38,0.514
9680000,31,-410.278,2018.46,26.9906,0.544
9700000,22,-302.441,2026.85,25.9992,0.477
9720000,24,-311.813,2002.95,22.3915,0.507895
9740000,33,-417.242,2036.15,39.467,0.54925
9760000,22,-289.833,1995.57,36.8275,0.521
9780000,23,-312.048,2018.48,20.5224,0.505
9800000,28,-372.233,2018.92,27.2689,0.529
9820000,26,-351.466,2007.61,26.4055,0.519542
9840000,25,-334.206,2018.1,24.0338,0.486
9860000,27,-357.706,2025.1,35.1569,0.5043
9880000,22,-310.025,2005.59,29.2275,0.461
9900000,29,-371.573,2017.76,31.5482,0.532
9920000,30,-378.795,2017.77,32.9616,0.528778
9940000,23,-315.784,2006.82,25.9149,0.522273
9960000,25,-328.27,2017.5,29.5589,0.5095
9980000,27,-356.527,2014.56,29.2401,0.527125
10000000,23,-304.503,1994.94,19.0673,0.489
10020000,25,-326.486,1990.02,22.0188,0.511
10040000,25,-332.273,2004.25,21.8413,0.514
10060000,21,-285.377,1988.55,26.5644,0.463
10080000,27,-349.83,2008.54,27.6908,0.525
10100000,25,-327.66,2027.67,29.4796,0.51
10120000,28,-352.26,1993.65,32.7449,0.513
10140000,33,-426.117,1994.85,37.9513,0.531
10160000,26,-328.193,1993.48,17.8494,0.511
10180000,29,-376.063,1995.7,31.1193,0.533
10200000,26,-336.492,2010.78,25.0549,0.504
10220000,31,-390.064,2010.43,23.7873,0.5344
10240000,30,-390.706,2025.98,35.3965,0.52725
10260000,26,-337.422,2003.53,22.3067,0.511
10280000,25,-327.238,2022.75,24.3987,0.495
10300000,26,-330.939,1985.29,36.3079,0.533571
10320000,23,-312.96,2011.51,22.9931,0.497923
10340000,25,-319.347,2010.09,21.9516,0.476
10360000,26,-349.188,2013.32,18.5683,0.514333
10380000,25,-332.396,2000.77,23.8776,0.509
10400000,24,-316,2031.26,33.3679,0.514
10420000,23,-310.18,2015.55,22.3152,0.486
10440000,30,-393.674,2016.33,27.7574,0.503
10460000,27,-351.818,2006.15,26.8616,0.545
10480000,30,-382.307,2025.21,36.0791,0.5434
10500000,27,-353.658,2031.5,25.0017,0.518
10520000,26,-354.472,2043.3,16.6404,0.492
10540000,30,-391.427,2031.29,29.215,0.5305
10560000,30,-399.328,2048.18,30.3412,0.533875
10580000,26,-345.025,2029.18,25.8637,0.515
10600000,33,-417.504,2006.24,43.7669,0.534
10620000,31,-395.889,2037.17,32.5452,0.513739
10640000,29,-375.534,2010.44,31.8986,0.523333
10660000,25,-342.707,2004.69,32.2384,0.482
10680000,29,-379.951,2043.54,28.0082,0.512222
10700000,27,-340.506,2020.66,27.9791,0.5468
10720000,32,-408.067,2022.09,28.219,0.52419
10740000,27,-346.626,2016.01,17.6742,0.521444
10760000,23,-296.59,2011.95,24.9331,0.491
10780000,30,-379.733,2019.4,35.2694,0.53
10800000,28,-364.698,2022.53,44.4293,0.513
10820000,26,-343.041,2018.91,37.5243,0.516
10840000,26,-338.985,1986.91,20.8494,0.5095
10860000,25,-321.677,2000.82,25.0372,0.499864
10880000,27,-356.192,2065.45,17.981,0.526
10900000,28,-369.08,2033.32,24.2248,0.521
10920000,32,-405.128,2030.89,28.9592,0.5415
10940000,32,-401.458,2038.9,30.3751,0.528
10960000,26,-337.595,2021.17,29.9479,0.515
10980000,26,-340.554,2006.23,26.3192,0.475
11000000,28,-377.268,2025.77,28.0102,0.53
11020000,24,-311.219,2022.53,21.8854,0.497
11040000,33,-423.422,2026.01,32.2071,0.544761
11060000,28,-361.429,2015.01,39.4819,0.53
11080000,29,-367.423,1993.86,24.807,0.498
11100000,25,-326.389,2016.36,22.5188,0.486
11120000,26,-334.554,2024.28,20.2888,0.54
11140000,25,-334.133,2053.53,29.5056,0.484
11160000,27,-350.713,2042.09,28.0227,0.504
11180000,29,-370.189,2034.87,36.8165,0.536
11200000,30,-390.802,2019.02,26.8458,0.518
11220000,25,-327.463,2022.48,26.9361,0.513093
11240000,27,-349.189,2014.59,24.0229,0.513
11260000,29,-370.867,2010.75,37.2383,0.506
11280000,28,-350.176,2010.26,23.6261,0.512778
11300000,28,-356.918,2038.33,27.771,0.505
11320000,27,-352.247,2034.42,26.7063,0.4895
11340000,26,-345.074,2016.48,22.2214,0.518182
11360000,23,-312.784,2036.97,23.392,0.497
11380000,27,-353.374,2005.92,28.7842,0.528
11400000,25,-338.457,1993.95,19.9339,0.49
11420000,27,-368.237,2031.08,25.5715,0.508
11440000,30,-379.573,2017.92,30.5583,0.543
11460000,27,-346.956,2024.36,30.6847,0.509
11480000,31,-393.864,2035.02,26.0935,0.543
11500000,29,-361.028,2018.29,37.8348,0.516
11520000,29,-388.156,2039.04,38.5905,0.5135
11540000,28,-363.114,2042.9,27.2953,0.493
11560000,30,-404.632,2037.92,40.0503,0.512
11580000,22,-295.253,2027.1,19.8412,0.474
11600000,27,-348.429,2026.39,27.8257,0.517
11620000,28,-365.373,2022.94,32.1063,0.537
11640000,33,-415.611,2016.8,41.735,0.561
11660000,27,-342.935,2021.46,30.7204,0.52
11680000,27,-363.434,2030.65,25.6234,0.513818
11700000,29,-370.836,2033.36,20.1412,0.518
11720000,29,-366.173,2020.58,31.1202,0.526
11740000,27,-353.178,2016.75,19.5367,0.538
11760000,28,-354.364,2025.56,25.4147,0.533
11780000,28,-367.475,2025.83,35.2559,0.519
11800000,25,-334.243,2012.51,26.7409,0.538
11820000,20,-273.922,1993.65,19.3621,0.48
11840000,26,-326.739,1988.17,24.0809,0.532
11860000,28,-362.105,1998.24,35.3673,0.532
11880000,31,-420.978,2052.1,30.3414,0.541667
11900000,25,-339.024,2010.98,36.9332,0.506
11920000,26,-348.417,2007.85,26.3242,0.511
11940000,31,-396.678,1986.78,38.0494,0.526447
11960000,25,-343.812,2057.5,21.0635,0.493
11980000,29,-379.127,2019.52,20.3116,0.493
12000000,26,-339.193,2004.77,22.7643,0.515
12020000,29,-370.701,1992.89,24.4975,0.499
12040000,30,-393.237,2011.37,30.5003,0.512
12060000,26,-343.686,2028.67,30.3255,0.498
12080000,27,-363.983,2026.11,21.2139,0.474
12100000,28,-363.552,2018.24,20.418,0.5255
12120000,23,-309.05,2025.21,20.202,0.466
12140000,25,-336.027,2019.07,31.1569,0.49
12160000,26,-349.146,2030.06,29.4969,0.496
12180000,27,-355.672,2011.51,28.0174,0.5194
12200000,27,-351.502,2040.55,24.6954,0.509
12220000,26,-362.664,2031.23,25.0884,0.52
12240000,26,-342.529,2020.04,23.8372,0.514125
12260000,24,-326.492,2016.63,25.2162,0.551
12280000,29,-377.967,2034.43,36.0285,0.501
12300000,30,-381.194,2027.77,31.206,0.495
12320000,31,-399.424,2034.98,22.8445,0.538
12340000,36,-440.464,2008.6,31.2212,0.547
12360000,28,-367.607,2006.3,28.5605,0.499
12380000,27,-353.97,2040.31,24.2362,0.483
12400000,33,-413.361,2049.26,27.0059,0.514
12420000,26,-342.97,2027.9,26.6263,0.510308
12440000,31,-404.609,2045.99,34.4922,0.50875
12460000,32,-403.226,2033.96,43.992,0.519
12480000,27,-348.848,2010.97,25.4927,0.523
12500000,30,-383.752,2042.43,24.2358,0.51
12520000,29,-364.88,2019.5,32.6109,0.506
12540000,31,-391.773,2044.56,37.8024,0.519571
12560000,27,-357.405,2027.78,29.906,0.501
12580000,30,-370.13,1996.07,46.583,0.523
12600000,24,-320.811,2030.66,34.7523,0.484
12620000,29,-378.901,2009.44,35.7756,0.523667
12640000,27,-352.145,2025.74,24.8204,0.492
12660000,28,-365.264,2044.05,27.2744,0.491
12680000,28,-378.846,2039.16,25.7106,0.514
12700000,24,-317.635,2021.42,25.1434,0.488
12720000,32,-402.581,2030.12,30.8377,0.537333
12740000,27,-363.976,2038.22,26.6218,0.503
12760000,30,-381.965,2025.07,27.2648,0.541
12780000,29,-375.644,2027.43,30.8361,0.526429
12800000,30,-377.989,2024.95,26.9805,0.517
12820000,33,-412.539,1997.63,33.9179,0.537
12840000,28,-369.913,2027.94,42.5563,0.517789
12860000,25,-316.564,2012.02,23.7574,0.534
12880000,26,-333.553,2019.1,23.7163,0.482
12900000,24,-321.634,2019.43,32.7227,0.489
12920000,28,-368.497,2014.24,25.136,0.498
12940000,37,-469.727,2023.55,40.6866,0.5394
12960000,23,-311.048,2020.72,19.4723,0.473
12980000,24,-324.54,2003.35,27.6965,0.504
13000000,28,-364.4,2030.64,30.0634,0.522
13020000,27,-354.794,1983.64,33.7484,0.495
13040000,29,-372.398,1996.04,34.8729,0.496
13060000,29,-369.463,2017.73,30.8951,0.503
13080000,28,-362.27,2031.4,23.7058,0.500167
13100000,24,-325.413,2048.21,18.2138,0.522143
13120000,32,-407.059,2023.68,31.5121,0.515
13140000,32,-404.395,2018.92,31.0093,0.528
13160000,33,-407.715,2036.08,40.5076,0.532
13180000,30,-384.28,2029.94,28.4108,0.497
13200000,28,-360.153,2044.9,23.5818,0.491
13220000,34,-436.593,2056.38,28.5982,0.535286
13240000,25,-329.746,2036.26,24.267,0.508
13260000,31,-401.258,2040.17,29.5021,0.538
13280000,32,-395.065,2033.07,23.8531,0.529
13300000,28,-368.958,2053.64,29.8207,0.522
13320000,28,-356.124,2042.19,37.4666,0.509
13340000,26,-337.657,2032.75,26.0209,0.511
13360000,32,-411.437,2038.46,46.2425,0.519
13380000,26,-344.245,2013,19.9465,0.5236
13400000,27,-352.037,2022.16,30.0409,0.494
13420000,32,-420.548,2045.18,32.9874,0.508947
13440000,31,-409.481,2055.77,36.1041,0.529
13460000,35,-450.268,2052.17,45.7302,0.525
13480000,27,-348.509,2012.03,22.3648,0.512
13500000,33,-422.591,2015.52,23.6825,0.513
13520000,27,-346.371,2021.52,23.0356,0.488
13540000,28,-361.841,2017.32,22.3401,0.51
13560000,24,-317.877,2009.92,22.7736,0.461
13580000,26,-337.483,2029.55,23.2051,0.521
13600000,26,-345.128,2067.47,33.7535,0.488
13620000,29,-374.484,2015.59,34.5934,0.512
13640000,27,-340.461,1990.27,36.8612,0.5207
13660000,24,-308.657,2012.16,22.9195,0.499286
13680000,29,-363.16,2022.14,28.6779,0.519
13700000,29,-371.704,2011.7,40.2637,0.572
13720000,27,-353.716,2025.4,25.1484,0.519
13740000,27,-354.017,2030.53,18.1518,0.5
13760000,27,-347.915,2033.55,29.329,0.526
13780000,23,-315.172,1993.92,19.8692,0.507
13800000,26,-330.653,1997.7,22.306,0.522
13820000,26,-339.95,1989.41,25.104,0.517
13840000,30,-374.145,2028.96,26.8286,0.51025
13860000,29,-362.839,2017,28.9493,0.524
13880000,36,-449.141,2020.41,48.0496,0.579
13900000,29,-376.568,2023,25.7845,0.543
13920000,27,-357.801,2018.43,25.5189,0.478
13940000,34,-446.23,2033.66,39.9148,0.515
13960000,30,-395.694,2014.02,24.3484,0.52
13980000,29,-379.485,2017.67,44.2631,0.508
14000000,27,-346.831,2046.45,25.8489,0.507
14020000,28,-358.851,2043.03,36.6218,0.505
14040000,28,-361.195,2038.7,34.6147,0.508125
14060000,31,-399.613,2044.18,32.533,0.522
14080000,30,-391.795,2028.04,30.489,0.529
14100000,26,-346.804,1998.05,26.1397,0.533727
14120000,27,-353.922,2028.21,25.8855,0.508
14140000,34,-444.882,2031.99,25.6709,0.528
14160000,25,-346.711,2045.89,31.8874,0.498
14180000,26,-332.699,2016.96,21.9565,0.5
14200000,33,-421.057,2049.6,38.2629,0.54
14220000,28,-351.297,2020.98,17.0825,0.547
14240000,27,-334.062,1989.89,27.9295,0.526
14260000,28,-355.586,2010.25,24.7551,0.501
14280000,24,-316.976,2009.82,25.8146,0.518273
14300000,27,-355.948,2028.23,18.8214,0.501
14320000,28,-368.833,1982.02,23.285,0.494
14340000,29,-367.822,2018.71,30.9315,0.5174
14360000,26,-342.874,2016.61,27.7929,0.5072
14380000,30,-377.784,2043,33.4766,0.5095
14400000,23,-309.742,2029.8,35.4365,0.511
14420000,26,-344.665,1979.04,27.0021,0.511083
14440000,29,-388.628,2044.31,27.6883,0.5235
14460000,31,-402.364,2029.77,23.8882,0.518
14480000,25,-332.519,2051.41,23.3448,0.511
14500000,32,-409.962,2054.14,36.2369,0.508
14520000,27,-355.454,2051.4,22.7325,0.498
14540000,32,-416.791,2029.43,42.9583,0.518929
14560000,33,-424.708,2052.81,35.7312,0.537
14580000,28,-370.26,2041.3,35.8919,0.524
14600000,29,-380.193,2045.53,30.3215,0.532286
14620000,26,-338.16,2039.5,26.2412,0.499
14640000,34,-418.555,2023.25,27.3836,0.528444
14660000,36,-444.144,2027.72,36.6569,0.525
14680000,29,-378.66,2051.93,24.9401,0.521
14700000,29,-380.919,2025.81,27.9531,0.491
14720000,30,-378.967,2039.73,32.3848,0.5195
14740000,27,-343.633,1991.2,25.5799,0.497
14760000,28,-362.834,2050.83,24.1499,0.543
14780000,33,-420.643,2041.73,46.0028,0.536
14800000,29,-372.238,2036.02,29.0117,0.5302
14820000,25,-328.243,2037.57,25.3908,0.48
14840000,28,-354.62,2028.78,38.9969,0.507
14860000,28,-355.145,2031.59,33.3898,0.528333
14880000,30,-384.567,2027.84,31.4577,0.529
14900000,30,-377.759,2032.29,32.0547,0.527
14920000,26,-333.005,2038.34,21.3583,0.504667
14940000,28,-361.777,2029.96,28.8509,0.496
14960000,34,-438.852,2041.38,40.0901,0.559
14980000,29,-386.236,2050.37,18.746,0.531333
15000000,28,-371.728,2020.9,28.3025,0.479
15020000,31,-401.064,2010.36,33.9858,0.503
15040000,32,-395.514,2032.59,27.5329,0.566
15060000,28,-375.131,2048.15,30.4677,0.51
15080000,28,-373.82,2053.56,34.6912,0.551
15100000,27,-342.851,2015.11,29.9899,0.528333
15120000,24,-311.833,2014.4,25.3238,0.52
15140000,29,-380.427,2029.43,33.8253,0.51375
15160000,26,-342.842,2056.93,34.0355,0.505
15180000,28,-365.918,2020.53,25.5972,0.522719
15200000,28,-362.014,2032.49,31.487,0.524
15220000,28,-359.906,2008.56,34.8736,0.499
15240000,26,-335.102,2016.66,30.073,0.481
15260000,30,-374.675,2012.04,31.5559,0.519
15280000,27,-342.98,2012.11,24.2723,0.528583
15300000,27,-335.032,2019.76,32.8484,0.5005
15320000,27,-344.889,2037.41,33.4587,0.519
15340000,30,-377.645,2055.4,17.1447,0.516
15360000,30,-388.615,2016.89,28.6176,0.473
15380000,31,-392.523,2006.05,29.4378,0.503
15400000,27,-352.216,2027.35,23.6545,0.498
15420000,33,-424.695,2045.95,33.2676,0.526
15440000,35,-445.106,2030.15,47.6838,0.55
15460000,30,-383.043,1999.4,19.8229,0.496
15480000,25,-335.889,2053.45,27.636,0.485
15500000,23,-308.371,2028.56,23.7811,0.496
15520000,30,-384.455,2037.19,34.203,0.522667
15540000,35,-435.755,2040.18,22.0347,0.56
15560000,29,-379.393,2056.14,31.304,0.497
15580000,34,-430.89,2047.32,31.6104,0.524
15600000,34,-432.993,2043.3,42.792,0.501
15620000,26,-337.836,2037.41,30.3851,0.528375
15640000,24,-313.545,2001.87,23.124,0.513
15660000,29,-370.768,2012.05,34.9323,0.542
15680000,33,-404.885,1991.71,38.244,0.548
15700000,23,-304.906,2017.02,31.125,0.494
15720000,26,-340.907,2008.36,21.6238,0.484
15740000,33,-418.593,2020.77,24.3147,0.533512
15760000,32,-389.234,2024.39,29.4491,0.548259
15780000,26,-343.568,1996.94,19.4865,0.5148
15800000,25,-317.369,2000.4,34.1461,0.51
15820000,27,-342.583,1991.35,18.4323,0.547
15840000,27,-351.45,2017.72,29.7743,0.569
15860000,34,-410.344,2006.8,30.7814,0.523375
15880000,24,-317.104,2009.62,22.4214,0.512
15900000,24,-318.169,2029.19,18.9747,0.462
15920000,27,-350.168,2020.7,22.1056,0.5118
15940000,26,-335.182,2039.01,33.7045,0.541
15960000,26,-339.892,1990.63,30.3087,0.506
15980000,32,-419.819,2043.89,34.9014,0.507
16000000,24,-324.649,2047.4,27.1855,0.507
16020000,26,-341.676,2011.59,30.1785,0.504
16040000,25,-328.459,2014.43,22.3211,0.493875
16060000,32,-407.433,2006.36,30.9328,0.522267
16080000,26,-339.666,2019.07,27.7165,0.508667
16100000,27,-344.643,2001.26,32.513,0.52
16120000,25,-315.235,1990.29,30.1526,0.506
16140000,30,-379.241,1994.82,39.4088,0.536
16160000,27,-335.022,1988.87,36.9314,0.526
16180000,27,-359.287,2015.26,23.3165,0.489
16200000,29,-372.334,2018.52,23.511,0.528
16220000,25,-323.891,1999.84,25.7134,0.528
16240000,25,-316.218,1986.98,25.0858,0.500333
16260000,28,-366.45,2006.07,29.6207,0.534571
16280000,25,-324.538,2014.72,23.6402,0.501
16300000,25,-319.435,2023.83,29.2078,0.503
16320000,25,-333.559,2042.28,40.085,0.534
16340000,29,-375.642,2024.1,27.2421,0.518
16360000,33,-409.985,2005.6,45.3586,0.526
16380000,28,-363.958,2033.03,32.8931,0.522
16400000,25,-320.849,2011.59,22.6483,0.54
16420000,29,-372.002,2022.02,30.5871,0.534
16440000,27,-353.938,2010.11,29.7682,0.5275
16460000,27,-356.914,2041.11,25.6115,0.518
16480000,32,-413.893,2034.96,25.7213,0.545
16500000,36,-447.933,2027.62,37.3227,0.517
16520000,28,-364.864,2054.63,23.2654,0.508
16540000,28,-363.833,2032,22.8951,0.525
16560000,28,-358.455,1999.83,29.5683,0.524429
16580000,38,-465.436,2064.74,38.1682,0.5394
16600000,30,-381.516,2055.41,30.9191,0.545667
16620000,24,-304.779,1999.92,28.3785,0.47
16640000,29,-355.414,2010.1,27.0402,0.498
16660000,29,-370.857,2024.14,38.8271,0.531652
16680000,29,-391.501,2040.38,27.4676,0.5125
16700000,27,-347.857,2028.99,29.178,0.517
16720000,25,-334.327,2025.43,23.0165,0.538
16740000,27,-353.905,2008.02,22.4614,0.523
16760000,26,-346.597,2052.62,25.9059,0.47
16780000,28,-367.265,2033.49,33.5623,0.488
16800000,30,-376.2,2033.75,31.6059,0.496
16820000,24,-317.121,2023.14,31.6218,0.478
16840000,24,-325.138,2019.48,22.8239,0.513533
16860000,29,-387.726,2022.49,29.9457,0.521333
16880000,30,-393.326,2044.72,23.0935,0.53825
16900000,27,-345.372,2016.94,29.325,0.514
16920000,30,-377.277,2025.96,33.1931,0.538
16940000,28,-354.882,2021.42,28.0417,0.5
16960000,29,-362.152,2031.64,36.217,0.543
16980000,32,-410.233,2019.06,26.6401,0.535
17000000,27,-346.565,2015.1,23.2074,0.4925
17020000,24,-327.582,2032.83,29.9513,0.498
17040000,33,-433.925,2047.01,35.5462,0.523
17060000,29,-375.834,1993.26,43.1015,0.562
17080000,33,-407.56,2017.35,35.4908,0.56
17100000,28,-370.288,2031.37,30.4282,0.51225
17120000,27,-356.115,2021.9,24.2386,0.484
17140000,28,-355.786,2013.31,24.1559,0.526588
17160000,35,-438.347,1984.95,35.8961,0.508
17180000,30,-390.362,2036.05,36.1196,0.5503
17200000,33,-403.617,2027.66,46.3395,0.548
17220000,24,-311.441,1992.51,19.8122,0.4982
17240000,27,-347.916,2009.96,29.9823,0.502
17260000,34,-420.668,1990.76,37.0941,0.547
17280000,28,-361.867,2029.21,25.8876,0.51
17300000,24,-313.536,1994.24,24.6762,0.501
17320000,30,-394.018,2029.92,26.2211,0.523
17340000,25,-325.237,2039.78,24.0451,0.483
17360000,24,-323.13,2005.17,21.3937,0.512
17380000,32,-407.867,2014.5,36.9355,0.521481
17400000,28,-375.793,2043.12,28.2203,0.537
17420000,30,-397.16,2049.84,42.6739,0.524537
17440000,27,-360.393,2057.21,25.1893,0.497
17460000,31,-393.75,2003.55,28.2598,0.514
17480000,26,-327.193,2034.3,32.0381,0.517
17500000,28,-369.333,2017.17,21.351,0.503
17520000,25,-314.253,1994.04,33.5127,0.527615
17540000,30,-382.884,2033.64,26.743,0.50475
17560000,30,-381.848,2038.39,34.4116,0.52
17580000,25,-329.823,2005.35,31.4713,0.517
17600000,30,-371.876,1976.67,20.2443,0.516
17620000,25,-325.593,2031.56,29.2476,0.51275
17640000,25,-328.142,1962.6,30.7999,0.521167
17660000,26,-346.669,1998.29,23.7086,0.520333
17680000,23,-313.344,1997.49,27.0055,0.519667
17700000,23,-310.929,1996.4,25.0227,0.509
17720000,21,-294.583,1991.74,22.8327,0.482
17740000,30,-380.825,2033.76,27.4176,0.496
17760000,32,-413.18,2015.93,27.3581,0.520455
17780000,30,-390.344,2024.5,31.7503,0.507619
17800000,33,-420.106,2013.38,34.1658,0.533556
17820000,27,-363.245,2041.41,37.7607,0.49625
17840000,28,-366.408,2019.83,22.4652,0.519
17860000,22,-310.56,2040.72,29.41,0.487
17880000,34,-431.349,2028.17,46.386,0.5513
17900000,26,-342.767,2048.99,26.7187,0.513
17920000,28,-361.044,2033.87,35.2195,0.518
17940000,29,-380.197,2042.64,28.4008,0.537
17960000,24,-334.633,2035.78,21.2451,0.487
17980000,23,-319.099,2014.22,17.9421,0.515333
18000000,23,-300.494,2008.16,25.1221,0.523
18020000,27,-357.283,2023.02,41.5857,0.537
18040000,30,-367.695,1999.47,36.6679,0.532
18060000,29,-373.258,1999.92,29.8326,0.52656
18080000,24,-325.62,2002.35,22.9594,0.5107
18100000,34,-427.595,2020.05,35.2577,0.529714
18120000,24,-305.63,2000.59,23.2705,0.494
18140000,29,-385.246,2034.5,29.844,0.513
18160000,31,-398.84,2026.07,30.0347,0.489
18180000,30,-381.791,2026.02,27.9053,0.575
18200000,32,-395.871,2011.24,30.8205,0.5294
18220000,30,-379.255,2008.46,32.4501,0.513417
18240000,29,-364.811,1997.42,30.4547,0.533889
18260000,25,-346.127,2040.14,20.416,0.476
18280000,24,-311.273,1985.25,24.4489,0.531
18300000,25,-333.038,1992.03,32.4949,0.536
18320000,28,-365.729,1970.58,35.5618,0.5022
18340000,23,-302.614,2037.23,26.5823,0.462
18360000,25,-328.857,1985.16,17.0129,0.475
18380000,36,-459.1,2026.35,34.5623,0.5399
18400000,26,-336.634,2054.61,29.1041,0.517
18420000,27,-351.43,2014.74,30.667,0.539
18440000,29,-377.859,2042.87,28.7107,0.521
18460000,27,-346.72,2034.29,30.6455,0.502
18480000,22,-300.541,1998.39,18.5062,0.476
18500000,31,-406.361,2026.48,21.142,0.5335
18520000,27,-355.948,2035.54,31.4678,0.52
18540000,27,-350.673,2031.01,29.0803,0.492
18560000,29,-374.066,2018.54,38.8434,0.516
18580000,26,-343.189,1985.21,27.9666,0.522591
18600000,29,-369.829,2013.32,32.7507,0.495
18620000,24,-312.636,2020.86,28.463,0.505167
18640000,24,-316.477,2026.14,29.2321,0.467
18660000,27,-349.173,1976,30.3562,0.527667
18680000,24,-315.389,1986.4,23.185,0.494
18700000,29,-374.029,2003.74,36.7651,0.5302
18720000,29,-374.522,2026.76,21.1336,0.495
18740000,33,-419.471,2021.77,35.2171,0.525833
18760000,27,-353.264,2003.04,28.6267,0.515
18780000,25,-320.838,2001.31,28.2645,0.512
18800000,25,-320.326,1997.01,25.487,0.513
18820000,30,-375.66,2026.89,32.6119,0.531
18840000,28,-378.171,2050.27,24.1957,0.517625
18860000,26,-331.719,1995.44,22.7459,0.524
18880000,28,-363.622,2061.85,31.4877,0.510667
18900000,27,-365.986,2017,44.6584,0.523
18920000,26,-351.279,2035.54,31.666,0.454
18940000,33,-424.388,2009.16,41.0851,0.54325
18960000,29,-363.561,2008.53,26.9112,0.531
18980000,31,-397.766,2049.12,28.5783,0.529
19000000,28,-377.17,2063.92,32.2162,0.514
19020000,24,-313.48,1992.36,32.5599,0.505687
19040000,36,-449.9,2052.96,43.1767,0.53
19060000,21,-280.471,2011.41,23.0893,0.467
19080000,27,-365.72,2004.08,26.3142,0.527
19100000,25,-344.223,2025.59,31.0196,0.487
19120000,24,-317.532,2022.64,22.5924,0.508
19140000,27,-343.152,1995.89,25.4229,0.526333
19160000,28,-370.863,2054.65,38.7663,0.524
19180000,30,-382.038,2033.69,23.8822,0.519
19200000,26,-343.389,2018.31,27.2091,0.5235
19220000,26,-343.756,2052.5,28.5305,0.496
19240000,26,-334.672,2000.66,29.6919,0.499
19260000,29,-388.162,2025.56,33.1565,0.515
19280000,26,-344.162,2038.38,24.8863,0.5196
19300000,27,-350.466,2037.55,19.072,0.526
19320000,29,-374.986,2024.39,29.0427,0.5146
19340000,26,-346.452,2032.34,27.0048,0.501
19360000,23,-297.537,1975.09,25.2692,0.52
19380000,28,-372.579,2021.78,25.4154,0.529
19400000,31,-400.492,2039.96,24.5675,0.524545
19420000,24,-307.946,1997.24,28.7208,0.5155
19440000,23,-307.162,1999.33,26.7087,0.517
19460000,25,-317.511,1980.51,26.9156,0.522222
19480000,28,-350.282,2031.45,38.439,0.5185
19500000,33,-412.333,2014.56,32.0101,0.539111
19520000,30,-387.581,1998.71,32.0415,0.511
19540000,32,-394.513,2009.38,30.7862,0.543643
19560000,22,-300.078,1996.62,17.286,0.45
19580000,27,-348.504,2016.95,28.4658,0.498
19600000,27,-348.254,1979.51,26.1882,0.530296
19620000,25,-326.1,2019.51,26.2073,0.533625
19640000,30,-392.056,2027.13,24.8596,0.527
19660000,27,-344.497,2015.55,32.4678,0.482
19680000,25,-331.681,2035.22,25.3033,0.504
19700000,25,-320.736,1978.35,17.9701,0.537
19720000,27,-343.18,1985.24,38.9445,0.489
19740000,22,-291.09,2003.21,25.1558,0.531
19760000,25,-333.649,1979.76,35.9329,0.511
19780000,26,-339.973,2037.63,23.4529,0.494
19800000,32,-411.907,2016.6,31.3746,0.5245
19820000,28,-373.729,2030.84,26.7886,0.493
19840000,27,-343.525,2010.97,30.4253,0.537
19860000,28,-359.812,2026.27,27.0824,0.5
19880000,26,-335.58,1995.03,20.52,0.515
19900000,24,-313.243,2013.51,25.6419,0.504
19920000,26,-335.096,1963.19,24.0243,0.504
19940000,31,-399.476,2016.46,27.4388,0.515
19960000,23,-301.625,2009.21,17.5014,0.491
19980000,30,-376.593,2008.65,29.9182,0.533
20000000,26,-331.891,2011.58,27.7978,0.510143
20020000,27,-338.506,2008.97,27.5432,0.496
20040000,26,-331.729,1972.06,29.5655,0.514
20060000,33,-411.361,2035.29,38.8275,0.5265
20080000,29,-367.859,2039.94,29.9888,0.539667
20100000,26,-336.52,2023.91,22.4839,0.51
20120000,29,-384.769,2031.57,37.7536,0.52
20140000,24,-313.148,1965.17,23.9328,0.469
20160000,33,-421.72,2022.84,31.6525,0.529
20180000,28,-368.796,2042.89,26.8927,0.506
20200000,26,-344.548,2030.15,30.2776,0.514
20220000,26,-336.088,2028.64,32.4018,0.509
20240000,23,-301.988,1973.16,20.3611,0.534
20260000,22,-298.743,1969.61,19.3239,0.505
20280000,26,-342.542,2007.9,32.0027,0.512429
20300000,24,-329.902,2020.94,22.8873,0.51825
20320000,31,-397.228,2031.5,30.9509,0.508
20340000,27,-342.024,2013.12,24.4595,0.519
20360000,31,-404.578,2022.95,25.2191,0.5145
20380000,31,-388.035,1962.57,29.5594,0.541867
20400000,24,-329.721,2031.65,25.0644,0.5
20420000,24,-315.52,1953.59,32.1208,0.527
20440000,32,-400.902,2043.57,24.3705,0.517
20460000,33,-424.166,2063.73,34.8824,0.53
20480000,28,-376.393,2018.93,30.6358,0.526
20500000,29,-376.217,2023.93,25.8182,0.491
20520000,32,-407.839,2019.01,31.6417,0.541
20540000,31,-392.444,2040.28,34.5491,0.52
20560000,27,-337.769,1966.1,29.0448,0.526625
20580000,33,-423.88,2047.62,36.4603,0.5215
20600000,29,-390.252,2054.91,26.0505,0.516
20620000,27,-367.187,2028.64,23.1478,0.523
20640000,23,-310.885,1994.95,28.7672,0.51
20660000,29,-382.124,2021.53,29.0044,0.517
20680000,31,-400.091,2001.53,22.9319,0.52315
20700000,26,-334.248,2020.46,27.7816,0.492
20720000,30,-382.455,1993.6,30.6479,0.543
20740000,28,-363.389,2027.79,24.0432,0.503
20760000,31,-395.967,1998.39,39.179,0.528176
20780000,29,-376.764,2040.61,36.1593,0.543
20800000,29,-382.329,2026.06,29.0429,0.4775
20820000,31,-399.129,2033.67,42.1793,0.51
20840000,31,-390.841,2045.59,27.504,0.502
20860000,28,-358.652,2042.54,26.2516,0.553
20880000,26,-346.145,2026.66,27.3437,0.492
20900000,26,-345.471,2032.58,21.3533,0.491
20920000,33,-409.292,2006.45,30.4017,0.546
20940000,31,-390.863,2017.28,27.3856,0.513143
20960000,25,-341.358,2004.52,32.6346,0.509
20980000,26,-346.267,1996.83,28.0568,0.508091
21000000,28,-358.513,1985.45,37.7896,0.524
21020000,27,-351.714,1996.69,21.9712,0.504
21040000,24,-333.248,2000.49,18.9727,0.51
21060000,27,-340.457,1997.16,27.8689,0.527
21080000,30,-373.14,1990.64,26.09,0.543
21100000,31,-383.091,2004.5,26.0532,0.553
21120000,31,-379.324,2012.22,32.6827,0.563
21140000,27,-346.322,1997.54,30.1553,0.519
21160000,27,-354.81,2020.63,29.3651,0.486
21180000,24,-311.597,1997.6,29.4106,0.486
21200000,27,-358.887,2019.23,19.8213,0.517
21220000,25,-334.173,2037.24,25.47,0.458
21240000,27,-360.335,2018.57,25.1457,0.521923
21260000,30,-390.378,2023.63,27.6973,0.517143
21280000,27,-355.301,2012.75,30.9174,0.525333
21300000,34,-420.83,2047.65,31.7381,0.512
21320000,35,-444.428,2046.03,36.8541,0.5335
21340000,31,-404.776,2060.38,23.9103,0.504
21360000,31,-399.215,2026.38,28.1467,0.534852
21380000,26,-335.74,2031.82,14.0789,0.501
21400000,31,-405.827,2027.29,33.4013,0.53
21420000,30,-381.362,1999.81,31.5148,0.52405
21440000,26,-347.705,2034.86,25.5207,0.511333
21460000,30,-395.891,2022.68,32.841,0.476
21480000,37,-464.226,2017.64,39.7756,0.5395
21500000,29,-368.994,2014.86,32.4323,0.515
21520000,22,-305.364,2010.61,21.9273,0.482
21540000,23,-295.546,1979.36,20.4848,0.416
21560000,25,-326.882,2006.72,25.9398,0.486
21580000,23,-302.359,2001.49,12.7791,0.4685
21600000,23,-314.287,2006.49,25.8239,0.467
21620000,27,-343.271,2016.92,27.2569,0.512
21640000,29,-382.867,2028.41,27.2633,0.548
21660000,29,-377.192,1997.96,37.1926,0.528
21680000,26,-349.194,2016.8,31.4713,0.498
21700000,27,-361.043,1999.89,33.9506,0.497
21720000,32,-429.929,2045,41.0317,0.549
21740000,26,-349.21,2034.85,38.545,0.494
21760000,26,-335.264,2007.7,23.7191,0.505
21780000,31,-384.278,2027.54,27.524,0.506083
21800000,27,-346.531,2010.93,30.5819,0.503
21820000,28,-355.526,2004.62,43.3457,0.539
21840000,27,-339.962,2003.07,19.8354,0.514545
21860000,30,-377.538,2036.75,30.8946,0.514
21880000,31,-390.651,1996.04,28.2627,0.528
21900000,31,-401.842,2023.95,33.2522,0.529524
21920000,28,-353.415,2011.89,38.2464,0.5158
21940000,25,-317.838,2000.87,25.4432,0.502
21960000,28,-357.636,1993.06,31.5448,0.505111
21980000,25,-321.302,2011.37,29.8528,0.501
22000000,34,-442.653,2026.6,38.8957,0.543
22020000,30,-395.15,2027.92,30.0805,0.509
22040000,31,-389.688,2025.22,40.1176,0.55
22060000,29,-366.924,2030.75,39.0715,0.5225
22080000,27,-354.34,2024.18,31.1159,0.504
22100000,29,-380.784,2029.53,26.3551,0.54
22120000,27,-352.972,2003.05,28.7492,0.504
22140000,32,-400.011,2007.24,27.427,0.534
22160000,27,-346.095,2029.06,26.667,0.53944
22180000,26,-348.549,2009.11,18.7665,0.488
22200000,30,-375.048,2023.2,32.5163,0.539
22220000,28,-355.539,2010.73,28.4955,0.509
22240000,25,-330.488,2020.9,20.0258,0.517
22260000,27,-345.928,2017.39,28.1607,0.514
22280000,30,-376.021,2013.3,32.2098,0.522364
22300000,23,-307.062,2013.16,20.7042,0.498091
22320000,24,-311.992,1997.42,20.9132,0.518
22340000,25,-339.258,2041.93,23.1461,0.53
22360000,29,-378.763,2049.42,26.2416,0.524
22380000,32,-410.034,2033.34,31.9677,0.536
22400000,29,-365.144,2003.67,23.3989,0.542
22420000,25,-314.897,1962.73,20.3663,0.516
22440000,25,-322.513,2011.36,29.9573,0.527
22460000,34,-420.364,1991.86,43.5144,0.553
22480000,29,-386.066,2020.34,33.083,0.491
22500000,32,-417.079,2020.33,31.7337,0.527
22520000,24,-313.915,2021,24.4703,0.474
22540000,24,-318.439,2014.46,32.1745,0.503606
22560000,30,-377.513,2030.42,30.9778,0.488
22580000,27,-359.11,2015.54,35.5121,0.493
22600000,30,-375.427,1996.76,27.0098,0.495
22620000,30,-377.487,1997.95,36.146,0.524
22640000,25,-327.512,2018.95,28.79,0.492
22660000,27,-340.419,2001.38,21.8027,0.518667
22680000,29,-389.518,1987.63,30.9975,0.531
22700000,24,-331.037,2018.35,25.8242,0.502167
22720000,25,-336.673,1993.77,41.0949,0.496143
22740000,28,-357.213,1985.45,28.4137,0.534
22760000,24,-329.145,2006.49,21.5717,0.489
22780000,27,-343.312,2003.42,27.5458,0.5114
22800000,31,-394.839,2013.53,26.1477,0.546
22820000,29,-371.296,1997.73,26.4833,0.503
22840000,28,-359.409,2006.44,27.5248,0.524
22860000,25,-329.336,2001.55,25.2768,0.523
22880000,25,-327.501,1991.71,16.4782,0.519
22900000,25,-319.027,1980.42,29.7012,0.495
22920000,22,-288.848,2010.63,19.7427,0.514
22940000,24,-319.256,2018.4,18.2143,0.498
22960000,26,-341.195,1984.93,20.2068,0.518
22980000,28,-360.651,1995,25.0216,0.508941
23000000,31,-383.81,2016.35,34.2557,0.5435
23020000,29,-375.275,2034.08,21.0726,0.539
23040000,27,-363.35,2029.87,21.6594,0.508
23060000,25,-339.91,1998.69,21.0788,0.514
23080000,26,-332.705,2025.82,18.3485,0.519
23100000,25,-330.279,2016.89,32.27,0.5236
23120000,23,-300.575,2012.68,20.3126,0.497
23140000,28,-365.726,1996.19,23.0483,0.538
23160000,24,-317.172,2039.53,19.3376,0.521
23180000,28,-361.753,2008.42,28.39,0.513
23200000,30,-397.039,2048.29,38.3697,0.537
23220000,30,-400.116,2041.59,29.4815,0.525538
23240000,28,-372.367,2035.51,34.2144,0.495625
23260000,26,-333.814,1996.7,22.4937,0.493
23280000,26,-345.7,2046.81,25.4331,0.471
23300000,29,-377.181,1992.95,28.0706,0.532
23320000,24,-321.202,2017.46,29.5155,0.48
23340000,31,-389.201,2026.27,33.6987,0.535
23360000,28,-363.333,2030.73,32.8728,0.49325
23380000,28,-360.256,2035.23,28.3582,0.51
23400000,26,-347.251,2027.59,26.2273,0.529
23420000,25,-329.164,2020.95,28.6717,0.511
23440000,27,-339.167,1992.54,27.9376,0.505
23460000,32,-408.422,2031.15,33.0158,0.541
23480000,29,-374.401,2020.2,23.2553,0.53355
23500000,29,-373.803,2058.31,36.9351,0.55
23520000,25,-334.709,2035.85,24.182,0.51828
23540000,30,-383.963,2036.56,30.4258,0.533
23560000,27,-356.576,2049.86,34.4066,0.494
23580000,29,-371.901,2028.87,31.1638,0.538
23600000,28,-362.654,2038.26,27.1609,0.512
23620000,36,-445.186,2037.4,39.3776,0.5265
23640000,30,-392.773,2053.18,31.6438,0.53215
23660000,27,-338.822,2024.33,29.7458,0.491
23680000,24,-311.623,2018.33,29.9717,0.512
23700000,25,-328.05,2007.45,18.1466,0.499
23720000,29,-380.27,2062.36,36.6994,0.508
23740000,25,-335.384,2050.69,30.2634,0.486
23760000,30,-387.853,2042.87,22.0183,0.524
23780000,30,-389.631,2036.24,21.094,0.517
23800000,33,-421.18,2019.04,32.0873,0.526667
23820000,27,-355.385,2040.49,21.9146,0.514
23840000,32,-400.486,2004.69,37.5191,0.542
23860000,27,-350.366,2015.69,26.6954,0.511154
23880000,32,-416.286,2015.37,34.8736,0.514111
23900000,25,-339.045,2023.24,26.3145,0.519
23920000,27,-357.384,2004,19.9164,0.500636
23940000,28,-365.051,2036.77,31.1915,0.5466
23960000,25,-332.265,2038.47,41.8148,0.524
23980000,24,-316.53,2025.56,26.9257,0.526067
24000000,23,-303.715,2003.89,37.7084,0.518
24020000,28,-364.912,2043.71,33.4433,0.535
24040000,28,-368.55,2009.47,28.0843,0.52
24060000,20,-275.731,1995.52,17.9185,0.493
24080000,25,-329.929,2003.1,26.9152,0.503
24100000,27,-361.864,2043.18,24.6289,0.518667
24120000,27,-355.719,1993.55,41.0138,0.544
24140000,27,-344.939,2006.79,28.7305,0.492
24160000,26,-333.921,1985.45,33.5517,0.543889
24180000,23,-293.919,2012.26,22.9542,0.503
24200000,24,-316.709,2017.38,21.9389,0.522
24220000,29,-364.905,1996.76,25.7298,0.535
24240000,25,-324.387,2019.95,26.3075,0.531
24260000,27,-339.737,2023.94,20.5127,0.518833
24280000,28,-351.778,2019.71,23.3728,0.533
24300000,24,-317.053,2013.13,28.3062,0.511
24320000,29,-374.348,2038.44,31.7082,0.53
24340000,29,-376.31,1997.44,31.8483,0.526
24360000,30,-379.519,2028.78,31.0287,0.54
24380000,25,-338.135,2018.49,29.2911,0.508333
24400000,26,-352.337,2006.07,28.5902,0.502
24420000,29,-367.077,2012,37.6084,0.55
24440000,27,-357.165,1989.17,21.3566,0.497
24460000,22,-294.264,2017.77,18.7174,0.49
24480000,25,-327.959,2019.82,21.7497,0.471
24500000,34,-421.564,2016.34,34.7638,0.538
24520000,29,-375.084,2015.6,34.9263,0.536
24540000,29,-383.364,2030.43,29.1182,0.554
24560000,24,-318.179,2018.54,25.2793,0.509
24580000,22,-313.295,2026.83,21.7011,0.525333
24600000,28,-368.741,1997.23,30.278,0.51
24620000,27,-363.684,1998.6,31.2791,0.52025
24640000,28,-361.768,2042.63,29.0921,0.525
24660000,24,-314.035,1979.41,21.1994,0.4973
24680000,31,-397.901,1979.53,40.4605,0.5395
24700000,28,-368.264,1986.98,24.7486,0.527
24720000,22,-294.506,1992.46,18.4363,0.494
24740000,25,-332.042,1993.13,17.8637,0.505
24760000,27,-346.29,1988.78,40.534,0.517
24780000,25,-325.31,1987.73,29.6311,0.51
24800000,29,-378.791,2021.93,27.869,0.532714
24820000,29,-375.118,2019.93,32.0859,0.529
24840000,31,-391.776,2003.42,30.4126,0.54
24860000,30,-390.957,2023.42,36.4116,0.5
24880000,27,-353.09,2011.53,34.9331,0.533
24900000,26,-336.212,1993.97,29.9619,0.486
24920000,36,-434.815,2006.07,32.9291,0.549
24940000,31,-399.947,2006.46,34.9817,0.537
24960000,30,-385.765,2021.68,37.9554,0.512
24980000,33,-398.977,1990.48,21.5068,0.533
25000000,28,-355.352,2003.76,31.4768,0.544
25020000,28,-359.691,2017.98,22.1235,0.5005
25040000,23,-312.922,2000,22.6058,0.509917
25060000,22,-289.428,1998.72,21.2447,0.482
25080000,31,-381.831,2010.79,39.3643,0.518
25100000,22,-288.889,1996.14,18.5613,0.462
25120000,26,-331.139,2018.41,31.1971,0.506
25140000,31,-384.291,1992.43,26.7164,0.528
25160000,29,-362.309,2009.34,22.6293,0.503
25180000,30,-389.941,2010.43,27.818,0.497667
25200000,26,-337.162,2005.8,30.0427,0.477
25220000,30,-382.234,2016.09,32.4058,0.506
25240000,28,-365.131,2046.34,22.9144,0.509
25260000,30,-386.998,2018.06,34.2736,0.522357
25280000,29,-376.694,2014.98,38.4906,0.527333
25300000,32,-420.545,2017.68,51.4696,0.5126
25320000,29,-382.142,2035.78,29.7703,0.505
25340000,29,-377.169,2020.97,28.3035,0.511
25360000,28,-365.451,2007.6,26.4988,0.555
25380000,29,-368.326,2026.18,24.2211,0.477
25400000,30,-384.799,2011.18,31.0436,0.519
25420000,27,-329.088,2012.05,27.8854,0.513
25440000,24,-315.871,2018.13,20.0607,0.513
25460000,28,-359.447,2015.25,31.9104,0.523233
25480000,26,-328.857,2010.82,26.3846,0.509286
25500000,27,-354.833,2009.37,26.889,0.487
25520000,24,-317.881,2007.54,26.6157,0.516727
25540000,28,-366.965,2018.53,26.2687,0.511308
25560000,30,-381.027,1991.91,34.8262,0.527
25580000,28,-360.643,2014.4,29.608,0.515
25600000,28,-369.223,2009.89,21.116,0.52525
25620000,29,-376.316,2038.88,27.9541,0.515333
25640000,31,-394.483,2049.89,35.0642,0.524
25660000,27,-360.807,2046.16,27.6424,0.52
25680000,28,-361.901,2018.98,31.2587,0.503
25700000,26,-334.918,2018.5,23.4558,0.511
25720000,27,-346.98,1987.25,35.7286,0.512
25740000,26,-344.694,2013.68,29.2886,0.505
25760000,29,-367.05,1982.87,21.6706,0.509
25780000,27,-339.046,1983.36,28.4911,0.515
25800000,23,-311.127,2041.84,20.6409,0.45
25820000,31,-384.449,2032.43,29.9536,0.529
25840000,27,-349.792,2022.57,30.4368,0.519
25860000,26,-345.919,2011.96,23.4872,0.507
25880000,30,-383.296,2008.17,22.3038,0.514733
25900000,25,-330.293,2028.85,26.0428,0.522
25920000,28,-359.87,2002.46,26.164,0.547
25940000,28,-360.683,1993.32,19.2102,0.513571
25960000,35,-450.067,2009.48,35.8805,0.558
25980000,24,-308.689,1988.72,29.3599,0.526143
26000000,27,-347.785,2003.53,27.0977,0.509
26020000,28,-359.722,2004.92,27.6855,0.519909
26040000,28,-344.398,2011.17,36.7378,0.506
26060000,24,-313.839,1972.45,19.8353,0.4975
26080000,24,-325.192,2012.51,17.3447,0.505
26100000,22,-293.744,2008.96,12.7123,0.493
26120000,30,-384.131,2015.5,44.284,0.522
26140000,25,-316.002,2006.76,23.7647,0.529
26160000,23,-298.849,1997.44,25.3259,0.5
26180000,28,-364.065,2023.04,24.8424,0.538
26200000,28,-340.97,1991.26,30.6837,0.525
26220000,27,-342.076,2002.94,29.0256,0.569
26240000,27,-360.907,1994.18,21.6847,0.511
26260000,24,-313.871,2010.02,29.6996,0.546
26280000,21,-276.854,1998.47,25.4493,0.468
26300000,27,-353.278,1992,39.878,0.546
26320000,27,-354.662,2019.26,29.2469,0.52525
26340000,24,-322.613,2031.28,22.7773,0.5289
26360000,30,-388.282,2024.66,34.1287,0.51
26380000,24,-318.34,1997.8,29.504,0.48
26400000,30,-385.156,2004.58,34.6648,0.524286
