generation,N_shifts,logPrior,logLik,eventRate,acceptRate
0,0,-16.4378,-8128.84,500,1
20000,1,-27.9607,939.769,1.00889,0.478333
40000,1,-28.1521,997.309,0.755621,0.505
60000,2,-46.5255,1071.1,2.84574,0.517
80000,3,-56.988,1071.04,5.14041,0.553
100000,2,-44.304,1067.51,4.67678,0.527391
120000,5,-82.6091,1165.56,5.22841,0.515
140000,6,-96.0429,1165.48,1.80888,0.538
160000,3,-59.5245,1147.48,5.96,0.517
180000,3,-57.9961,1143.54,0.837997,0.496
200000,7,-105.564,1170.5,7.63531,0.56
220000,6,-92.2421,1164.33,11.4735,0.559
240000,9,-133.984,1223.1,15.1779,0.542
260000,9,-127.36,1129.05,7.31562,0.552
280000,5,-88.4407,1168.66,6.22208,0.505
300000,14,-187.88,1230.1,16.659,0.543444
320000,6,-94.4559,1198.4,7.83104,0.532333
340000,14,-194.51,1255.79,15.3345,0.537
360000,7,-109.582,1199.79,4.25645,0.525533
380000,12,-166.028,1194.08,11.1861,0.551
400000,6,-92.9048,1189.69,7.40248,0.477
420000,10,-155.316,1284.87,10.5829,0.522611
440000,12,-173.14,1285.3,11.7236,0.524333
460000,7,-108.414,1212.16,6.56313,0.548
480000,12,-170.885,1269.44,8.5381,0.53
500000,7,-112.167,1214.57,13.513,0.509
520000,11,-164.318,1277.35,11.9428,0.498
540000,12,-171.662,1273.68,11.422,0.509133
560000,12,-167.43,1272.11,11.4512,0.52465
580000,14,-184.876,1274.29,14.2044,0.4995
600000,11,-155.54,1276.15,16.7145,0.484
620000,16,-212.337,1309.35,15.0253,0.538111
640000,14,-185.325,1279.32,15.4007,0.512
660000,12,-170.457,1314.24,7.79313,0.509
680000,13,-179.41,1297.49,18.3114,0.545625
700000,13,-189.788,1295.87,17.0603,0.514
720000,13,-183.611,1277.6,15.4987,0.503714
740000,12,-180.418,1299.98,11.6631,0.519
760000,12,-167.018,1272.98,10.1854,0.527
780000,10,-137.975,1273.5,7.39257,0.469
800000,13,-185.597,1284.54,9.44132,0.5092
820000,10,-154.525,1282.22,15.6999,0.503
840000,10,-141.405,1289.03,9.26836,0.49
860000,13,-178.764,1312.84,13.7934,0.481
880000,18,-239.579,1306.33,12.9831,0.544
900000,10,-156.307,1286.87,5.3366,0.506
920000,13,-178.503,1247.9,14.487,0.534
940000,17,-217.834,1254.74,18.1595,0.545
960000,15,-210.374,1264.21,14.6244,0.542
980000,12,-163.552,1278.63,9.19067,0.542
1000000,13,-182.985,1280.34,21.906,0.499
1020000,17,-218.972,1280.17,21.3801,0.522
1040000,13,-175.681,1259.23,6.56868,0.538647
1060000,11,-149.906,1276.26,12.6487,0.486333
1080000,13,-176.354,1287.67,13.9898,0.523667
1100000,12,-179.49,1275.07,11.5658,0.518583
1120000,11,-153.285,1284.66,14.5889,0.521
1140000,12,-158.329,1282.93,17.9062,0.526
1160000,13,-174.984,1292.94,11.516,0.512
1180000,15,-199.908,1280.9,9.99983,0.522
1200000,9,-130.272,1271.5,6.64664,0.513
1220000,10,-146.43,1275.45,12.7979,0.565
1240000,14,-185.329,1265.13,21.6457,0.52
1260000,14,-189.597,1260.08,14.567,0.509286
1280000,10,-141.269,1256.75,16.5283,0.49
1300000,15,-201.949,1268.75,8.84099,0.57
1320000,12,-173.834,1279.68,13.7091,0.518333
1340000,14,-185,1259.02,17.0046,0.500375
1360000,13,-185.63,1296.21,13.9967,0.555286
1380000,14,-194.902,1280.89,20.627,0.494133
1400000,11,-157.741,1272.19,13.98,0.518444
1420000,10,-153.872,1274.21,13.6026,0.459
1440000,13,-179.214,1289.01,10.5358,0.533
1460000,14,-194.784,1285.51,10.3886,0.539
1480000,15,-199.642,1287.15,19.451,0.559667
1500000,13,-185.716,1275.41,17.637,0.523375
1520000,14,-189.22,1297.48,17.2625,0.504714
1540000,11,-157.196,1274.36,12.4572,0.488
1560000,14,-192.424,1313.55,20.2636,0.532
1580000,18,-234.54,1292.17,23.3116,0.509
1600000,15,-201.531,1309.74,17.3961,0.518
1620000,14,-193.131,1294.64,20.9554,0.525
1640000,10,-150.057,1285.53,10.8862,0.508
1660000,12,-171.738,1283.77,9.51816,0.51075
1680000,11,-159.482,1278.12,5.5028,0.5426
1700000,18,-234.075,1277.29,20.8758,0.546667
1720000,18,-237.305,1326.26,22.2849,0.521
1740000,12,-163.017,1263.6,14.2243,0.482
1760000,14,-186.96,1278.81,17.795,0.533
1780000,18,-249.286,1327.43,20.4664,0.528
1800000,12,-159.87,1284.39,7.02937,0.514
1820000,16,-204.596,1299.31,19.0112,0.544
1840000,11,-163.338,1297.99,11.7836,0.498
1860000,19,-254.78,1290.25,20.8003,0.5585
1880000,12,-166.952,1272.66,13.1047,0.515
1900000,15,-213.867,1308.82,14.9458,0.536
1920000,12,-175.847,1298.03,10.7201,0.485
1940000,15,-202.227,1297.31,12.6351,0.543286
1960000,13,-179.253,1295.43,13.5818,0.5085
1980000,14,-192.079,1287.05,17.643,0.555
2000000,10,-145.374,1280.05,14.2731,0.520333
2020000,11,-160.872,1307.28,10.8424,0.493
2040000,14,-195.58,1307.31,14.2799,0.5435
2060000,14,-191.396,1274.7,9.85431,0.527
2080000,10,-141.594,1280.85,6.25595,0.511
2100000,13,-178.137,1300.96,10.0714,0.522179
2120000,14,-200.512,1301.27,19.0133,0.536
2140000,9,-135.249,1284.06,8.84361,0.477
2160000,12,-167.804,1267.59,8.49643,0.511
2180000,12,-166.107,1280.49,14.3213,0.54225
2200000,17,-221.821,1310.82,14.5742,0.509
2220000,12,-163.968,1285.81,22.4227,0.51
2240000,12,-162.992,1282.05,9.83254,0.5395
2260000,11,-151.825,1281.87,18.4893,0.482
2280000,14,-198.494,1320.79,18.2545,0.516056
2300000,10,-147.152,1287.92,8.3604,0.525
2320000,12,-161.755,1259.21,7.23728,0.527182
2340000,10,-146.267,1273.77,13.5507,0.5
2360000,12,-177.163,1301.21,10.1447,0.544
2380000,12,-168.052,1288.9,12.3899,0.514
2400000,10,-147.422,1301.71,11.922,0.495429
2420000,11,-145.55,1284.96,12.7171,0.523
2440000,13,-170.684,1294.63,18.2553,0.516
2460000,9,-133.223,1285.13,11.5492,0.532
2480000,13,-179.386,1302.84,10.57,0.536622
2500000,9,-135.381,1277.18,14.7257,0.485
2520000,14,-187.858,1277.5,12.7025,0.501
2540000,10,-140.707,1268.78,5.48147,0.54892
2560000,15,-207.195,1311.96,15.1072,0.522385
2580000,12,-175.506,1273.97,20.1579,0.484
2600000,10,-145.785,1294.64,9.47821,0.494
2620000,12,-170.214,1294.68,6.90689,0.49
2640000,13,-173.636,1276.8,10.8899,0.482
2660000,11,-157.883,1281.56,15.792,0.486
2680000,11,-163.436,1289.94,12.3696,0.528
2700000,12,-160.57,1277.06,17.5192,0.507
2720000,13,-186.648,1299.63,19.2911,0.478
2740000,11,-158.658,1275.05,16.5558,0.504389
2760000,10,-143.299,1283.44,11.4748,0.519
2780000,16,-207.021,1297.95,15.6171,0.51
2800000,12,-162.004,1267.28,8.96722,0.519
2820000,10,-149.099,1282.53,11.5339,0.487
2840000,11,-160.779,1291.72,7.2622,0.521103
2860000,15,-202.095,1298.59,14.7128,0.522
2880000,12,-171.828,1261.47,11.1956,0.5425
2900000,10,-141.649,1270.67,11.0276,0.530778
2920000,10,-139.168,1273.49,13.7954,0.481
2940000,14,-188.091,1278.72,10.4391,0.5205
2960000,12,-174.058,1271.8,13.6963,0.53
2980000,13,-177.481,1270.05,12.8628,0.533
3000000,12,-162.997,1271.34,10.6591,0.532333
3020000,9,-130.183,1271.98,7.63178,0.494
3040000,14,-194.405,1290.65,19.5495,0.522
3060000,12,-170.824,1291.9,13.2818,0.5255
3080000,14,-186.609,1301.76,19.923,0.5475
3100000,12,-169.486,1290.03,17.1775,0.485
3120000,13,-181.633,1310.98,7.3809,0.552
3140000,12,-168.083,1294.91,12.0794,0.5282
3160000,12,-167.671,1281.49,14.7717,0.504125
3180000,13,-178.615,1291.71,9.29422,0.523
3200000,12,-171.962,1285.21,7.73637,0.517889
3220000,11,-159.281,1298.87,8.80082,0.496
3240000,14,-189.385,1300.94,20.3146,0.5355
3260000,12,-173.683,1295.46,10.6174,0.518
3280000,13,-188.491,1303.23,10.5898,0.491667
3300000,17,-217.343,1276.34,13.6539,0.547
3320000,11,-159.632,1282.26,8.96425,0.498
3340000,14,-194.341,1294.34,9.91368,0.527
3360000,11,-163.53,1307.69,11.3687,0.475
3380000,11,-167.683,1310.06,6.95634,0.475
3400000,16,-226.534,1285.92,22.4362,0.55
3420000,14,-188.553,1300.25,21.0856,0.533333
3440000,10,-147.181,1294.19,5.31191,0.496333
3460000,13,-178.273,1268.43,17.074,0.526
3480000,11,-161.661,1290.5,6.93585,0.501
3500000,12,-165.897,1295.4,10.855,0.523
3520000,17,-220.548,1286.69,14.934,0.524
3540000,14,-188.276,1291.36,15.1215,0.547
3560000,15,-196.331,1274.54,17.3637,0.5465
3580000,10,-141.19,1264.71,11.3807,0.478
3600000,10,-140.585,1286.49,10.6071,0.514143
3620000,11,-150.388,1274.92,7.94234,0.52825
3640000,12,-165.434,1300.12,17.4846,0.496
3660000,10,-152.542,1284.68,13.5147,0.487
3680000,11,-157.831,1270.71,16.1123,0.495
3700000,13,-175.249,1267.96,7.13097,0.513091
3720000,14,-184.285,1276.72,11.8281,0.541
3740000,10,-145.203,1272.71,8.59441,0.478
3760000,14,-191.274,1276.79,12.7659,0.509
3780000,13,-182.002,1308.75,12.8321,0.524
3800000,13,-170.758,1290.62,7.48497,0.535
3820000,13,-178.914,1295.1,11.7724,0.526857
3840000,14,-186.427,1293.61,13.074,0.519
3860000,11,-154.358,1267.41,10.2671,0.547
3880000,17,-222.069,1271.43,13.288,0.51725
3900000,10,-149.651,1271.55,11.5208,0.434
3920000,13,-180.624,1284.76,22.6598,0.515
3940000,14,-187.684,1257.65,17.8428,0.545
3960000,14,-194.831,1310.33,14.4663,0.515667
3980000,10,-151.2,1262.1,16.4428,0.527
4000000,11,-160.312,1299.49,17.8301,0.494
4020000,11,-168.024,1288.77,14.0164,0.503
4040000,12,-167.887,1260.73,11.8607,0.517
4060000,12,-160.155,1269.95,10.4246,0.487
4080000,11,-151.461,1261.29,14.1696,0.522769
4100000,18,-242.312,1310.78,20.8782,0.549
4120000,11,-157.739,1273.48,10.3555,0.498
4140000,14,-182.847,1272.79,14.0766,0.517583
4160000,12,-167.487,1278.28,11.4414,0.506
4180000,15,-202.889,1290.95,11.615,0.509
4200000,14,-181.676,1277.95,8.93142,0.491333
4220000,16,-209.293,1290.15,25.1266,0.542714
4240000,13,-181.281,1293.58,17.1702,0.482
4260000,10,-150.815,1242.68,9.05284,0.463
4280000,11,-161.381,1265.83,9.04759,0.517667
4300000,12,-168.239,1257.01,12.935,0.472
4320000,13,-184.164,1268.97,11.5775,0.515
4340000,18,-241.79,1285.27,18.0427,0.524312
4360000,10,-155.288,1282.72,9.89118,0.482333
4380000,9,-130.063,1268.61,5.57273,0.488
4400000,12,-170.51,1284.65,15.8657,0.532
4420000,11,-155.081,1261.31,10.4485,0.501111
4440000,10,-140.688,1246.48,13.9649,0.516
4460000,12,-161.716,1269.02,9.60011,0.499
4480000,13,-179.492,1300.12,12.2511,0.479
4500000,11,-154.86,1257.09,5.05793,0.5195
4520000,14,-190.576,1284.96,22.3411,0.541
4540000,11,-159.892,1289.3,13.5731,0.483
4560000,10,-133.823,1239.53,11.4828,0.506
4580000,11,-157.435,1265.46,17.0314,0.51
4600000,13,-174.214,1255.93,9.48173,0.528
4620000,13,-182.705,1293.81,15.099,0.5285
4640000,13,-175.885,1284.63,25.0475,0.5163
4660000,14,-199.408,1303.17,10.8052,0.496
4680000,17,-218.106,1254.12,13.9952,0.529625
4700000,13,-181.579,1282.68,12.8515,0.473
4720000,11,-163.074,1277.48,16.3573,0.484
4740000,12,-167.977,1292.77,17.3072,0.512
4760000,17,-226.26,1305.63,14.1837,0.5244
4780000,19,-248.292,1294.75,19.7332,0.5478
4800000,11,-159.943,1267.29,12.3302,0.496
4820000,11,-162.58,1303.04,12.4611,0.479
4840000,11,-164.636,1275.18,15.5255,0.531
4860000,13,-181.462,1274.88,18.9446,0.56
4880000,14,-183.662,1282.09,19.9758,0.516
4900000,14,-187.302,1276.98,11.3642,0.507
4920000,10,-147.112,1279.34,7.71946,0.469
4940000,12,-166.335,1280.34,14.4664,0.5188
4960000,14,-182.822,1255.37,10.6701,0.552
4980000,11,-159.491,1289.76,12.5348,0.466
5000000,13,-182.542,1293.87,18.357,0.499
5020000,17,-228.222,1296.22,14.2325,0.54
5040000,11,-154.916,1290.55,8.31391,0.489
5060000,15,-193.031,1295.32,17.755,0.5125
5080000,10,-144.133,1256.09,14.4947,0.515
5100000,14,-190.518,1257,10.1677,0.537
5120000,9,-136.044,1276.31,7.79068,0.462
5140000,10,-140.629,1241.35,9.76968,0.5005
5160000,10,-139.941,1254.17,14.9548,0.5035
5180000,12,-170.873,1299.51,10.6539,0.526833
5200000,11,-152.119,1255.94,16.4384,0.525923
5220000,11,-154.401,1277.94,9.71073,0.496
5240000,13,-191.435,1283.4,14.695,0.513
5260000,13,-180.245,1278.64,12.9172,0.5078
5280000,9,-130.802,1263.19,11.1093,0.53675
5300000,12,-171.098,1266.9,22.7212,0.501
5320000,14,-193.438,1269.11,8.16958,0.518
5340000,12,-167.973,1261.37,15.8793,0.545
5360000,12,-170.808,1280.04,8.64396,0.471
5380000,11,-156.147,1258.41,12.0619,0.53
5400000,15,-195.178,1252.66,20.0269,0.542
5420000,10,-157.24,1288.46,10.1291,0.47
5440000,15,-197.277,1271.69,10.4839,0.5115
5460000,12,-163.706,1265.91,9.49475,0.533
5480000,10,-151.696,1249.34,13.6563,0.4848
5500000,10,-144.351,1254.09,13.2989,0.492
5520000,14,-188.424,1292.51,11.2495,0.516
5540000,9,-129.603,1266.94,7.29677,0.473
5560000,16,-215.502,1272.9,22.8695,0.502
5580000,14,-197.97,1287.85,12.4288,0.523
5600000,12,-165.766,1283.32,10.0163,0.494
5620000,12,-163.272,1266.56,12.5795,0.512
5640000,11,-153.094,1288.25,11.4266,0.506
5660000,10,-152.881,1279.15,5.07767,0.4816
5680000,15,-204.915,1267.37,11.2447,0.548
5700000,12,-166.565,1274.9,20.148,0.51
5720000,11,-161.791,1267.75,6.50853,0.502
5740000,13,-187.266,1317.43,11.8652,0.526909
5760000,8,-120.76,1250.2,8.97883,0.511333
5780000,14,-202.07,1281.44,12.3679,0.504
5800000,11,-157.67,1280.69,8.5764,0.528
5820000,11,-160.844,1301.42,11.2173,0.469
5840000,13,-181.047,1306.24,9.16924,0.512
5860000,12,-167.431,1275.72,13.4408,0.520824
5880000,17,-216.817,1302.88,17.2705,0.561
5900000,19,-249.8,1284.51,23.3367,0.547
5920000,14,-194.297,1305.25,17.7424,0.524
5940000,13,-179.429,1277.62,16.6233,0.5075
5960000,17,-223.045,1290.45,16.1825,0.545
5980000,14,-191.514,1306.45,7.29972,0.521846
6000000,13,-167.933,1300.94,17.4082,0.498
6020000,16,-204.43,1264.34,12.1029,0.5556
6040000,15,-200.319,1305.6,11.173,0.521
6060000,10,-148.025,1277.99,13.3383,0.468
6080000,15,-202.421,1289.7,14.7468,0.5055
6100000,11,-166.795,1302.84,6.32727,0.489
6120000,18,-242.704,1313.9,18.0485,0.514
6140000,12,-167.971,1297.12,4.05089,0.5235
6160000,10,-147.88,1301.61,9.42029,0.5
6180000,12,-163.711,1280,15.7877,0.526
6200000,12,-170.177,1285.42,13.5645,0.505
6220000,11,-156.981,1269.85,13.1122,0.4995
6240000,9,-145.043,1282.33,11.5385,0.477
6260000,9,-135.994,1283.09,4.47961,0.451
6280000,14,-184.568,1262.08,16.7055,0.522
6300000,13,-184.299,1292.28,12.1364,0.478
6320000,10,-145.167,1278.96,8.76118,0.518
6340000,12,-162.865,1279.1,9.12013,0.515
6360000,14,-188.036,1281.57,13.8647,0.568
6380000,14,-194.629,1283.24,11.911,0.573
6400000,13,-190.027,1281.1,12.8519,0.506857
6420000,14,-195.161,1280.08,12.0145,0.549
6440000,13,-175.285,1287.01,8.97446,0.533286
6460000,10,-146.303,1269.77,16.6539,0.495
6480000,10,-147.934,1271.33,7.51457,0.501
6500000,10,-146.803,1274.46,10.5211,0.508
6520000,12,-165.777,1292.58,10.9814,0.525355
6540000,10,-143.729,1269.53,17.0871,0.529417
6560000,10,-147.874,1265.82,6.71148,0.46
6580000,16,-203.181,1264.77,16.3794,0.514
6600000,12,-159.666,1274.57,16.9989,0.532429
6620000,12,-172.673,1283.43,18.9292,0.504
6640000,14,-190.814,1289.6,17.4311,0.519
6660000,12,-159.031,1252.09,12.7549,0.516875
6680000,11,-157.609,1273.46,14.046,0.534067
6700000,13,-194.362,1299.06,15.0023,0.501
6720000,11,-151.968,1263.98,13.8913,0.523
6740000,14,-176.526,1272.01,18.2557,0.5244
6760000,11,-157.407,1260.91,7.21029,0.506412
6780000,11,-163.744,1293.56,8.75812,0.487375
6800000,11,-158.284,1295.15,12.1889,0.519
6820000,11,-158.891,1273.65,11.739,0.489
6840000,12,-160.737,1280.73,15.791,0.504833
6860000,18,-232.779,1270.04,18.8872,0.56025
6880000,13,-173.535,1254.22,17.1712,0.544
6900000,13,-183.748,1284.91,14.3889,0.5415
6920000,13,-180.851,1288.8,13.6746,0.497
6940000,11,-156.731,1290.18,10.8086,0.463
6960000,12,-170.579,1301.54,13.5893,0.4885
6980000,12,-174.499,1290.41,14.7765,0.471
7000000,13,-184.516,1278.35,13.7232,0.549
7020000,9,-137.663,1276.4,6.75754,0.47
7040000,12,-172.564,1285.6,15.9553,0.525
7060000,11,-154.833,1288.87,10.056,0.525
7080000,13,-171.923,1281.93,14.7506,0.525103
7100000,11,-154.675,1286.35,13.5221,0.500857
7120000,10,-158.387,1298.26,11.7185,0.497
7140000,12,-180.481,1307.75,8.97365,0.493364
7160000,14,-181.86,1278.76,13.3254,0.555
7180000,10,-135.164,1252.61,11.3327,0.541083
7200000,13,-178.268,1265.45,9.30592,0.545
7220000,17,-222.144,1254.15,22.276,0.544
7240000,11,-162.138,1290.51,9.07527,0.52125
7260000,15,-201.088,1279.14,12.19,0.482
7280000,12,-164.589,1275.42,12.0251,0.499625
7300000,11,-160.057,1283.98,16.429,0.52
7320000,10,-145.209,1268.91,12.0959,0.49875
7340000,14,-183.952,1247.8,21.4327,0.533
7360000,12,-171.603,1270.22,24.397,0.527786
7380000,11,-159.093,1277.69,22.489,0.464
7400000,12,-165.977,1268.9,7.88678,0.564
7420000,10,-139.875,1263.36,15.7107,0.518
7440000,9,-136.501,1273.64,12.8193,0.476
7460000,12,-167.533,1272.64,14.9675,0.521
7480000,12,-179.131,1291.91,19.635,0.463
7500000,11,-164.223,1266.22,9.50169,0.523
7520000,15,-193.017,1270.46,17.3216,0.548
7540000,10,-138.438,1272.37,10.465,0.484
7560000,14,-184.61,1270.39,13.582,0.52
7580000,11,-155.572,1291.57,13.889,0.494727
7600000,17,-227.084,1270.3,18.6714,0.5365
7620000,12,-164.716,1274.87,6.7341,0.526
7640000,11,-163.697,1270.67,10.3807,0.5165
7660000,12,-157.055,1272.59,10.5082,0.527
7680000,15,-192.705,1274.88,26.8777,0.511
7700000,15,-203.903,1270.95,12.5809,0.572
7720000,11,-156.873,1272.38,6.13522,0.564
7740000,13,-174.361,1279.79,16.7726,0.483
7760000,11,-157.345,1288.22,10.6912,0.488
7780000,10,-147.245,1280.36,7.3488,0.482
7800000,10,-147.771,1267.79,10.8256,0.492
7820000,11,-156.803,1287.72,9.45288,0.468
7840000,10,-141.928,1289.12,9.31615,0.52
7860000,11,-154.95,1283.93,14.3811,0.491
7880000,13,-190.273,1291.8,11.593,0.502
7900000,11,-159.353,1270.77,8.50008,0.469
7920000,12,-159.568,1281.34,12.6311,0.49
7940000,12,-171.417,1262.83,24.5356,0.54925
7960000,12,-160.256,1255.46,20.3379,0.5125
7980000,17,-210.085,1296.21,27.0415,0.54
8000000,11,-146.434,1259.69,16.8693,0.53925
8020000,13,-179.44,1286.59,13.257,0.492
8040000,12,-162.965,1271.45,9.56609,0.534
8060000,14,-187.865,1267.58,9.16445,0.527
8080000,13,-180.249,1293.38,17.2417,0.532667
8100000,12,-162.895,1266.87,13.2995,0.551
8120000,13,-184.165,1282.8,14.9572,0.519625
8140000,11,-160.273,1282.41,14.6838,0.494
8160000,15,-204.792,1279.75,16.9706,0.523
8180000,11,-161.275,1291.02,9.07811,0.519818
8200000,16,-216.504,1295.76,14.5121,0.551
8220000,12,-176.328,1299.84,15.5605,0.485
8240000,12,-163.209,1283.9,13.5505,0.49625
8260000,13,-176.744,1277.51,21.6701,0.488143
8280000,16,-216.22,1306.73,13.0234,0.53
8300000,12,-165.791,1271.39,15.219,0.52
8320000,14,-191.888,1273.84,13.656,0.525
8340000,19,-233.508,1290.2,21.4627,0.546
8360000,12,-167.809,1251.13,8.03708,0.5264
8380000,11,-155.536,1267.17,17.0045,0.481
8400000,12,-165.88,1296.36,7.91124,0.556
8420000,10,-140.406,1254.3,6.90291,0.472
8440000,12,-174.195,1298.07,8.00241,0.536
8460000,13,-184.585,1281.88,9.66004,0.517
8480000,16,-211.775,1298.3,17.0595,0.515636
8500000,13,-186.836,1287.25,10.3155,0.557
8520000,10,-138.13,1241.83,9.15409,0.516
8540000,12,-170.79,1278.84,19.0867,0.509
8560000,12,-163.993,1278.9,9.61971,0.509
8580000,13,-176.917,1292.33,17.6834,0.5385
8600000,11,-159.779,1257.49,8.89715,0.4984
8620000,16,-213.078,1256.75,25.5931,0.531
8640000,15,-206.417,1267.6,20.0971,0.5405
8660000,13,-171.198,1282.91,13.5964,0.519
8680000,9,-134.279,1274.93,6.64359,0.46
8700000,14,-185.124,1278.8,14.6396,0.541
8720000,10,-139.987,1275.17,7.06298,0.492
8740000,13,-170.385,1277.63,7.65677,0.529387
8760000,11,-155.334,1274.7,10.6041,0.486667
8780000,18,-235.458,1284.8,30.457,0.534059
8800000,11,-156.574,1292.26,11.9302,0.502
8820000,15,-199.543,1283.54,14.0425,0.54075
8840000,10,-148.079,1289.15,7.62397,0.491
8860000,11,-150.741,1276.14,13.7856,0.512
8880000,11,-151.106,1285.67,12.7645,0.523
8900000,13,-181.884,1291.62,9.2979,0.534
8920000,12,-167.351,1295.41,18.2396,0.514
8940000,22,-282.35,1291.14,26.3077,0.563
8960000,16,-214.735,1282.46,15.5035,0.472
8980000,11,-153.76,1286.36,8.5477,0.505
9000000,14,-185.541,1290.66,15.109,0.5005
9020000,15,-209.794,1289.91,10.7375,0.536583
9040000,13,-179.918,1276.43,10.7585,0.5225
9060000,13,-181.301,1299.74,20.9612,0.542238
9080000,13,-178.286,1284.58,27.172,0.517
9100000,11,-158.478,1289.86,13.3485,0.521
9120000,13,-183.429,1304.79,16.8715,0.513
9140000,14,-195.604,1273.56,12.1632,0.538765
9160000,13,-184.094,1293.56,16.9679,0.542
9180000,13,-176.827,1300.8,11.3883,0.5065
9200000,11,-162.849,1282.93,11.461,0.5
9220000,14,-195.295,1292.16,19.9699,0.506611
9240000,13,-174.42,1301.05,15.8105,0.503
9260000,12,-166.216,1276.29,8.97491,0.491
9280000,10,-145.711,1277.41,12.1706,0.494
9300000,16,-217.756,1264.87,26.749,0.564
9320000,17,-225.117,1304.95,20.7633,0.540273
9340000,15,-200.733,1306.13,16.7127,0.557
9360000,12,-167.833,1272.4,23.1736,0.52
9380000,13,-180.192,1310.31,15.6894,0.499
9400000,12,-162.738,1288.01,13.9078,0.526
9420000,9,-137.839,1275.35,9.03057,0.483
9440000,14,-187.519,1287.76,14.714,0.5446
9460000,12,-173.066,1273.47,13.734,0.488
9480000,17,-228.88,1290.39,24.1268,0.506
9500000,16,-208.534,1302.23,15.0514,0.539
9520000,10,-145.16,1269.98,6.79607,0.522
9540000,15,-197.017,1283.57,11.6686,0.56525
9560000,10,-146.67,1295.54,9.43078,0.465
9580000,13,-178.823,1265.62,14.0809,0.515727
9600000,16,-213.724,1281.4,18.3694,0.562
9620000,12,-174.715,1276.15,12.2789,0.526
9640000,11,-158.652,1291.97,12.345,0.474
9660000,12,-167.693,1286.21,7.05192,0.482
9680000,17,-218,1291.93,19.9438,0.5177
9700000,12,-173.046,1307.3,15.3982,0.508
9720000,12,-170.664,1283.57,11.6314,0.560333
9740000,17,-228.067,1314.35,18.1918,0.530952
9760000,11,-159.042,1270.75,17.7295,0.525
9780000,9,-139.362,1287.01,7.85772,0.47
9800000,12,-172.384,1277.53,18.3307,0.50175
9820000,17,-227.22,1292.21,16.9183,0.57
9840000,9,-137.467,1280.3,15.2181,0.481
9860000,15,-211.437,1309.63,20.729,0.51225
9880000,13,-185.597,1297.61,21.0774,0.516
9900000,13,-189.945,1277.03,15.5777,0.509
9920000,17,-228.19,1316.34,17.0263,0.5338
9940000,13,-180.669,1302.79,16.3168,0.524
9960000,10,-148.016,1282.14,7.74435,0.539
9980000,13,-181.201,1304.01,11.0189,0.514
10000000,11,-151.064,1265.21,13.5463,0.521294
10020000,15,-197.125,1280.98,10.9384,0.501286
10040000,13,-182.625,1275.89,16.9547,0.554
10060000,13,-176.698,1278.76,12.0409,0.527
10080000,10,-145.975,1277.58,9.64111,0.522
10100000,11,-145.742,1266.53,11.8804,0.547
10120000,13,-188.625,1270.57,10.3372,0.521
10140000,14,-186.762,1285.29,14.6238,0.523
10160000,17,-230.242,1280.74,15.8152,0.5675
10180000,18,-246.436,1311.26,16.6524,0.55
10200000,13,-181.539,1269.44,15.0826,0.51
10220000,13,-184.421,1314.8,15.957,0.513
10240000,11,-157.525,1272.03,11.4618,0.523
10260000,13,-178.865,1286.43,11.2267,0.502
10280000,11,-149.708,1280.62,20.4024,0.523667
10300000,10,-146.813,1272.9,17.3978,0.493
10320000,12,-179.02,1284.1,9.86576,0.482
10340000,14,-189.656,1284.21,16.8282,0.55075
10360000,11,-170.05,1294.49,16.2925,0.5212
10380000,12,-164.624,1283.19,12.0126,0.495
10400000,13,-177.72,1283.52,23.1307,0.518364
10420000,14,-192.651,1309.29,18.1688,0.517
10440000,17,-220.916,1283.42,14.8985,0.535
10460000,12,-179.705,1297.37,17.1445,0.494
10480000,14,-195.052,1287.71,10.9662,0.525
10500000,12,-166.789,1285.32,14.1663,0.484
10520000,11,-155.573,1286.13,8.70199,0.5235
10540000,13,-182.218,1293.42,7.69937,0.51
10560000,12,-174.022,1294.12,10.9969,0.497
10580000,11,-160.15,1318.75,13.9482,0.52804
10600000,12,-165.782,1281.65,8.98096,0.535
10620000,12,-165.616,1280.72,12.351,0.534771
10640000,16,-211.302,1286.45,30.8441,0.562
10660000,15,-208.81,1296.61,15.2542,0.517
10680000,11,-156.576,1298.11,6.38376,0.489
10700000,12,-170.625,1291.08,11.3342,0.498
10720000,10,-146.336,1293.9,11.147,0.467
10740000,12,-169.392,1282.94,11.9208,0.481
10760000,13,-176.147,1291.93,13.2092,0.52
10780000,12,-174.331,1274.93,9.89841,0.499333
10800000,12,-171.093,1278.21,14.7293,0.52
10820000,12,-167.868,1290.9,17.1702,0.534091
10840000,13,-179.871,1286.4,14.7973,0.509
10860000,10,-143.412,1273.02,8.4414,0.488727
10880000,14,-188.512,1304.55,11.2908,0.54
10900000,13,-179.445,1290.93,12.7098,0.522
10920000,12,-160.015,1298.62,14.1585,0.517
10940000,14,-185.099,1303.63,10.2503,0.485
10960000,9,-131.572,1276.31,11.1129,0.495
10980000,22,-282.725,1300.83,25.8314,0.555
11000000,13,-178.243,1304.18,13.0059,0.491
11020000,15,-205.837,1299.7,17.7317,0.508
11040000,11,-158.796,1286.14,13.9192,0.506
11060000,14,-185.337,1290.49,8.5063,0.492
11080000,20,-254.735,1312.27,20.8908,0.592
11100000,11,-154.11,1279.37,13.6574,0.5065
11120000,16,-217.833,1288.79,15.7793,0.559
11140000,15,-202.248,1275.94,12.8397,0.5338
11160000,10,-146.772,1275.63,13.2626,0.484
11180000,11,-154.726,1275.97,12.1638,0.465
11200000,11,-156.881,1277.63,8.60777,0.5072
11220000,9,-139.968,1291.1,11.2037,0.483
11240000,12,-161.079,1281.43,15.7834,0.547
11260000,12,-167.088,1265.99,11.5618,0.524667
11280000,13,-182.5,1299.71,14.9829,0.537
11300000,16,-220.343,1290.67,19.2383,0.521
11320000,12,-163.903,1290.1,14.4322,0.522
11340000,11,-156.699,1281,9.5679,0.524
11360000,11,-155.737,1270.22,10.1144,0.509
11380000,10,-147.144,1273.32,8.08592,0.486
11400000,13,-169.109,1294.13,11.8148,0.5276
11420000,14,-189.466,1305.56,14.8826,0.5225
11440000,11,-156.231,1273.42,16.2411,0.4995
11460000,10,-139.85,1263.18,15.5808,0.516
11480000,13,-180.461,1297.14,7.61801,0.523
11500000,11,-162.117,1289,8.10893,0.504
11520000,12,-164.936,1289.66,11.2009,0.535
11540000,11,-160.905,1284.02,7.2741,0.543222
11560000,14,-192.652,1290.53,13.5859,0.562
11580000,10,-154.215,1304.31,7.44178,0.486
11600000,16,-212.826,1290.96,17.5978,0.5415
11620000,12,-169.613,1292.71,9.62986,0.525857
11640000,14,-190.657,1293.3,14.3518,0.551
11660000,15,-210.473,1297.07,19.087,0.538833
11680000,15,-203.415,1302.92,13.2907,0.527
11700000,13,-176.247,1299.97,11.9827,0.516
11720000,14,-189.11,1291.75,13.5671,0.522
11740000,14,-192.21,1302.72,17.4628,0.525
11760000,14,-188.075,1298.19,9.87374,0.513
11780000,15,-210.309,1291.35,20.8618,0.528
11800000,13,-179.142,1280.92,12.9876,0.535
11820000,15,-209.768,1305.46,17.4227,0.533
11840000,15,-199.308,1283.52,14.4065,0.532
11860000,10,-149.405,1275.89,13.2189,0.511
11880000,14,-184.993,1270.31,13.5636,0.507
11900000,14,-185.142,1299.61,13.8725,0.553
11920000,17,-218.299,1298.74,14.9333,0.526
11940000,23,-293.847,1303.69,23.9431,0.541692
11960000,11,-159.019,1300.47,15.1609,0.509
11980000,10,-147.584,1301.93,8.00737,0.476
12000000,12,-175.467,1290.99,13.4854,0.505
12020000,16,-211.693,1293.55,25.8289,0.5245
12040000,11,-157.857,1284.74,13.4788,0.422
12060000,13,-181.657,1299.81,18.3489,0.5042
12080000,15,-198.416,1311.41,11.8651,0.511
12100000,12,-170.32,1293.47,12.4842,0.52
12120000,14,-192.305,1285.6,17.4802,0.524667
12140000,13,-178.237,1288.94,13.4243,0.493
12160000,15,-196.852,1286.67,15.1975,0.5426
12180000,13,-180.345,1292.14,10.5516,0.486
12200000,12,-166.479,1296.27,14.1902,0.488
12220000,10,-147.443,1278.77,12.453,0.502
12240000,11,-161.338,1288.66,10.6925,0.523
12260000,13,-173.329,1299.22,10.1572,0.526
12280000,22,-281.699,1290.68,21.582,0.584
12300000,10,-147.282,1276.01,14.0665,0.416
12320000,12,-161.851,1270.1,8.09215,0.542
12340000,9,-133.392,1278.23,13.825,0.494143
12360000,13,-177.619,1276.59,14.3553,0.544
12380000,12,-171.535,1295.08,11.9406,0.507
12400000,10,-151.18,1288.55,6.42294,0.505143
12420000,15,-193.216,1273.9,18.5799,0.503
12440000,10,-145.612,1274.85,7.70443,0.516625
12460000,12,-164.896,1279.91,18.2497,0.574
12480000,12,-165.564,1299.83,16.9611,0.49
12500000,12,-163.765,1293.78,13.2237,0.511
12520000,12,-170.418,1301.32,11.625,0.486
12540000,16,-216.515,1287.6,16.9347,0.54355
12560000,16,-218.764,1303.88,21.1435,0.532333
12580000,14,-193.657,1308.18,15.3147,0.484
12600000,12,-168.567,1302.92,10.8671,0.475
12620000,16,-219.982,1311.79,16.0201,0.537333
12640000,13,-183.183,1289.84,13.4973,0.512
12660000,12,-168.92,1310.01,10.5177,0.522
12680000,13,-179.27,1301.66,16.2413,0.512667
12700000,13,-191.606,1301.64,12.3882,0.511
12720000,11,-153.107,1253.78,14.7861,0.501
12740000,12,-173.213,1300.22,11.9923,0.536
12760000,10,-146.278,1306.72,9.35389,0.482
12780000,11,-156.558,1285.66,12.1799,0.5064
12800000,13,-179.603,1271.84,9.47567,0.527
12820000,12,-164.326,1285.15,14.3055,0.534
12840000,12,-164.298,1287.57,10.4611,0.48
12860000,11,-163.984,1288.53,9.21781,0.4945
12880000,10,-143.722,1280.34,11.853,0.5
12900000,13,-180.29,1286.7,11.1626,0.530286
12920000,11,-163.016,1285,12.9198,0.527667
12940000,11,-156.483,1286.41,5.75859,0.517
12960000,13,-183.133,1301.08,11.3833,0.486
12980000,14,-195.064,1293.95,14.602,0.482
13000000,14,-187.476,1280.78,21.6524,0.533
13020000,11,-153.959,1292.6,12.2134,0.51
13040000,17,-223.137,1280.12,21.411,0.578
13060000,13,-184.041,1262.75,20.7749,0.538966
13080000,11,-158.663,1269.67,18.4366,0.544
13100000,13,-175.058,1276.5,11.9258,0.552
13120000,10,-149.276,1272.19,5.79283,0.459
13140000,11,-154.477,1273.31,11.9729,0.536
13160000,9,-144.59,1283.96,8.88319,0.5035
13180000,13,-182.448,1301.75,16.2262,0.504
13200000,11,-154.872,1273.06,11.4882,0.518
13220000,12,-171.309,1274.42,16.4435,0.528
13240000,9,-137.137,1269.94,6.93877,0.467
13260000,14,-190.147,1306.81,20.3844,0.509
13280000,9,-130.134,1267.31,13.9339,0.478
13300000,15,-200.376,1267.92,14.9414,0.5455
13320000,11,-161.113,1292.59,8.5315,0.498
13340000,11,-156.418,1285.74,10.1577,0.479
13360000,13,-176.603,1286.06,10.5501,0.516444
13380000,11,-157.039,1273.57,16.5975,0.49
13400000,15,-209.787,1277.47,11.8388,0.532
13420000,11,-160.502,1286.91,7.3577,0.494
13440000,14,-185.773,1259.03,20.2268,0.535
13460000,13,-175.563,1294.27,13.9731,0.535
13480000,10,-142.768,1254.57,16.1436,0.503
13500000,14,-185.233,1290.71,15.0082,0.5031
13520000,11,-154.242,1294.35,14.4315,0.519444
13540000,15,-199.062,1278.86,15.4132,0.49
13560000,10,-146.952,1273.11,10.0476,0.512
13580000,14,-182.687,1268.61,18.1813,0.53
13600000,12,-164.65,1280.86,8.62733,0.509
13620000,14,-190.929,1285.54,17.9103,0.526
13640000,12,-161.71,1280.54,10.0819,0.5326
13660000,17,-218.38,1288.18,11.0154,0.541
13680000,19,-243.38,1278.92,20.2705,0.556
13700000,11,-154.219,1260.17,15.6148,0.511
13720000,13,-174.997,1281.95,16.0449,0.519
13740000,14,-191.46,1301.89,12.3013,0.517167
13760000,15,-207.119,1315.5,15.2605,0.5375
13780000,15,-201.661,1272.73,16.3558,0.517286
13800000,11,-159.878,1294.04,10.3011,0.493
13820000,12,-172.237,1291.95,11.9058,0.486667
13840000,16,-208.982,1305.6,12.5178,0.526
13860000,11,-173.078,1292.3,9.99251,0.452
13880000,13,-170.056,1279.94,14.3559,0.532
13900000,11,-153.318,1275.8,9.35307,0.514
13920000,12,-167.946,1279.33,17.317,0.511
13940000,15,-202.583,1296.54,10.9328,0.513714
13960000,15,-215.256,1291.04,11.7883,0.546
13980000,16,-221.147,1296.86,10.5975,0.545
14000000,16,-207.864,1270.98,18.502,0.543
14020000,9,-132.363,1281.86,14.5236,0.491
14040000,14,-204.473,1287.57,17.6755,0.547
14060000,15,-197.626,1299.2,9.7916,0.495167
14080000,11,-152.374,1281.17,8.09878,0.5
14100000,9,-132.271,1274.23,12.8773,0.481
14120000,15,-204.763,1314.04,12.6541,0.553
14140000,11,-157.468,1274.51,14.2262,0.475
14160000,11,-156.605,1285.05,11.2086,0.488
14180000,9,-130.748,1277.3,5.6645,0.492
14200000,13,-176.004,1288.39,13.3586,0.49
14220000,12,-159.602,1268.63,12.2696,0.522
14240000,12,-171.489,1278.54,13.5766,0.4991
14260000,13,-176.804,1280.37,9.06901,0.535
14280000,12,-169.265,1277.33,10.9832,0.502
14300000,13,-175.618,1300.09,16.7805,0.492
14320000,13,-180.704,1276.76,7.69189,0.51
14340000,14,-189.587,1284.4,22.8394,0.520429
14360000,13,-177.719,1297.35,14.7898,0.511
14380000,14,-194.895,1300.61,25.1278,0.499
14400000,9,-131.879,1248.52,14.1428,0.485833
14420000,13,-185.918,1284.84,11.1442,0.522304
14440000,11,-158.908,1288.31,8.94519,0.522
14460000,10,-146.724,1288.8,11.3646,0.483333
14480000,14,-189.86,1293.21,15.1116,0.522
14500000,13,-179.877,1298.29,13.0406,0.503
14520000,12,-174.678,1305.83,15.9192,0.525
14540000,17,-214.111,1276.27,22.257,0.53075
14560000,14,-203.103,1300.08,14.7374,0.5105
14580000,13,-185.431,1278.59,13.7546,0.53475
14600000,14,-193.109,1287.07,14.2412,0.519167
14620000,11,-166.748,1293.9,11.1572,0.525667
14640000,14,-188.969,1300.28,14.6711,0.5465
14660000,19,-247.73,1281.08,25.3194,0.569
14680000,16,-224.818,1275.45,22.0747,0.501375
14700000,13,-182.684,1308.03,16.2772,0.54
14720000,14,-189.846,1295.83,16.5715,0.5315
14740000,11,-158.271,1266.52,13.1678,0.5
14760000,12,-170.953,1278.65,10.2047,0.535
14780000,14,-184.939,1289.56,15.4817,0.536
14800000,10,-142.445,1276.4,10.5742,0.522
14820000,12,-166.475,1280.82,13.9489,0.543
14840000,17,-219.518,1281.19,13.7119,0.551312
14860000,11,-155.813,1274.67,14.7266,0.489
14880000,11,-154.984,1283.23,16.434,0.51
14900000,14,-203.58,1308.71,12.0888,0.55348
14920000,13,-185.047,1299.75,12.3045,0.537
14940000,10,-146.076,1271.89,12.6292,0.493
14960000,12,-169.11,1260.83,11.0166,0.532438
14980000,17,-219.253,1274.29,15.8731,0.527263
15000000,12,-168.821,1277.67,12.5866,0.484
15020000,12,-172.625,1296.9,15.8944,0.524
15040000,10,-138.254,1264.12,7.85177,0.527
15060000,10,-147.553,1282.61,13.7778,0.494
15080000,12,-167.088,1274.52,9.21133,0.497
15100000,14,-180.106,1274.18,14.1671,0.5095
15120000,11,-155.98,1297.54,12.059,0.51
15140000,12,-166.396,1280.81,10.8455,0.514
15160000,13,-177.142,1300.14,17.0674,0.5
15180000,11,-161.183,1286.88,7.13107,0.504
15200000,13,-193.492,1301.87,12.4663,0.527
15220000,9,-131.14,1263.68,6.35319,0.452
15240000,14,-195.049,1281.91,11.9268,0.506217
15260000,11,-161.879,1297.19,16.1276,0.514
15280000,13,-182.174,1279.2,13.3482,0.512
15300000,16,-209.64,1294.23,18.9232,0.544
15320000,16,-207.792,1299.19,11.0181,0.5234
15340000,12,-164.394,1284.48,6.20058,0.495
15360000,14,-191.079,1299.49,19.9683,0.528
15380000,16,-199.648,1275.24,15.9613,0.503
15400000,13,-183.814,1279.02,10.3149,0.522733
15420000,12,-173.181,1288.08,11.2502,0.532667
15440000,11,-151.373,1271.22,8.38368,0.502
15460000,17,-229.301,1316.55,15.7449,0.5343
15480000,16,-204.619,1294.46,15.7754,0.513158
15500000,10,-144.164,1258.46,12.862,0.489
15520000,13,-177.633,1264.89,10.2423,0.512714
15540000,14,-190.32,1290.48,9.43295,0.5593
15560000,13,-178.847,1303.2,12.4346,0.532333
15580000,13,-169.672,1279.74,10.5263,0.518
15600000,16,-215.708,1276.85,18.885,0.526667
15620000,11,-167.475,1302.27,8.79462,0.49
15640000,13,-175.091,1269.23,10.4601,0.527667
15660000,15,-199.161,1270.29,12.6001,0.544
15680000,13,-182.49,1297.26,11.3151,0.531833
15700000,9,-134.423,1260.96,8.90011,0.496
15720000,12,-168.818,1281.51,15.0548,0.508
15740000,12,-178.756,1289.26,4.20952,0.512
15760000,13,-182.03,1312.01,9.96158,0.507
15780000,10,-144.014,1272.51,11.9271,0.471
15800000,12,-165.11,1286.74,9.65419,0.477
15820000,10,-138.212,1283.33,10.0093,0.486
15840000,10,-153.95,1282.48,8.55089,0.478
15860000,11,-156.391,1272.86,8.09963,0.477
15880000,10,-142.792,1281.32,9.79101,0.525
15900000,11,-154.554,1287.91,14.8539,0.489
15920000,14,-187.161,1300.42,13.9013,0.507143
15940000,12,-165.943,1283.5,14.9151,0.518
15960000,13,-176.826,1278.26,14.5215,0.541556
15980000,11,-154.116,1273.82,14.4528,0.48
16000000,15,-192.328,1295.58,18.1768,0.519
16020000,9,-127.814,1278.19,11.5351,0.477
16040000,19,-240.545,1295.44,12.9744,0.56
16060000,10,-153.129,1288.28,8.86734,0.467
16080000,14,-195.306,1284.47,13.5053,0.508
16100000,13,-177.842,1294.82,11.794,0.5
16120000,18,-234.733,1296.1,10.0641,0.576
16140000,17,-227.027,1303.25,19.8879,0.533
16160000,12,-164.046,1279.74,17.75,0.487
16180000,14,-184.05,1282.84,9.5355,0.54
16200000,14,-189.601,1298,14.922,0.5205
16220000,13,-181.232,1303.92,9.87619,0.525
16240000,13,-170.091,1293.7,11.895,0.5365
16260000,12,-161.276,1278.89,16.4263,0.510167
16280000,16,-215.945,1309.72,15.2486,0.552
16300000,13,-188.995,1301.29,17.3736,0.54235
16320000,14,-198.674,1311.51,21.2994,0.477
16340000,14,-189.893,1289.42,20.2371,0.503217
16360000,16,-209.823,1308.1,13.8843,0.526
16380000,13,-182.695,1299.14,11.428,0.544833
16400000,13,-174.33,1287.11,11.1342,0.513
16420000,12,-165.244,1298.36,10.6535,0.491
16440000,14,-194.427,1315.79,14.3559,0.526
16460000,12,-168.627,1299.27,10.2062,0.496
16480000,13,-177.524,1285.1,13.5698,0.529
16500000,16,-219.119,1306.28,13.726,0.5
16520000,13,-176.813,1300.75,15.0453,0.519
16540000,14,-200.149,1322.91,9.85737,0.534
16560000,13,-171.853,1294.37,9.54738,0.497
16580000,20,-253.719,1311.07,18.5646,0.534
16600000,13,-175.088,1294.52,13.3085,0.499
16620000,17,-214.991,1281.66,15.4895,0.547
16640000,10,-153.845,1285.06,5.00326,0.505
16660000,13,-190.558,1294.35,13.7694,0.512
16680000,14,-188.825,1305.65,23.9955,0.5
16700000,17,-217.796,1279.98,24.6695,0.563
16720000,15,-204.099,1289.15,15.0871,0.534
16740000,13,-176.51,1295.41,18.4867,0.501
16760000,13,-177.334,1298.13,16.212,0.512938
16780000,14,-195.102,1302.74,11.5511,0.546
16800000,16,-202.769,1282.37,15.2744,0.533333
16820000,14,-195.283,1287.27,14.6603,0.532
16840000,13,-177.258,1286.52,19.8594,0.499333
16860000,11,-157.768,1308.3,10.5894,0.466
16880000,11,-158.346,1298.94,6.07829,0.489
16900000,12,-172.992,1303.57,14.7335,0.536
16920000,12,-166.814,1304.52,13.6176,0.532
16940000,16,-208.656,1291.19,13.616,0.584
16960000,15,-203.395,1312.78,19.8344,0.492
16980000,10,-149.112,1285.12,10.6075,0.526818
17000000,12,-161.772,1293.8,7.97841,0.535
17020000,11,-155.812,1301.62,14.4394,0.513
17040000,13,-180.07,1308.36,7.80426,0.542
17060000,10,-151.849,1293.31,9.87567,0.4915
17080000,12,-168.072,1294.28,12.0818,0.524
17100000,12,-171.681,1297.24,10.0946,0.512
17120000,12,-166.207,1291.99,10.3576,0.497
17140000,14,-194.046,1288.75,14.9933,0.505
17160000,14,-182.937,1265.93,14.3357,0.519
17180000,11,-161.756,1285.48,10.7605,0.527
17200000,13,-182.677,1292.07,9.2671,0.48
17220000,12,-181.792,1308.44,12.8581,0.497
17240000,11,-159.909,1285.47,16.5793,0.475
17260000,13,-184.506,1305.21,15.9663,0.530833
17280000,11,-155.973,1285.61,11.8767,0.496
17300000,12,-165.469,1273.59,14.5689,0.496
17320000,13,-172.691,1273.4,9.85743,0.539
17340000,13,-173.054,1279.93,9.7693,0.531125
17360000,11,-163.04,1301.98,9.29808,0.517846
17380000,15,-203.297,1292.95,14.3004,0.575
17400000,14,-192.364,1289.71,10.4011,0.504
17420000,11,-155.574,1277.35,12.5577,0.52
17440000,13,-176.845,1282.58,13.99,0.507
17460000,14,-186.965,1287.87,13.8419,0.504
17480000,13,-181.958,1303.19,18.4875,0.5266
17500000,11,-149.447,1254.38,12.6112,0.478
17520000,12,-160.33,1287.01,15.0534,0.496
17540000,11,-156.517,1299.83,12.2307,0.488
17560000,12,-176.751,1296.5,15.3468,0.52
17580000,12,-172.154,1298.85,13.4276,0.5165
17600000,13,-185.433,1302.24,10.7192,0.509
17620000,13,-171.159,1284.85,19.2495,0.528
17640000,18,-241.803,1293.92,22.9829,0.5348
17660000,15,-196.111,1294.99,12.0828,0.564
17680000,14,-192.769,1277.72,15.6113,0.535
17700000,11,-161.423,1289.42,8.43425,0.501
17720000,16,-208.376,1289.12,18.9623,0.51
17740000,13,-180.118,1289.26,12.6361,0.476
17760000,12,-179.418,1297.8,12.8538,0.469
17780000,16,-204.336,1293.95,14.8364,0.529
17800000,13,-183.4,1304.45,13.641,0.507
17820000,10,-148.311,1272.14,11.8524,0.488
17840000,13,-178.805,1301.03,13.7896,0.515846
17860000,12,-163.514,1269.7,11.674,0.539
17880000,16,-212.724,1305.61,10.7919,0.53573
17900000,16,-212.832,1284.45,18.9925,0.526
17920000,12,-167.752,1275.18,13.5384,0.515667
17940000,15,-201.904,1279.47,14.422,0.5105
17960000,14,-181.381,1277.19,14.3058,0.529
17980000,11,-157.408,1291.2,12.9043,0.498
18000000,14,-198.84,1298.72,14.8603,0.538
18020000,11,-160.939,1293.01,10.5262,0.53
18040000,15,-197.92,1279.35,20.3091,0.567
18060000,13,-187.078,1295.73,16.6896,0.529
18080000,12,-160.119,1282.48,14.4562,0.5054
18100000,9,-127.499,1279.14,11.0564,0.535
18120000,16,-208.816,1295.73,18.7483,0.552
18140000,10,-147.209,1282.24,10.053,0.504
18160000,17,-237.346,1328.64,14.7239,0.501
18180000,12,-162.077,1282.84,11.3077,0.526208
18200000,12,-172.498,1292.52,14.2356,0.509
18220000,12,-166.799,1295.16,9.62879,0.506
18240000,12,-169.917,1296.87,10.5245,0.541
18260000,11,-162.731,1292.35,9.44686,0.519
18280000,13,-177.473,1305.13,16.1644,0.521
18300000,17,-217.185,1311.3,14.0511,0.542353
18320000,11,-157.401,1295,8.49904,0.518
18340000,10,-150.348,1304.85,9.70021,0.516294
18360000,14,-191.051,1290.32,17.7633,0.517
18380000,16,-210.789,1289.61,11.8057,0.533
18400000,10,-151.426,1286.02,9.5907,0.453
18420000,17,-219.373,1284.49,17.9391,0.563
18440000,10,-144.538,1278.1,10.1589,0.484
18460000,11,-161.216,1299.46,7.70203,0.533
18480000,14,-198.038,1302.41,11.4271,0.481
18500000,13,-184.669,1291.77,11.4349,0.489
18520000,16,-213.366,1291.39,9.97764,0.551
18540000,14,-196.391,1292.02,13.9521,0.517
18560000,17,-219.404,1295.44,24.2511,0.541778
18580000,13,-177.002,1280.47,16.0616,0.531
18600000,12,-164.395,1293.9,10.7444,0.492
18620000,12,-160.279,1274.35,12.0666,0.50475
18640000,14,-189.213,1290.1,16.0375,0.519368
18660000,13,-172.951,1305.28,22.2227,0.494
18680000,15,-196.397,1280.89,14.4224,0.5395
18700000,14,-190.323,1307.25,19.3533,0.537579
18720000,12,-170.679,1309.81,11.1374,0.55225
18740000,12,-165.058,1308.89,8.78702,0.513
18760000,16,-216.537,1309.77,20.3131,0.55
18780000,13,-184.354,1307.94,16.121,0.487
18800000,16,-208.73,1282.48,18.872,0.538875
18820000,15,-195.867,1300.79,14.4726,0.532
18840000,11,-161.392,1302.57,15.0109,0.481
18860000,13,-190.835,1298.07,24.5372,0.5015
18880000,11,-156.345,1287.02,9.63272,0.4985
18900000,15,-197.106,1294.15,19.1467,0.518941
18920000,17,-227.247,1291.66,15.9945,0.547
18940000,13,-184.357,1262.56,11.0378,0.545
18960000,17,-238,1285.17,15.3679,0.534667
18980000,18,-227.621,1314.37,8.35964,0.528
19000000,10,-144.707,1274.79,13.8355,0.498
19020000,12,-166.559,1289.44,19.2455,0.532429
19040000,14,-198.752,1294.34,15.0138,0.555
19060000,13,-186.321,1307.87,15.538,0.495
19080000,11,-151.177,1265.79,10.8668,0.519
19100000,12,-172.723,1288.07,9.03949,0.486
19120000,14,-192.834,1285.63,11.2455,0.544
19140000,11,-157.236,1285.74,6.91935,0.474
19160000,16,-209.055,1286.06,10.6602,0.521333
19180000,12,-161.601,1291.83,16.1288,0.524
19200000,10,-142.174,1268.03,10.3971,0.497
19220000,12,-168.066,1257.12,9.47015,0.516
19240000,11,-150.231,1261,8.30156,0.535222
19260000,10,-146.021,1268.97,11.8385,0.509
19280000,12,-169.102,1278.51,13.4062,0.512
19300000,11,-160.499,1288.34,7.60608,0.4875
19320000,11,-159.035,1285.77,13.8082,0.552
19340000,14,-182.022,1268.1,20.1719,0.555
19360000,14,-185.597,1286.37,14.4916,0.505
19380000,14,-187.499,1282.75,18.2951,0.472
19400000,9,-142.857,1281.32,5.48823,0.488
19420000,11,-156.113,1297.46,16.0943,0.510171
19440000,12,-169.23,1269.29,10.6722,0.543
19460000,12,-163.811,1283.38,13.7367,0.511
19480000,14,-195.506,1290.55,8.25609,0.541
19500000,12,-175.441,1292.39,10.7407,0.521444
19520000,12,-169.691,1277.31,15.693,0.516
19540000,10,-141.676,1276.14,11.2215,0.541
19560000,11,-158.857,1281.93,19.874,0.488
19580000,16,-211.983,1289.59,28.1834,0.53
19600000,17,-227.08,1286.57,26.2639,0.537
19620000,12,-170.63,1286.99,15.719,0.491
19640000,13,-178.855,1287.97,9.86007,0.532
19660000,9,-139.072,1271.59,5.42398,0.479
19680000,10,-151.233,1277.07,11.3955,0.49225
19700000,12,-165.297,1274.58,14.8732,0.518
19720000,16,-211.853,1270.71,13.7224,0.528333
19740000,12,-167.259,1272.34,9.45755,0.5334
19760000,9,-138.434,1278.83,15.9972,0.511
19780000,9,-133.663,1269.39,19.0107,0.5169
19800000,10,-147.881,1273.99,8.72655,0.491
19820000,13,-177.579,1279.64,12.5973,0.501
19840000,12,-170.702,1293.49,10.3451,0.499
19860000,11,-161.981,1272.26,23.6504,0.464
19880000,12,-175.937,1271.96,18.8429,0.5175
19900000,9,-132.657,1269.8,12.3959,0.518
19920000,10,-147.243,1305.43,8.04575,0.523
19940000,17,-220.638,1292.52,17.9625,0.558
19960000,11,-148.093,1287.43,19.8068,0.494
19980000,13,-174.91,1267.54,12.2587,0.5235
20000000,14,-194.222,1291.94,13.4866,0.509286
20020000,13,-176.223,1260.07,12.5091,0.554
20040000,11,-152.568,1269.51,6.375,0.494286
20060000,14,-192.924,1278.87,16.9172,0.512
20080000,13,-183.975,1281.24,7.81185,0.494333
20100000,14,-188.511,1292.87,10.5861,0.522
20120000,10,-144.58,1282.55,17.1062,0.532833
20140000,15,-207.889,1274.26,19.0627,0.528
20160000,15,-202.77,1268.59,18.8898,0.534
20180000,11,-150.107,1264.63,12.799,0.463
20200000,12,-165.201,1278.96,15.0836,0.515
20220000,10,-140.911,1278.27,15.7095,0.504667
20240000,12,-168.444,1293.75,21.9463,0.502
20260000,13,-174.405,1282.73,21.3493,0.504875
20280000,12,-167.987,1293.08,15.3738,0.49
20300000,11,-150.017,1295.87,9.80865,0.468
20320000,11,-162.771,1289.67,11.1784,0.509
20340000,17,-223.577,1288.37,16.4535,0.504667
20360000,17,-221.977,1274.3,14.6097,0.53
20380000,12,-170.509,1274.99,13.2664,0.51
20400000,11,-152.712,1260.55,8.00621,0.504
20420000,10,-144.516,1270.8,11.7629,0.473
20440000,11,-165.104,1286.58,14.8764,0.503
20460000,15,-200.988,1289.89,15.7057,0.51375
20480000,12,-158.013,1272.17,11.7224,0.501
20500000,11,-160.613,1278.59,17.7082,0.479833
20520000,12,-171.634,1275.44,15.6595,0.511
20540000,13,-184.931,1294.09,15.7942,0.4985
20560000,15,-207.67,1288.24,17.287,0.502
20580000,14,-195.643,1280.24,13.1537,0.516
20600000,9,-137.722,1269.42,8.82466,0.481
20620000,12,-167.743,1281.1,10.3766,0.487
20640000,9,-130.264,1269.32,14.0191,0.499
20660000,13,-174.607,1292.57,11.3302,0.527
20680000,12,-161.66,1280.58,14.032,0.535
20700000,12,-163.431,1267,8.46581,0.524
20720000,10,-139.02,1269.12,18.719,0.496
20740000,12,-169.97,1293.85,22.3038,0.5178
20760000,17,-233.692,1302.15,13.2999,0.542
20780000,14,-191.877,1295.88,15.9179,0.48
20800000,13,-182.281,1287.36,8.6341,0.511667
20820000,12,-162.627,1288.79,19.7847,0.504
20840000,13,-194.939,1301.23,18.5588,0.518
20860000,14,-189.843,1283.78,13.8639,0.529
20880000,13,-180.508,1290.93,14.4477,0.51
20900000,14,-183.358,1298.66,15.7994,0.561143
20920000,14,-191.31,1298.3,19.3925,0.508
20940000,15,-200.968,1299.06,15.1729,0.550737
20960000,13,-172.429,1289.89,15.5432,0.5098
20980000,14,-185.733,1280.82,8.45224,0.519
21000000,12,-163.408,1296.94,10.5887,0.496
21020000,11,-159.822,1287.58,5.65261,0.507
21040000,11,-156.049,1305.43,14.6461,0.503714
21060000,12,-162.172,1303.71,9.87786,0.531368
21080000,16,-211.15,1277.33,21.1402,0.57
21100000,16,-209.95,1287.47,17.2469,0.57
21120000,14,-193.871,1297.31,17.5633,0.522
21140000,10,-141.214,1269.9,6.69186,0.487455
21160000,11,-159.249,1273.44,7.71768,0.52
21180000,10,-147.081,1292.28,13.4199,0.4896
21200000,13,-175.555,1294.7,13.015,0.50175
21220000,9,-132.122,1265.57,6.85969,0.481
21240000,12,-163.965,1283.71,16.531,0.496
21260000,12,-168.365,1282.5,13.3324,0.511
21280000,11,-156.582,1274.59,16.4988,0.516
21300000,13,-185.346,1275.2,11.1038,0.509
21320000,10,-150.46,1280.62,11.1132,0.517
21340000,14,-194.759,1275.05,17.8964,0.5282
21360000,10,-153.464,1287.08,14.5066,0.512
21380000,17,-227.428,1284.83,12.9817,0.55
21400000,11,-161.186,1279.72,10.0069,0.48825
21420000,15,-195.22,1302.52,15.3134,0.5155
21440000,12,-166.669,1275.61,17.8058,0.524
21460000,13,-166.063,1287.96,13.319,0.505
21480000,15,-199.652,1301.93,21.8345,0.517667
21500000,15,-204.903,1324.72,16.8192,0.53485
21520000,14,-190.02,1282.85,14.958,0.535
21540000,16,-211.468,1309.86,11.2421,0.543667
21560000,13,-181.321,1286.08,12.3082,0.513
21580000,13,-189.501,1292.01,14.5046,0.540769
21600000,13,-175.018,1285.16,15.636,0.52
21620000,11,-147.294,1271.09,11.2735,0.528
21640000,11,-157.684,1292.35,14.5494,0.479
21660000,14,-194.461,1280.16,11.8712,0.522083
21680000,11,-159.819,1292.43,5.8172,0.483
21700000,12,-166.724,1291.54,18.6096,0.495
21720000,14,-182.258,1286.85,10.2762,0.548
21740000,16,-210.554,1282.27,35.0849,0.522571
21760000,14,-190.231,1290.53,10.4143,0.523
21780000,15,-205.526,1271.67,17.1652,0.502
21800000,12,-168.75,1271.43,18.2628,0.539292
21820000,15,-207.405,1299.78,18.879,0.528
21840000,14,-188.176,1301.22,11.1549,0.5375
21860000,15,-208.453,1283.13,11.6938,0.53
21880000,10,-146.2,1278.07,9.52185,0.511
21900000,10,-140.813,1281.22,9.8798,0.499846
21920000,17,-226.749,1296.92,16.9365,0.528
21940000,15,-193.159,1290.06,13.246,0.512
21960000,19,-242,1309.72,18.4685,0.535
21980000,14,-195.804,1312.99,16.5215,0.525
22000000,13,-182.557,1295.66,10.7921,0.496
22020000,12,-163.699,1277.15,14.3473,0.519667
22040000,14,-189.874,1276.34,18.5485,0.525321
22060000,10,-149.899,1276.71,7.7361,0.497
22080000,17,-222.352,1307.05,20.2834,0.519
22100000,10,-141.904,1266.17,11.7215,0.493
22120000,9,-129.878,1266.88,6.76048,0.475
22140000,10,-142.749,1280.51,14.0586,0.469
22160000,13,-172.068,1272.77,10.934,0.528
22180000,14,-189.139,1299.66,16.2026,0.528
22200000,12,-173.369,1304.35,12.2722,0.53
22220000,12,-181.593,1310.29,12.7599,0.511
22240000,17,-225.62,1299.41,19.4432,0.542
22260000,11,-159.081,1291.64,17.4007,0.49625
22280000,18,-226.6,1292.77,13.5746,0.532
22300000,11,-155.255,1273.01,11.7947,0.520526
22320000,13,-176.841,1293.58,13.8581,0.545455
22340000,10,-144.963,1277.18,9.38085,0.548
22360000,15,-204.818,1292.18,17.8404,0.4912
22380000,14,-207.669,1305.83,13.301,0.515
22400000,17,-228.408,1284.85,13.6377,0.5635
22420000,12,-164.447,1294.97,7.88848,0.519
22440000,10,-141.763,1283.14,10.4252,0.496
22460000,11,-159.479,1278.66,11.84,0.518
22480000,16,-209.941,1299.18,14.6288,0.515
22500000,13,-185.788,1296.19,12.717,0.52
22520000,17,-220.365,1296.95,23.6579,0.512667
22540000,11,-163.667,1294.01,11.9396,0.47
22560000,15,-197.636,1299.18,20.6511,0.5221
22580000,10,-141.619,1283.29,11.126,0.477
22600000,16,-212.093,1301.9,13.7577,0.533778
22620000,13,-180.937,1276.45,12.395,0.491
22640000,14,-189.023,1282.5,12.6342,0.486
22660000,13,-181.532,1280.69,10.6903,0.531
22680000,12,-173.543,1273.15,10.7253,0.540609
22700000,13,-181.568,1276.55,16.9794,0.487
22720000,13,-186.586,1303.41,13.4821,0.505
22740000,13,-180.583,1283.68,10.2437,0.530333
22760000,13,-185.964,1310.06,15.8894,0.456
22780000,11,-156.602,1263.87,9.90494,0.5189
22800000,11,-156.779,1282.92,11.5593,0.475
22820000,17,-219.677,1277.63,18.3944,0.533
22840000,13,-178.133,1273.74,15.2286,0.5265
22860000,10,-147.77,1293.59,6.57609,0.486875
22880000,12,-169.819,1298.41,10.9239,0.465
22900000,13,-182.594,1292.79,9.30353,0.549
22920000,12,-162.542,1282.74,10.2362,0.515
22940000,17,-235.311,1290.12,15.0005,0.551
22960000,12,-184.823,1307.56,6.48583,0.51025
22980000,13,-176.269,1306.74,8.00478,0.525545
23000000,12,-170.463,1293.39,8.17832,0.49
23020000,10,-144.072,1281.84,21.7579,0.459
23040000,12,-166.204,1284.77,14.2442,0.512
23060000,11,-153.274,1303.41,14.0463,0.491
23080000,21,-262.093,1299.39,23.6217,0.544
23100000,14,-194.527,1304.85,19.7099,0.509333
23120000,15,-197.423,1291.73,13.9133,0.517323
23140000,16,-214.469,1293.88,26.8086,0.561
23160000,13,-183.579,1288.52,23.7601,0.525333
23180000,15,-200.158,1292.26,18.0987,0.529
23200000,14,-191.363,1278.28,13.9513,0.545
23220000,14,-181.951,1287.75,13.7236,0.556
23240000,16,-210.66,1294.91,17.4286,0.506
23260000,14,-191.893,1301.27,16.7942,0.529
23280000,13,-178.987,1281.85,16.457,0.501
23300000,11,-145.714,1250.63,12.3579,0.476
23320000,10,-143.134,1284.7,6.20876,0.506
23340000,16,-214.157,1288.61,13.4857,0.537
23360000,12,-170.479,1269.79,14.6849,0.503
23380000,12,-163.99,1281.52,17.8554,0.507
23400000,11,-152.808,1261.47,10.0863,0.5078
23420000,12,-169.221,1274.87,14.1897,0.506
23440000,10,-150.362,1293.38,9.57704,0.524
23460000,15,-198.146,1294.27,9.99201,0.526953
23480000,15,-205.693,1304.13,10.2483,0.531833
23500000,13,-180.732,1292.5,13.6697,0.495556
23520000,11,-158.56,1273.7,10.627,0.52
23540000,15,-209.372,1299.52,16.1784,0.522
23560000,11,-161.518,1278.44,9.55017,0.5006
23580000,11,-154.746,1289.4,9.57558,0.4766
23600000,10,-138.789,1262.2,10.3028,0.516412
23620000,10,-144.493,1271.46,9.80697,0.511
23640000,10,-151.448,1268.75,7.97376,0.473
23660000,13,-181.4,1291.21,10.4124,0.495
23680000,14,-185.58,1290.65,19.9535,0.543227
23700000,14,-188.791,1244.68,11.2271,0.518429
23720000,9,-129.291,1268.69,18.3238,0.46
23740000,10,-142.842,1271.93,13.1938,0.465
23760000,12,-168.442,1286.52,7.84449,0.509
23780000,15,-205.881,1272,7.97053,0.562
23800000,11,-158.029,1278.93,11.1573,0.512
23820000,20,-249.167,1282.76,14.4723,0.5153
23840000,14,-188.01,1280.04,14.383,0.5504
23860000,11,-161.533,1293.15,17.0462,0.497
23880000,10,-142.069,1264.66,12.6008,0.524
23900000,13,-178.529,1302.86,15.1505,0.526
23920000,11,-161.451,1286.54,9.09872,0.473
23940000,12,-165.695,1275.1,10.4277,0.505
23960000,13,-176.942,1273.9,11.4396,0.52
23980000,11,-160.487,1291.32,9.38513,0.508
24000000,11,-153.678,1276.95,8.77137,0.496
24020000,13,-183.957,1287.93,14.424,0.496
24040000,13,-174.672,1256.48,17.9978,0.537
24060000,14,-187.387,1283.82,12.4803,0.525556
24080000,13,-184.582,1295.3,20.2454,0.506
24100000,15,-210.124,1301.24,14.5988,0.513
24120000,16,-208.336,1284.73,13.4737,0.526667
24140000,12,-167.097,1286.45,10.1726,0.501
24160000,15,-193.952,1253.89,24.3696,0.547
24180000,14,-185.449,1301.37,17.7261,0.533923
24200000,13,-180.083,1281.8,11.0144,0.508
24220000,11,-158.864,1278.36,13.1283,0.491
24240000,22,-280.194,1273.92,24.5094,0.5515
24260000,12,-166.975,1285.92,14.4551,0.521111
24280000,14,-187.872,1273.55,11.0642,0.511
24300000,12,-167.787,1269.94,19.5259,0.537
24320000,12,-166.647,1286.03,13.3772,0.502
24340000,12,-159.642,1288,16.9439,0.515
24360000,12,-170.647,1284.14,14.311,0.527
24380000,13,-183.696,1291.44,11.0998,0.508
24400000,13,-181.74,1293.83,16.5339,0.551
24420000,18,-229.516,1293.96,10.4692,0.55
24440000,14,-185.978,1287.58,10.7154,0.526
24460000,14,-186.462,1312.71,12.4643,0.553
24480000,13,-180.705,1302.05,18.5875,0.520933
24500000,12,-164.361,1283.51,18.9783,0.5295
24520000,11,-151.05,1284.05,7.97817,0.499625
24540000,15,-204.639,1295.4,22.3804,0.517067
24560000,11,-156.467,1293.5,12.0174,0.503
24580000,13,-180.976,1291.39,18.2701,0.505
24600000,13,-177.663,1275.98,11.4637,0.565
24620000,12,-164.896,1300.11,12.1633,0.5252
24640000,11,-154.965,1273.23,14.3917,0.494556
24660000,18,-230.63,1298.21,17.3867,0.518
24680000,15,-205.82,1298.35,14.1356,0.523
24700000,14,-182.997,1297.48,18.4798,0.528
24720000,17,-227.554,1295.9,14.1564,0.5338
24740000,13,-185.398,1314.48,10.8164,0.468
24760000,14,-191.444,1298.36,17.7709,0.543
24780000,13,-176.838,1284.57,12.6118,0.52525
24800000,15,-207.331,1284.63,14.8838,0.516
24820000,18,-225.212,1289.22,18.5832,0.564667
24840000,11,-159.264,1288.14,10.0432,0.516
24860000,11,-157.213,1292.55,10.7097,0.486
24880000,11,-159.541,1293.72,13.7207,0.4895
24900000,13,-179.184,1296.44,13.9602,0.526
24920000,13,-177.571,1293.28,9.41359,0.519417
24940000,12,-170.024,1288.81,8.15844,0.545143
24960000,14,-193.2,1303.13,9.21709,0.548
24980000,15,-206.726,1289.38,18.9065,0.54
25000000,11,-162.615,1280.95,11.7161,0.515
25020000,11,-156.388,1287.39,6.78885,0.52
25040000,11,-146.172,1295.91,10.5724,0.498
25060000,11,-163.097,1276.92,14.2727,0.509
25080000,13,-169.834,1265.44,10.2006,0.555429
25100000,15,-204.3,1310.01,8.49446,0.492
25120000,15,-202.612,1308.34,14.034,0.534
25140000,16,-214.994,1297.39,19.7701,0.544
25160000,17,-230.937,1307.78,22.6353,0.530265
25180000,12,-169.936,1298.34,9.23596,0.498
25200000,11,-162.845,1279.08,10.1105,0.499
25220000,12,-177.498,1278.78,14.4762,0.489
25240000,11,-151.43,1261.07,11.8057,0.489
25260000,15,-198.693,1298.67,12.1065,0.515333
25280000,12,-171.56,1307.04,17.0495,0.499
25300000,11,-151.543,1261.76,4.60092,0.519
25320000,14,-183.962,1259.99,22.4971,0.534
25340000,11,-157.203,1263.05,9.56299,0.475
25360000,17,-214.451,1269.76,21.2903,0.564
25380000,10,-147.885,1277.04,12.6012,0.506364
25400000,12,-165.672,1299.22,12.7277,0.52
25420000,15,-202.853,1297.64,16.8473,0.5455
25440000,16,-206.338,1284.5,17.5301,0.519167
25460000,11,-158.603,1272.45,11.0569,0.506
25480000,15,-207.898,1299.43,15.3018,0.568
25500000,12,-169.993,1278.42,5.37563,0.536
25520000,12,-176.053,1290.11,14.9573,0.525
25540000,15,-199.392,1298.12,14.0998,0.54554
25560000,16,-201.092,1296.42,16.057,0.558
25580000,13,-183.987,1274.99,15.3,0.527
25600000,12,-171.392,1280.45,9.20377,0.529
25620000,10,-141.938,1273.91,10.3937,0.498
25640000,11,-148.547,1274.65,11.0769,0.52
25660000,12,-167.715,1275.94,19.6511,0.529
25680000,10,-149.812,1282.92,13.1703,0.473
25700000,12,-166.951,1299.05,16.5113,0.498
25720000,18,-242.791,1273.61,17.1096,0.567
25740000,11,-154.977,1263.89,14.009,0.499167
25760000,10,-143.763,1280.54,10.2928,0.505
25780000,15,-197.976,1281.25,13.799,0.52805
25800000,10,-146.31,1283.44,11.9608,0.517
25820000,12,-177.821,1284.98,10.9873,0.488
25840000,12,-166.587,1272.98,21.3739,0.515
25860000,10,-150.248,1274.25,4.95722,0.512444
25880000,15,-193.043,1262.35,22.3282,0.523
25900000,13,-177.004,1265.18,16.9164,0.526286
25920000,14,-194.471,1275.64,18.9508,0.502667
25940000,13,-174.488,1276.34,10.9442,0.514
25960000,14,-187.204,1296.08,7.72359,0.5436
25980000,13,-181.57,1281.54,12.0037,0.504
26000000,9,-132.242,1271.17,12.0055,0.492818
26020000,9,-131.991,1278.35,10.382,0.446
26040000,11,-160.931,1289.35,14.8057,0.496
26060000,12,-174.055,1288.92,15.1335,0.502
26080000,14,-189.526,1296.39,8.80758,0.516
26100000,13,-174.435,1273.61,19.1093,0.509
26120000,17,-211.29,1259.39,20.477,0.529167
26140000,13,-183.077,1290,13.7036,0.503
26160000,18,-232.798,1282.29,15.5319,0.543
26180000,11,-151.857,1262.88,12.7906,0.5
26200000,12,-163.501,1272.42,11.1725,0.507
26220000,14,-181.515,1291.27,18.1886,0.512
26240000,12,-165.004,1266.14,9.20477,0.536062
26260000,12,-162.309,1280.07,14.7423,0.503
26280000,14,-192.346,1284.08,11.7645,0.538545
26300000,16,-219.839,1305.6,21.9554,0.539
26320000,12,-169.386,1276.5,11.438,0.484
26340000,10,-150.987,1278.58,14.6252,0.512
26360000,11,-160.674,1275.4,15.2509,0.491
26380000,11,-159.269,1275.62,8.34961,0.474
26400000,10,-148.952,1282.35,7.86657,0.503
26420000,12,-172.758,1272.93,13.7572,0.509
26440000,12,-175.844,1309.47,7.99771,0.53
26460000,10,-143.165,1261.86,12.7374,0.518
26480000,15,-199.495,1293.46,14.1634,0.543
26500000,18,-228.583,1296.96,16.8713,0.5345
26520000,14,-187.931,1291.64,7.04076,0.509
26540000,9,-135.213,1281.76,12.0762,0.489
26560000,13,-186.27,1307.88,14.9643,0.523
26580000,12,-170.232,1286.04,15.8743,0.509
26600000,13,-188.652,1262.47,8.99417,0.503
26620000,13,-182.994,1270.26,11.0457,0.476
26640000,15,-201.256,1273.54,19.6815,0.5275
26660000,13,-183.667,1292.11,11.1592,0.531
26680000,15,-205.496,1306.1,11.8994,0.57
26700000,10,-142.108,1271.77,18.8783,0.49
26720000,12,-163.628,1281.8,12.6193,0.537
26740000,11,-155.359,1273.32,21.8666,0.498
26760000,13,-189.456,1297.3,9.28476,0.531
26780000,14,-188.358,1296.45,14.0749,0.530077
26800000,12,-175.105,1270.53,23.5826,0.47475
26820000,13,-193.271,1288.79,13.0626,0.506867
26840000,10,-146.72,1279.92,4.15308,0.462
26860000,13,-176.768,1284.11,14.5047,0.54528
26880000,10,-141.626,1275.79,4.97508,0.519
26900000,14,-184.242,1298.2,12.5248,0.519923
26920000,11,-151.294,1256.05,17.5569,0.521
26940000,12,-160.785,1267.83,19.3112,0.511167
26960000,14,-179.371,1260.69,19.689,0.533714
26980000,12,-170.105,1292.63,10.7223,0.534
27000000,12,-166.001,1280.76,7.95613,0.502
27020000,15,-194.313,1270.17,16.4413,0.527
27040000,17,-215.799,1291.64,22.0641,0.548
27060000,11,-149.922,1279.22,11.7541,0.536
27080000,12,-162.495,1259.09,8.19242,0.494
27100000,10,-148.819,1294.98,8.37006,0.509
27120000,16,-220.049,1312.35,20.7697,0.518
27140000,12,-164.516,1252.1,14.1739,0.516
27160000,12,-174.406,1282.83,10.4612,0.531
27180000,14,-192.142,1284.51,11.933,0.521
27200000,16,-212.353,1287.4,11.827,0.543
27220000,15,-205.24,1307.28,14.0068,0.545
27240000,12,-168.078,1302.46,19.5943,0.502
27260000,14,-185.969,1279.59,17.8304,0.534
27280000,12,-169.453,1285.57,17.2698,0.498
27300000,11,-166.636,1304.95,12.5057,0.553
27320000,14,-198.837,1288.34,12.4527,0.53
27340000,9,-127.436,1278.52,10.1104,0.498
27360000,11,-163.237,1293.28,11.1093,0.468
27380000,11,-156.041,1249.24,15.7387,0.465
27400000,8,-119.235,1235.91,9.10349,0.4944
27420000,11,-159.316,1286.96,16.2736,0.5075
27440000,12,-170.462,1271.81,8.41532,0.547
27460000,13,-182.037,1294.66,12.4104,0.5343
27480000,11,-160.571,1292.72,13.2121,0.525
27500000,11,-158.751,1288.18,11.1501,0.507667
27520000,12,-163.846,1303.52,15.2483,0.526
27540000,15,-207.078,1311.04,14.47,0.548
27560000,12,-165.732,1274.36,17.6404,0.5116
27580000,11,-158.9,1270.55,20.3382,0.49
27600000,10,-142.753,1281.96,11.9021,0.452
27620000,10,-147.771,1280.4,11.4727,0.502667
27640000,16,-208.075,1293.28,15.6284,0.557
27660000,14,-188.515,1269.72,9.65386,0.5355
27680000,13,-173.876,1274.5,10.3713,0.5
27700000,9,-137.44,1280.92,13.1439,0.508375
27720000,10,-140.461,1279.58,7.68244,0.503692
27740000,16,-217.566,1299.83,14.2017,0.52314
27760000,15,-205.789,1299.42,8.68152,0.51
27780000,13,-177.344,1260.14,12.9205,0.519
27800000,14,-193.206,1284,15.106,0.516
27820000,12,-178.452,1285.2,11.0947,0.526889
27840000,13,-189.617,1285.13,8.31639,0.522
27860000,18,-251.553,1308.41,13.2327,0.546
27880000,11,-163.463,1288.93,13.0535,0.492
27900000,14,-197.263,1282.65,18.1228,0.536375
27920000,13,-181.468,1274.34,13.7728,0.4965
27940000,13,-174.683,1282.33,10.7171,0.5176
27960000,12,-168.319,1289.34,10.2947,0.547
27980000,11,-153.333,1274.75,3.95192,0.497
28000000,11,-153.731,1282.01,11.621,0.4866
28020000,10,-144.747,1297.24,6.92293,0.476
28040000,12,-163.797,1280.23,16.862,0.557
28060000,10,-150.155,1278.38,12.1726,0.51576
28080000,12,-163.172,1299.96,15.9678,0.491
28100000,12,-167.754,1270.96,16.172,0.538545
28120000,11,-152.524,1278.19,14.5071,0.538
28140000,12,-161.277,1272.89,11.3181,0.508
28160000,12,-173.987,1290.93,11.7436,0.482
28180000,10,-145.498,1288.65,11.6265,0.487
28200000,13,-178.451,1283.31,18.7759,0.517
28220000,13,-179.802,1277.82,18.1567,0.48625
28240000,13,-181.603,1290.41,20.1864,0.546
28260000,13,-182.396,1295.11,17.7308,0.471
28280000,13,-177.079,1286.09,19.5088,0.545
28300000,16,-218.946,1279.97,19.2985,0.52575
28320000,12,-169.609,1289.62,15.8605,0.541667
28340000,14,-194.729,1287.33,14.0636,0.505
28360000,12,-169.896,1293.66,13.5802,0.522
28380000,12,-169.459,1270.91,12.2777,0.525
28400000,15,-196.72,1274,14.7874,0.503
28420000,12,-162.033,1292.56,6.95831,0.531
28440000,11,-156.135,1302.75,6.13819,0.512
28460000,14,-197.005,1286.44,12.2942,0.548
28480000,14,-195.316,1294.38,15.2948,0.514333
28500000,15,-205.685,1288.64,14.3744,0.538
28520000,15,-203.144,1276.07,23.7687,0.533
28540000,11,-157.098,1276.68,8.37912,0.55
28560000,14,-192.161,1282.39,9.23974,0.541571
28580000,12,-166.421,1287.26,7.20078,0.525
28600000,12,-164.346,1281.7,15.8194,0.525
28620000,14,-189.917,1287.47,17.9081,0.588
28640000,16,-223.81,1290.33,19.4969,0.53
28660000,17,-219.598,1310.2,16.5985,0.51175
28680000,14,-191.744,1289.35,13.7393,0.518
28700000,15,-199.585,1294.83,17.4813,0.5267
28720000,11,-159.142,1285.86,13.4516,0.484
28740000,14,-196.083,1292.19,13.3115,0.489
28760000,15,-195.28,1285.04,14.6688,0.5386
28780000,18,-240.369,1283.93,14.4952,0.515333
28800000,15,-210.768,1299.14,14.8239,0.481
28820000,13,-185.517,1300.62,11.8412,0.516857
28840000,22,-280.005,1304.02,21.9172,0.531
28860000,12,-171.552,1305.25,12.8385,0.511
28880000,14,-191.848,1299.73,16.5694,0.520815
28900000,20,-250.879,1309.01,25.6039,0.53825
28920000,26,-321.307,1301.99,22.4911,0.554105
28940000,15,-213.189,1307.95,15.1456,0.527167
28960000,16,-217.174,1312.79,21.2913,0.501
28980000,19,-239.359,1309.97,26.8752,0.5478
29000000,16,-207.846,1297.63,14.2484,0.54
29020000,13,-185.025,1320.55,12.9246,0.502
29040000,16,-218.905,1316.02,17.249,0.513
29060000,20,-250.944,1313.65,16.6341,0.533
29080000,13,-182.981,1301.72,12.0194,0.521
29100000,17,-226.235,1315.93,17.6643,0.548
29120000,16,-218.474,1321.1,15.6694,0.505
29140000,19,-253.709,1331.71,18.9073,0.5157
29160000,12,-168.547,1293.11,12.5613,0.509
29180000,12,-169.725,1281.17,10.0309,0.493
29200000,14,-191.209,1315.79,10.5644,0.477
29220000,10,-139.872,1281.41,19.3386,0.497
29240000,16,-212.094,1302.6,18.9182,0.536
29260000,14,-186.17,1314.75,13.2525,0.501
29280000,15,-191.119,1306.97,14.746,0.501
29300000,11,-156.991,1271.01,14.4797,0.52
29320000,11,-152.865,1287.65,19.8124,0.469
29340000,12,-165.979,1293.16,12.6459,0.498
29360000,10,-143.876,1275.13,15.0336,0.475
29380000,14,-189.961,1278.53,16.716,0.5
29400000,12,-166.408,1270.59,15.98,0.512
29420000,16,-203.201,1294.43,19.6949,0.576
29440000,13,-182.478,1292.32,15.6014,0.5305
29460000,14,-184.424,1300.49,14.2914,0.492
29480000,12,-164.878,1289.59,12.4528,0.482
29500000,13,-177.219,1273.01,17.9234,0.519
29520000,13,-183.532,1290.86,18.5348,0.544
29540000,15,-200.562,1291.02,11.7287,0.53
29560000,14,-190.117,1296.2,14.4197,0.540188
29580000,13,-181.7,1301.74,10.9647,0.543333
29600000,13,-174.537,1288.16,18.6574,0.513788
29620000,12,-171.132,1295.07,10.456,0.506
29640000,11,-154.838,1274.05,11.6326,0.486
29660000,16,-212.117,1284.46,25.8153,0.511
29680000,11,-164.878,1298.48,9.07972,0.512
29700000,12,-168.445,1276.68,19.4313,0.496
29720000,11,-155.986,1275.25,11.9048,0.519
29740000,13,-172.836,1260.81,12.6327,0.58
29760000,13,-174.977,1298.1,13.1114,0.518
29780000,14,-197.474,1296.04,14.4578,0.502
29800000,11,-160.003,1266.72,9.57346,0.518
29820000,12,-185.241,1298.47,9.06131,0.464
29840000,11,-154.348,1276.96,20.2264,0.5022
29860000,13,-181.926,1287.95,9.93873,0.53425
29880000,12,-163.335,1278.49,15.8382,0.471
29900000,10,-141.911,1286.7,12.729,0.473
29920000,10,-149.137,1297.49,11.1818,0.543
29940000,11,-148.984,1267.49,11.9215,0.494
29960000,10,-140.079,1272.32,8.57769,0.487
29980000,13,-180.427,1276.62,11.0277,0.521
