generation,rank_1,rank_2,swapAccepted
1000,1,3,1
2000,2,3,1
3000,3,4,1
4000,3,4,1
5000,1,4,1
6000,1,3,1
7000,2,3,1
8000,2,3,1
9000,3,4,1
10000,1,2,1
11000,1,2,1
12000,1,4,1
13000,3,4,1
14000,2,3,1
15000,1,2,1
16000,2,3,1
17000,2,3,1
18000,1,3,1
19000,2,3,1
20000,1,2,1
21000,1,3,0
22000,2,3,1
23000,3,4,1
24000,3,4,1
25000,1,4,1
26000,1,4,0
27000,2,4,1
28000,3,4,1
29000,2,3,1
30000,2,3,1
31000,1,4,0
32000,1,4,0
33000,1,3,1
34000,1,4,1
35000,1,4,1
36000,1,2,1
37000,3,4,1
38000,2,3,1
39000,3,4,1
40000,1,3,0
41000,2,4,0
42000,2,3,1
43000,2,3,1
44000,1,2,1
45000,1,3,1
46000,2,4,1
47000,2,3,1
48000,3,4,1
49000,3,4,1
50000,3,4,1
51000,2,3,1
52000,2,4,1
53000,3,4,1
54000,1,3,1
55000,1,2,1
56000,1,3,0
57000,3,4,1
58000,1,4,0
59000,1,3,1
60000,3,4,0
61000,1,3,1
62000,3,4,1
63000,2,3,0
64000,1,2,1
65000,3,4,1
66000,2,4,0
67000,3,4,0
68000,1,2,1
69000,2,3,1
70000,2,3,0
71000,1,4,0
72000,1,2,1
73000,1,3,1
74000,1,3,1
75000,1,3,1
76000,1,2,1
77000,2,4,0
78000,1,2,1
79000,2,3,1
80000,1,4,0
81000,1,4,1
82000,1,2,1
83000,2,3,1
84000,3,4,1
85000,1,2,0
86000,1,2,0
87000,2,3,1
88000,2,3,1
89000,3,4,1
90000,3,4,1
91000,2,4,1
92000,3,4,1
93000,1,4,1
94000,2,4,1
95000,1,2,1
96000,3,4,0
97000,1,2,0
98000,3,4,0
99000,2,3,1
100000,1,2,1
101000,2,4,0
102000,1,4,0
103000,2,3,1
104000,2,4,0
105000,1,2,0
106000,2,4,0
107000,1,4,0
108000,3,4,0
109000,2,3,1
110000,2,3,1
111000,3,4,1
112000,3,4,1
113000,1,3,1
114000,3,4,1
115000,2,4,1
116000,1,4,1
117000,2,3,1
118000,1,4,1
119000,1,2,0
120000,2,4,1
121000,1,2,1
122000,1,3,1
123000,1,2,1
124000,1,2,1
125000,2,3,1
126000,2,3,1
127000,1,3,1
128000,2,4,0
129000,3,4,1
130000,3,4,1
131000,2,4,1
132000,3,4,1
133000,2,4,1
134000,1,3,1
135000,3,4,1
136000,3,4,1
137000,1,2,0
138000,3,4,1
139000,2,3,1
140000,1,3,0
141000,2,4,1
142000,1,4,0
143000,2,4,0
144000,2,4,1
145000,1,3,0
146000,1,3,0
147000,1,3,1
148000,3,4,1
149000,1,4,1
150000,2,4,0
151000,3,4,0
152000,2,3,1
153000,1,3,0
154000,1,4,0
155000,2,3,1
156000,2,4,1
157000,2,4,1
158000,1,4,0
159000,1,2,1
160000,1,2,0
161000,1,4,0
162000,1,3,1
163000,2,3,0
164000,2,3,1
165000,3,4,1
166000,3,4,1
167000,2,4,0
168000,1,3,1
169000,1,3,1
170000,2,4,0
171000,3,4,1
172000,2,4,1
173000,1,3,1
174000,1,4,1
175000,1,2,1
176000,1,3,1
177000,2,3,1
178000,1,4,0
179000,1,3,1
180000,2,3,1
181000,1,4,0
182000,1,3,1
183000,2,4,0
184000,2,4,0
185000,1,4,0
186000,1,3,1
187000,2,3,1
188000,1,4,0
189000,1,3,1
190000,1,2,1
191000,2,3,1
192000,1,2,1
193000,1,2,1
194000,2,3,1
195000,3,4,0
196000,2,3,1
197000,1,4,0
198000,3,4,1
199000,1,4,1
200000,1,4,1
201000,1,2,1
202000,1,4,1
203000,1,4,1
204000,1,4,1
205000,2,4,1
206000,1,2,1
207000,2,4,1
208000,3,4,1
209000,1,4,0
210000,1,2,1
211000,1,3,1
212000,1,3,1
213000,1,2,1
214000,2,3,1
215000,3,4,1
216000,1,3,0
217000,2,3,1
218000,1,2,1
219000,3,4,1
220000,1,2,1
221000,3,4,1
222000,3,4,1
223000,2,3,1
224000,1,3,0
225000,1,3,1
226000,1,4,1
227000,1,4,0
228000,1,2,0
229000,2,3,1
230000,1,2,1
231000,3,4,0
232000,2,4,1
233000,2,4,1
234000,2,3,1
235000,1,3,0
236000,1,2,1
237000,1,2,1
238000,1,3,1
239000,2,3,1
240000,2,3,1
241000,2,3,1
242000,2,4,0
243000,2,3,1
244000,1,2,1
245000,1,2,1
246000,3,4,0
247000,1,4,0
248000,2,3,1
249000,1,4,0
250000,2,3,1
251000,2,3,1
252000,3,4,1
253000,3,4,1
254000,1,4,0
255000,2,3,1
256000,1,2,1
257000,1,4,0
258000,3,4,1
259000,2,4,0
260000,1,3,1
261000,1,3,1
262000,1,4,1
263000,2,4,1
264000,3,4,1
265000,1,3,1
266000,2,4,0
267000,1,2,1
268000,2,4,1
269000,3,4,1
270000,2,4,1
271000,1,2,1
272000,1,4,0
273000,3,4,0
274000,1,3,1
275000,1,2,1
276000,2,4,0
277000,1,4,0
278000,2,3,1
279000,3,4,0
280000,3,4,0
281000,2,4,1
282000,2,3,1
283000,1,3,0
284000,1,2,1
285000,3,4,1
286000,2,4,0
287000,2,4,1
288000,1,2,1
289000,1,4,1
290000,1,2,1
291000,3,4,0
292000,1,4,1
293000,3,4,1
294000,2,3,1
295000,1,3,0
296000,3,4,0
297000,1,4,1
298000,1,4,1
299000,2,3,1
300000,1,3,1
301000,2,4,1
302000,1,4,0
303000,1,3,1
304000,2,4,1
305000,1,4,1
306000,1,2,1
307000,3,4,0
308000,1,2,1
309000,1,4,0
310000,2,4,1
311000,1,2,0
312000,1,2,1
313000,2,4,1
314000,2,4,1
315000,1,4,1
316000,1,2,1
317000,3,4,1
318000,1,2,1
319000,2,4,1
320000,1,3,1
321000,3,4,0
322000,3,4,1
323000,1,2,1
324000,1,4,1
325000,1,3,1
326000,2,4,0
327000,1,3,1
328000,1,3,1
329000,1,3,0
330000,1,3,1
331000,1,4,1
332000,2,4,1
333000,2,4,1
334000,1,2,1
335000,1,2,1
336000,1,3,1
337000,3,4,1
338000,1,2,0
339000,1,4,1
340000,2,3,1
341000,1,4,1
342000,2,4,1
343000,1,4,1
344000,3,4,1
345000,2,4,1
346000,1,3,1
347000,3,4,0
348000,1,2,1
349000,1,4,0
350000,1,2,1
351000,1,2,1
352000,1,4,1
353000,1,4,0
354000,3,4,1
355000,1,3,0
356000,1,3,0
357000,3,4,1
358000,2,3,0
359000,1,2,1
360000,1,3,1
361000,2,3,1
362000,1,4,1
363000,2,4,1
364000,2,3,1
365000,3,4,1
366000,2,4,0
367000,2,3,1
368000,1,3,1
369000,2,3,0
370000,1,4,0
371000,1,3,1
372000,2,4,0
373000,1,4,1
374000,2,3,1
375000,1,2,1
376000,2,3,1
377000,1,4,0
378000,3,4,1
379000,1,3,1
380000,1,4,1
381000,2,3,1
382000,2,3,1
383000,1,4,0
384000,2,4,1
385000,1,2,0
386000,1,2,1
387000,2,3,1
388000,1,2,1
389000,1,3,1
390000,1,4,1
391000,1,4,1
392000,2,4,1
393000,1,3,1
394000,2,3,0
395000,2,3,1
396000,1,3,0
397000,3,4,1
398000,3,4,1
399000,1,2,1
400000,2,3,1
401000,1,4,0
402000,1,3,1
403000,1,4,1
404000,1,4,0
405000,2,3,1
406000,2,3,1
407000,1,2,1
408000,2,3,1
409000,3,4,1
410000,2,3,0
411000,1,4,1
412000,1,4,1
413000,3,4,0
414000,2,4,1
415000,1,2,1
416000,2,4,0
417000,2,4,1
418000,2,3,1
419000,2,4,1
420000,1,4,1
421000,1,2,0
422000,1,4,1
423000,3,4,1
424000,3,4,0
425000,1,3,1
426000,2,4,1
427000,1,4,0
428000,2,3,1
429000,2,3,0
430000,1,3,0
431000,2,4,1
432000,2,3,1
433000,2,4,1
434000,2,3,1
435000,1,2,1
436000,1,4,1
437000,1,4,1
438000,2,4,0
439000,2,4,0
440000,1,2,1
441000,1,3,1
442000,2,4,1
443000,1,3,1
444000,3,4,1
445000,1,4,1
446000,1,2,1
447000,1,2,1
448000,1,3,1
449000,1,3,1
450000,1,3,1
451000,2,3,1
452000,2,3,1
453000,1,2,1
454000,3,4,1
455000,1,3,0
456000,2,4,1
457000,1,3,1
458000,2,3,1
459000,1,3,1
460000,3,4,1
461000,1,4,1
462000,1,4,1
463000,2,3,1
464000,2,4,1
465000,1,2,1
466000,3,4,0
467000,1,3,1
468000,1,3,1
469000,2,4,1
470000,1,4,0
471000,1,4,0
472000,1,2,0
473000,3,4,1
474000,2,4,0
475000,2,4,1
476000,3,4,1
477000,3,4,1
478000,1,4,1
479000,1,3,0
480000,2,3,1
481000,2,4,1
482000,1,3,1
483000,3,4,1
484000,3,4,1
485000,1,3,0
486000,1,4,0
487000,1,3,1
488000,1,2,1
489000,1,4,0
490000,3,4,1
491000,1,4,1
492000,2,3,1
493000,2,4,1
494000,1,4,0
495000,2,4,1
496000,2,4,1
497000,1,4,1
498000,1,2,1
499000,1,2,1
500000,3,4,1
501000,2,3,1
502000,1,3,0
503000,1,4,1
504000,1,2,1
505000,1,4,0
506000,3,4,1
507000,1,4,1
508000,3,4,1
509000,1,4,0
510000,1,3,1
511000,2,3,1
512000,1,2,1
513000,1,4,0
514000,1,3,1
515000,1,3,0
516000,3,4,1
517000,1,3,0
518000,1,4,0
519000,1,4,0
520000,1,3,0
521000,2,3,1
522000,1,2,1
523000,2,3,1
524000,1,3,1
525000,1,2,0
526000,1,2,1
527000,2,3,0
528000,2,4,0
529000,3,4,0
530000,1,3,1
531000,1,4,0
532000,1,4,0
533000,1,4,0
534000,1,4,1
535000,1,3,1
536000,3,4,1
537000,1,3,1
538000,2,4,1
539000,1,2,0
540000,1,4,1
541000,1,3,1
542000,1,4,0
543000,3,4,1
544000,3,4,1
545000,2,4,0
546000,2,3,1
547000,2,3,1
548000,1,4,1
549000,1,2,0
550000,1,4,1
551000,2,3,1
552000,1,3,1
553000,1,3,1
554000,1,4,1
555000,3,4,1
556000,1,3,1
557000,3,4,0
558000,2,3,1
559000,3,4,0
560000,1,3,1
561000,1,3,0
562000,2,3,1
563000,1,4,1
564000,1,4,1
565000,2,4,1
566000,2,3,1
567000,2,4,1
568000,1,2,1
569000,2,3,1
570000,1,3,1
571000,1,2,1
572000,2,4,0
573000,2,4,0
574000,1,4,1
575000,2,4,0
576000,1,4,1
577000,1,3,0
578000,1,4,0
579000,1,2,1
580000,1,2,1
581000,2,3,1
582000,1,3,1
583000,1,3,1
584000,3,4,1
585000,3,4,1
586000,3,4,1
587000,2,3,1
588000,1,2,1
589000,2,3,1
590000,1,2,1
591000,1,2,1
592000,2,3,1
593000,1,3,1
594000,3,4,1
595000,1,2,0
596000,3,4,0
597000,2,3,1
598000,1,2,1
599000,2,3,0
600000,2,3,1
601000,3,4,1
602000,1,2,1
603000,3,4,0
604000,2,3,1
605000,2,3,1
606000,1,2,1
607000,1,4,1
608000,2,4,1
609000,1,2,1
610000,1,3,1
611000,1,4,1
612000,1,3,1
613000,2,3,1
614000,1,3,1
615000,1,2,0
616000,1,4,0
617000,1,4,0
618000,3,4,1
619000,2,4,1
620000,1,4,1
621000,1,3,0
622000,2,3,1
623000,2,3,1
624000,3,4,1
625000,1,3,1
626000,1,2,1
627000,1,2,1
628000,1,4,0
629000,1,2,1
630000,1,2,1
631000,3,4,1
632000,1,3,1
633000,2,4,1
634000,2,3,1
635000,2,4,1
636000,2,3,0
637000,1,4,0
638000,1,4,1
639000,1,2,1
640000,2,3,0
641000,2,4,1
642000,1,2,1
643000,1,2,1
644000,2,4,0
645000,3,4,1
646000,1,2,1
647000,1,2,1
648000,2,4,1
649000,1,3,1
650000,1,3,1
651000,1,4,0
652000,1,4,1
653000,1,4,1
654000,1,2,1
655000,1,3,1
656000,1,2,1
657000,1,3,1
658000,1,3,1
659000,1,3,1
660000,2,3,1
661000,1,4,0
662000,2,3,1
663000,1,4,0
664000,2,4,0
665000,2,3,1
666000,1,4,0
667000,1,3,1
668000,2,3,1
669000,1,2,1
670000,1,4,0
671000,1,3,1
672000,1,3,1
673000,1,3,1
674000,2,4,0
675000,3,4,1
676000,2,4,0
677000,2,3,1
678000,1,3,1
679000,1,4,0
680000,1,4,1
681000,1,4,0
682000,1,2,1
683000,2,3,1
684000,1,4,1
685000,1,4,1
686000,3,4,1
687000,2,3,1
688000,2,4,1
689000,1,3,1
690000,3,4,1
691000,2,4,1
692000,1,4,0
693000,1,3,0
694000,2,4,1
695000,3,4,1
696000,2,4,0
697000,3,4,1
698000,1,2,0
699000,1,4,0
700000,3,4,1
701000,1,3,0
702000,3,4,1
703000,2,4,0
704000,1,4,0
705000,1,4,1
706000,2,3,1
707000,1,3,1
708000,1,2,1
709000,2,4,1
710000,2,4,1
711000,1,3,1
712000,1,2,1
713000,1,3,0
714000,1,3,1
715000,2,3,1
716000,2,4,1
717000,3,4,1
718000,1,2,1
719000,1,2,1
720000,1,3,1
721000,1,4,1
722000,1,3,1
723000,2,4,0
724000,1,3,1
725000,1,3,1
726000,3,4,1
727000,1,3,1
728000,1,4,1
729000,1,3,1
730000,2,4,1
731000,3,4,1
732000,2,4,1
733000,3,4,1
734000,2,4,1
735000,1,2,1
736000,1,2,1
737000,3,4,1
738000,2,4,1
739000,1,2,1
740000,2,3,1
741000,2,3,1
742000,2,4,1
743000,1,4,0
744000,2,3,1
745000,2,3,1
746000,2,3,0
747000,3,4,1
748000,1,2,1
749000,2,3,1
750000,1,2,1
751000,2,3,1
752000,1,3,1
753000,2,3,1
754000,2,4,1
755000,1,4,1
756000,1,3,1
757000,1,4,1
758000,3,4,1
759000,1,2,1
760000,2,4,1
761000,1,2,1
762000,3,4,0
763000,2,3,1
764000,3,4,1
765000,3,4,1
766000,2,3,1
767000,1,3,1
768000,3,4,0
769000,2,4,1
770000,2,3,1
771000,1,3,0
772000,1,2,1
773000,2,3,1
774000,3,4,1
775000,3,4,1
776000,1,4,1
777000,1,2,1
778000,2,4,1
779000,1,3,1
780000,2,3,1
781000,2,3,1
782000,3,4,1
783000,1,2,1
784000,1,3,0
785000,2,4,1
786000,1,2,1
787000,2,4,1
788000,2,4,0
789000,1,4,1
790000,1,2,1
791000,1,4,1
792000,2,3,1
793000,2,3,1
794000,3,4,1
795000,2,3,1
796000,1,4,1
797000,1,2,1
798000,2,4,1
799000,3,4,1
800000,1,2,1
801000,3,4,1
802000,1,2,1
803000,1,4,0
804000,1,3,1
805000,3,4,1
806000,2,3,1
807000,2,4,1
808000,2,3,1
809000,2,4,0
810000,1,2,1
811000,1,3,1
812000,3,4,0
813000,1,2,0
814000,1,2,1
815000,1,2,1
816000,2,3,1
817000,1,3,1
818000,2,4,1
819000,1,4,1
820000,3,4,1
821000,3,4,1
822000,3,4,1
823000,1,2,1
824000,2,3,1
825000,2,4,1
826000,2,3,1
827000,1,4,1
828000,2,4,1
829000,1,2,1
830000,2,4,1
831000,2,3,0
832000,1,3,1
833000,3,4,1
834000,1,4,0
835000,1,2,1
836000,2,3,1
837000,2,3,1
838000,1,4,0
839000,2,3,1
840000,1,3,0
841000,1,3,0
842000,2,3,1
843000,1,4,1
844000,3,4,1
845000,1,2,1
846000,1,4,1
847000,3,4,1
848000,1,3,1
849000,3,4,1
850000,1,2,1
851000,2,4,1
852000,2,4,1
853000,1,3,1
854000,1,3,0
855000,1,4,1
856000,2,3,1
857000,3,4,1
858000,3,4,1
859000,1,4,1
860000,1,3,0
861000,2,4,0
862000,2,3,1
863000,1,4,1
864000,2,3,0
865000,3,4,0
866000,2,3,1
867000,1,2,1
868000,3,4,1
869000,1,2,1
870000,1,4,1
871000,1,2,1
872000,2,3,1
873000,2,4,1
874000,2,4,0
875000,1,4,1
876000,2,3,1
877000,1,3,0
878000,1,3,1
879000,1,4,1
880000,1,3,1
881000,1,3,1
882000,3,4,1
883000,1,2,1
884000,3,4,1
885000,2,4,1
886000,1,2,1
887000,2,3,1
888000,2,3,1
889000,2,3,1
890000,3,4,1
891000,1,4,1
892000,1,3,1
893000,2,3,1
894000,3,4,1
895000,3,4,1
896000,1,2,1
897000,2,4,1
898000,2,3,1
899000,3,4,1
900000,2,4,1
901000,2,4,1
902000,1,4,1
903000,2,3,1
904000,1,4,1
905000,2,3,1
906000,1,4,1
907000,3,4,1
908000,3,4,1
909000,3,4,1
910000,3,4,1
911000,2,4,1
912000,2,4,1
913000,1,2,1
914000,1,2,1
915000,1,2,1
916000,1,2,1
917000,1,3,1
918000,2,3,1
919000,1,3,1
920000,1,3,1
921000,2,4,1
922000,2,3,1
923000,2,3,1
924000,3,4,1
925000,1,3,0
926000,1,4,0
927000,1,4,0
928000,1,2,1
929000,2,4,1
930000,1,3,1
931000,2,3,1
932000,1,3,1
933000,1,4,0
934000,3,4,0
935000,1,2,1
936000,1,3,1
937000,2,3,1
938000,1,4,1
939000,3,4,1
940000,3,4,1
941000,1,3,0
942000,1,3,0
943000,2,3,1
944000,2,3,1
945000,1,2,1
946000,1,4,1
947000,1,4,1
948000,1,3,1
949000,1,3,1
950000,2,4,1
951000,2,3,1
952000,1,4,1
953000,2,3,1
954000,2,4,1
955000,2,3,1
956000,1,3,1
957000,1,4,0
958000,2,4,1
959000,1,3,1
960000,2,4,0
961000,3,4,0
962000,1,2,1
963000,1,3,1
964000,1,3,1
965000,1,3,1
966000,2,4,1
967000,3,4,1
968000,2,4,0
969000,1,3,1
970000,1,2,1
971000,3,4,1
972000,3,4,1
973000,1,4,0
974000,3,4,1
975000,1,4,0
976000,1,3,1
977000,2,3,1
978000,2,3,1
979000,1,2,1
980000,3,4,1
981000,3,4,1
982000,3,4,1
983000,1,3,1
984000,2,4,1
985000,1,4,0
986000,1,2,1
987000,2,4,0
988000,2,4,1
989000,2,3,1
990000,1,2,1
991000,1,4,0
992000,1,4,1
993000,3,4,1
994000,1,3,0
995000,3,4,0
996000,3,4,1
997000,1,3,0
998000,2,4,0
999000,1,4,1
1000000,2,3,1
1001000,2,3,1
1002000,3,4,1
1003000,2,3,1
1004000,3,4,0
1005000,2,3,1
1006000,1,3,1
1007000,1,4,0
1008000,1,3,1
1009000,3,4,0
1010000,1,4,0
1011000,1,2,0
1012000,1,3,0
1013000,2,3,1
1014000,2,3,1
1015000,1,2,1
1016000,2,4,1
1017000,1,3,1
1018000,3,4,1
1019000,2,3,1
1020000,2,3,1
1021000,1,4,1
1022000,1,3,1
1023000,3,4,1
1024000,1,4,1
1025000,3,4,0
1026000,1,2,0
1027000,2,3,1
1028000,1,2,1
1029000,1,4,0
1030000,3,4,1
1031000,1,2,1
1032000,1,4,0
1033000,1,4,1
1034000,3,4,1
1035000,2,4,0
1036000,3,4,1
1037000,2,3,1
1038000,3,4,1
1039000,1,4,1
1040000,1,2,1
1041000,2,3,1
1042000,1,4,1
1043000,2,4,1
1044000,3,4,1
1045000,2,3,1
1046000,2,3,0
1047000,3,4,1
1048000,2,3,1
1049000,2,4,1
1050000,2,3,1
1051000,2,4,1
1052000,1,2,1
1053000,1,2,1
1054000,1,2,1
1055000,1,2,1
1056000,2,3,1
1057000,2,3,1
1058000,2,4,1
1059000,2,4,1
1060000,1,2,1
1061000,2,4,1
1062000,2,4,1
1063000,1,4,0
1064000,2,4,1
1065000,2,3,1
1066000,1,2,1
1067000,2,3,1
1068000,2,4,0
1069000,2,3,1
1070000,3,4,1
1071000,1,3,1
1072000,1,4,1
1073000,2,4,1
1074000,1,4,1
1075000,1,3,1
1076000,1,4,1
1077000,3,4,1
1078000,1,2,1
1079000,1,4,1
1080000,1,2,1
1081000,1,4,1
1082000,1,2,1
1083000,2,3,1
1084000,1,3,1
1085000,2,3,1
1086000,1,4,1
1087000,2,4,1
1088000,1,2,1
1089000,1,4,1
1090000,1,3,1
1091000,2,4,1
1092000,1,3,1
1093000,2,3,1
1094000,2,4,1
1095000,2,3,1
1096000,2,4,1
1097000,3,4,1
1098000,1,3,0
1099000,1,2,1
1100000,1,3,1
1101000,1,4,1
1102000,3,4,1
1103000,2,4,1
1104000,1,4,0
1105000,1,4,1
1106000,2,4,0
1107000,1,2,1
1108000,1,3,1
1109000,2,3,1
1110000,1,3,1
1111000,2,3,1
1112000,2,4,1
1113000,2,3,1
1114000,1,4,0
1115000,1,2,1
1116000,2,4,1
1117000,2,4,1
1118000,3,4,1
1119000,2,3,1
1120000,2,4,1
1121000,1,4,0
1122000,3,4,1
1123000,3,4,0
1124000,3,4,1
1125000,1,4,1
1126000,2,3,1
1127000,1,2,1
1128000,1,2,1
1129000,1,2,0
1130000,3,4,1
1131000,1,3,1
1132000,1,3,1
1133000,1,4,1
1134000,2,3,1
1135000,3,4,0
1136000,1,2,1
1137000,2,4,0
1138000,1,2,1
1139000,1,4,0
1140000,3,4,1
1141000,2,3,1
1142000,2,3,1
1143000,2,3,1
1144000,1,3,1
1145000,1,2,1
1146000,1,3,1
1147000,1,3,0
1148000,2,3,0
1149000,1,2,1
1150000,1,2,1
1151000,1,2,1
1152000,3,4,1
1153000,1,4,0
1154000,2,3,0
1155000,1,2,1
1156000,2,4,1
1157000,2,4,1
1158000,3,4,1
1159000,1,3,0
1160000,2,4,1
1161000,1,3,1
1162000,2,3,1
1163000,1,4,0
1164000,2,3,1
1165000,1,3,1
1166000,2,4,1
1167000,1,4,1
1168000,1,3,1
1169000,2,3,1
1170000,1,4,0
1171000,1,4,0
1172000,2,4,1
1173000,1,2,1
1174000,2,4,1
1175000,2,3,1
1176000,3,4,1
1177000,2,4,1
1178000,1,2,1
1179000,2,3,1
1180000,2,4,0
1181000,1,2,1
1182000,1,4,1
1183000,1,3,1
1184000,1,2,1
1185000,2,4,1
1186000,2,4,1
1187000,2,3,1
1188000,2,4,0
1189000,2,3,1
1190000,3,4,1
1191000,2,3,0
1192000,2,3,1
1193000,1,2,1
1194000,2,3,1
1195000,1,2,1
1196000,1,4,0
1197000,3,4,1
1198000,2,4,1
1199000,1,3,1
1200000,2,4,1
1201000,3,4,1
1202000,1,3,1
1203000,3,4,1
1204000,1,3,1
1205000,2,4,1
1206000,1,2,0
1207000,1,4,1
1208000,1,2,1
1209000,3,4,1
1210000,1,4,1
1211000,3,4,1
1212000,1,3,1
1213000,3,4,1
1214000,3,4,1
1215000,2,3,1
1216000,1,3,1
1217000,2,3,0
1218000,3,4,1
1219000,1,4,1
1220000,3,4,1
1221000,1,2,1
1222000,3,4,1
1223000,1,3,1
1224000,1,2,1
1225000,2,3,1
1226000,2,3,1
1227000,2,4,1
1228000,2,4,1
1229000,1,3,1
1230000,1,4,1
1231000,3,4,1
1232000,1,3,1
1233000,3,4,1
1234000,2,4,1
1235000,1,2,1
1236000,2,3,1
1237000,1,3,1
1238000,1,4,0
1239000,1,2,0
1240000,2,3,0
1241000,1,3,1
1242000,1,3,1
1243000,1,3,1
1244000,3,4,1
1245000,2,3,1
1246000,1,3,1
1247000,1,2,1
1248000,1,2,1
1249000,2,4,1
1250000,2,3,1
1251000,2,3,1
1252000,1,2,1
1253000,1,3,1
1254000,1,4,1
1255000,2,3,1
1256000,1,3,1
1257000,1,3,1
1258000,1,2,1
1259000,1,4,0
1260000,1,4,1
1261000,1,2,1
1262000,1,2,1
1263000,1,4,1
1264000,2,3,1
1265000,1,4,0
1266000,2,3,1
1267000,1,4,0
1268000,1,4,0
1269000,2,4,1
1270000,1,3,1
1271000,2,4,1
1272000,2,3,1
1273000,1,3,1
1274000,1,3,1
1275000,1,3,1
1276000,2,3,0
1277000,2,3,1
1278000,2,4,1
1279000,1,2,1
1280000,3,4,1
1281000,1,2,1
1282000,1,3,1
1283000,1,3,1
1284000,1,2,0
1285000,1,3,1
1286000,1,2,1
1287000,2,3,1
1288000,1,2,1
1289000,2,4,1
1290000,3,4,0
1291000,3,4,1
1292000,2,4,0
1293000,2,3,1
1294000,3,4,1
1295000,3,4,1
1296000,2,4,1
1297000,1,4,1
1298000,1,2,1
1299000,3,4,1
1300000,2,4,1
1301000,1,2,1
1302000,2,4,1
1303000,1,4,1
1304000,1,2,1
1305000,2,4,1
1306000,2,3,1
1307000,1,4,1
1308000,3,4,1
1309000,2,3,0
1310000,2,4,1
1311000,2,3,0
1312000,1,3,0
1313000,2,3,0
1314000,3,4,1
1315000,3,4,1
1316000,2,4,0
1317000,3,4,1
1318000,1,2,1
1319000,3,4,1
1320000,1,2,1
1321000,2,4,0
1322000,2,4,1
1323000,1,3,0
1324000,2,3,1
1325000,3,4,1
1326000,2,4,1
1327000,2,3,0
1328000,2,4,1
1329000,3,4,1
1330000,3,4,1
1331000,1,4,1
1332000,1,3,1
1333000,1,2,1
1334000,1,4,1
1335000,3,4,1
1336000,1,4,1
1337000,2,4,1
1338000,1,2,1
1339000,2,3,1
1340000,1,4,1
1341000,1,3,1
1342000,1,3,1
1343000,1,4,0
1344000,2,3,1
