generation,N_shifts,logPrior,logLik,eventRate,acceptRate
0,0,-16.3554,-14452.7,500,0
20000,1,-30.9702,2261.34,0.850743,0.427
40000,1,-31.4282,2258.8,1.19137,0.4158
60000,2,-40.6713,2279.39,1.7581,0.4292
80000,2,-40.5714,2266.13,3.25717,0.449
100000,2,-44.3143,2279.65,2.26423,0.462
120000,4,-66.162,2322.96,4.39195,0.429
140000,2,-49.2442,2301.38,4.22202,0.38
160000,2,-46.817,2280.55,2.04155,0.423
180000,2,-41.7051,2292.72,3.91194,0.357
200000,5,-84.1595,2357.48,6.81711,0.282
220000,2,-47.7893,2291.23,1.57846,0.3088
240000,2,-42.0121,2298.26,3.73672,0.275
260000,6,-90.3674,2351.45,5.20359,0.333143
280000,5,-76.7944,2355.56,5.60129,0.33
300000,4,-71.0433,2343.95,7.03781,0.2235
320000,4,-62.7301,2327.17,7.64625,0.414312
340000,6,-89.5462,2347.95,4.38013,0.336
360000,2,-41.7563,2289.65,1.76238,0.283
380000,4,-65.0333,2328.36,4.97829,0.404
400000,6,-89.4677,2360.22,5.6674,0.409
420000,7,-94.1283,2377.61,7.17464,0.323
440000,8,-105.848,2385.4,13.0391,0.339
460000,3,-53.193,2319.41,5.27615,0.366
480000,15,-196.598,2463.93,13.0231,0.41
500000,5,-73.3341,2341.3,10.7593,0.3721
520000,5,-79.6525,2350.34,4.29052,0.346
540000,12,-158.73,2457.79,18.5137,0.3844
560000,11,-154.229,2466.06,10.3851,0.338
580000,4,-65.5885,2347.77,3.23781,0.283
600000,11,-142.207,2464.19,11.4926,0.422
620000,16,-189.425,2456.18,21.1611,0.4555
640000,6,-80.0388,2343.74,4.92638,0.404
660000,15,-176.868,2469.28,14.5618,0.412
680000,17,-204.138,2469.09,14.096,0.473
700000,7,-96.974,2379,7.23696,0.389667
720000,15,-187.882,2487.94,17.3649,0.466228
740000,6,-89.415,2376.87,11.3296,0.378
760000,16,-199.918,2496.29,13.3287,0.469818
780000,16,-194.104,2506.61,19.8784,0.396
800000,20,-255.533,2549.71,19.4909,0.438
820000,9,-115.551,2391.68,7.33306,0.459
840000,22,-272,2552.78,25.7036,0.443
860000,23,-289.939,2548.09,20.8013,0.476
880000,15,-187.094,2464.42,17.9376,0.476
900000,14,-174.648,2475.88,22.3464,0.419
920000,16,-196.48,2472.44,10.4212,0.390429
940000,21,-258.127,2555.9,21.7167,0.43
960000,19,-240.166,2542.31,17.0867,0.443
980000,19,-237.908,2543.74,17.7298,0.405
1000000,10,-127.022,2426.98,6.71272,0.405
1020000,17,-217.508,2546.17,19.9016,0.399
1040000,30,-355.164,2596.48,39.2862,0.481
1060000,20,-242.791,2556.22,17.1192,0.439
1080000,21,-258.406,2554.27,15.1203,0.401
1100000,23,-280.196,2563.81,24.9195,0.404333
1120000,15,-184.65,2477.55,15.0112,0.436
1140000,23,-280.893,2571.08,26.8287,0.432
1160000,11,-142.14,2450.87,12.246,0.371
1180000,26,-319.266,2571.37,27.01,0.408143
1200000,14,-184.527,2467.7,15.9819,0.372
1220000,16,-198.445,2500.93,16.4736,0.401
1240000,18,-217.331,2491.98,13.6092,0.429
1260000,17,-211.74,2493.05,19.9398,0.414
1280000,27,-332.704,2578.4,34.2232,0.442
1300000,19,-237.391,2494.85,22.6593,0.444
1320000,19,-238.797,2504.17,24.9318,0.393
1340000,18,-220.877,2518.17,14.3185,0.421
1360000,16,-201.832,2483.77,13.4658,0.408
1380000,15,-183.752,2475.72,11.4963,0.367
1400000,18,-213.716,2486.08,18.9266,0.469
1420000,19,-232.246,2519.14,16.7444,0.427
1440000,21,-243.665,2518.33,18.9207,0.462
1460000,19,-224.952,2517.77,17.9214,0.465
1480000,23,-270.188,2516.07,24.7719,0.454625
1500000,29,-342.677,2573.47,31.0626,0.451667
1520000,27,-319.899,2588.09,25.2962,0.472
1540000,19,-230.678,2516.78,16.3697,0.4326
1560000,29,-346.691,2519.2,30.7818,0.463
1580000,29,-350.696,2611.49,37.2206,0.402
1600000,26,-311.132,2514.39,28.9963,0.487444
1620000,21,-248.6,2523.43,33.8741,0.44
1640000,24,-274.229,2511.95,26.0732,0.456
1660000,18,-218.339,2525.7,21.5134,0.446
1680000,17,-201.989,2510.4,20.8827,0.398
1700000,22,-261.324,2537.14,20.4518,0.426
1720000,18,-224.005,2528.05,18.0312,0.414889
1740000,17,-203.132,2520.18,18.1526,0.398
1760000,23,-269.3,2556.52,22.3375,0.4684
1780000,22,-255.637,2534.07,18.4906,0.4468
1800000,29,-340.631,2598.97,23.7565,0.444
1820000,20,-240.199,2529.39,14.2107,0.438
1840000,28,-329.338,2570.37,36.5912,0.474
1860000,30,-348.284,2575.7,43.3986,0.4915
1880000,32,-366.974,2573.85,28.8466,0.478714
1900000,24,-294.111,2617.57,33.4079,0.43575
1920000,28,-356.344,2621.13,29.3397,0.429
1940000,27,-315.475,2537.54,24.5959,0.473
1960000,25,-310.785,2602.89,33.1579,0.45
1980000,28,-326.356,2546.58,28.0862,0.454
2000000,23,-273.725,2549.26,28.2619,0.428
2020000,35,-392.026,2584.28,32.3878,0.467
2040000,25,-310.179,2594.1,25.7402,0.413
2060000,28,-338.976,2599.45,32.9905,0.42
2080000,33,-396.358,2613.43,43.1532,0.473
2100000,33,-374.658,2568.18,32.9259,0.491
2120000,29,-359.254,2625.8,24.5592,0.458667
2140000,34,-397.718,2573.91,37.7562,0.477
2160000,33,-395.695,2619.79,27.1642,0.462
2180000,27,-322.654,2564.5,23.8021,0.46
2200000,24,-280.9,2562.87,21.8363,0.437
2220000,28,-335.609,2617.54,25.5915,0.4356
2240000,32,-385.262,2629.04,35.6017,0.454
2260000,29,-344.935,2573.7,44.034,0.452
2280000,27,-325.938,2585.72,27.8253,0.402
2300000,29,-355.073,2596.33,33.4847,0.422
2320000,28,-326.075,2576.8,24.2592,0.42
2340000,36,-420.659,2628.75,38.4737,0.4505
2360000,26,-311.601,2587.27,23.2801,0.403
2380000,28,-330.811,2587.47,19.2886,0.47375
2400000,28,-335.593,2574.09,25.507,0.458
2420000,33,-380.079,2614.2,36.1792,0.451
2440000,30,-344.848,2598.38,25.4816,0.499
2460000,31,-355.21,2596.05,24.194,0.452
2480000,27,-314.477,2541.19,20.0284,0.479
2500000,27,-321.387,2590.96,28.9669,0.457
2520000,29,-338.677,2588.98,28.0856,0.493
2540000,29,-339.259,2597.71,30.6554,0.446
2560000,23,-275.648,2530.92,36.599,0.473
2580000,23,-277.799,2597.41,26.1156,0.451
2600000,24,-283.77,2599.43,24.0751,0.448
2620000,24,-281.345,2550.24,23.6481,0.435
2640000,26,-304.886,2560.21,17.5775,0.43775
2660000,27,-311.978,2533.74,20.6482,0.467
2680000,24,-281.206,2528.93,31.7036,0.458
2700000,36,-428.543,2622.11,31.4415,0.485
2720000,30,-351.187,2619.61,38.2748,0.476
2740000,37,-428.333,2615.62,43.1311,0.522
2760000,32,-379.193,2626.73,30.4807,0.489
2780000,27,-324.057,2598.67,25.3863,0.45
2800000,23,-274.583,2547.31,30.5408,0.441
2820000,28,-333.755,2635.46,25.6021,0.428
2840000,27,-308.666,2597.44,27.566,0.439
2860000,38,-443.74,2631.82,29.9285,0.505
2880000,25,-298.503,2576.74,24.6903,0.453
2900000,26,-309.487,2589.11,25.4778,0.472
2920000,28,-340.215,2581.9,23.2493,0.452
2940000,28,-323.287,2594.43,30.411,0.419
2960000,27,-318.71,2587.86,24.5515,0.439
2980000,38,-449.561,2635.51,43.4787,0.47
3000000,36,-423.09,2643.08,37.4913,0.496579
3020000,36,-426.745,2662.85,42.2223,0.482875
3040000,44,-503.339,2666.09,55.024,0.483
3060000,31,-358.298,2593.87,24.0573,0.446
3080000,32,-374.443,2610.31,31.2244,0.484
3100000,26,-307.052,2604.65,33.4776,0.448
3120000,23,-271.401,2589.32,23.5206,0.43175
3140000,31,-362.631,2587.68,22.2331,0.431
3160000,36,-424.867,2613.35,48.2185,0.469
3180000,37,-432.662,2615.78,36.8149,0.451
3200000,44,-508.027,2662.84,47.2485,0.505
3220000,32,-371.266,2639.6,44.7541,0.459
3240000,41,-478.334,2637.04,51.654,0.512
3260000,28,-325.618,2573.61,23.2674,0.48025
3280000,35,-401.669,2562.25,35.4861,0.4773
3300000,31,-364.934,2620.87,32.303,0.477
3320000,29,-350.033,2616.56,24.2237,0.446
3340000,29,-321.263,2588.78,27.2983,0.435
3360000,30,-354.971,2602.14,30.2346,0.454
3380000,28,-328.891,2576.36,27.81,0.4635
3400000,42,-478.37,2650.45,39.7349,0.519
3420000,35,-418.24,2673.97,37.2166,0.44
3440000,34,-403.806,2649.05,34.0616,0.445
3460000,36,-415.361,2652.11,33.2035,0.491
3480000,35,-414.297,2659.69,32.3236,0.423
3500000,35,-397.034,2611,37.1204,0.500364
3520000,31,-355.835,2617.88,34.5798,0.487333
3540000,32,-360.225,2619.75,26.7395,0.503
3560000,49,-560.41,2675.95,43.5993,0.497
3580000,34,-410.033,2656.13,34.4698,0.442
3600000,32,-378.014,2614.03,36.3858,0.461
3620000,26,-312.114,2586.29,28.7392,0.444
3640000,30,-344.045,2599.8,27.2014,0.472
3660000,52,-608.866,2666.33,49.2058,0.531
3680000,27,-322.388,2586.67,44.8887,0.469333
3700000,24,-283.759,2600.99,18.5427,0.402
3720000,29,-338.388,2595.24,30.0954,0.476
3740000,25,-302.457,2596.29,32.0367,0.414
3760000,26,-304.996,2587.88,24.5319,0.474
3780000,25,-293.381,2608.85,30.5515,0.442
3800000,22,-263.702,2601.89,30.0936,0.42
3820000,40,-461.674,2643.03,40.1998,0.503
3840000,28,-334.048,2614.01,24.3239,0.45
3860000,27,-319.447,2606.7,24.3599,0.424
3880000,34,-402.556,2644.77,45.5073,0.434
3900000,33,-398.2,2639.51,39.2189,0.431563
3920000,32,-377.391,2652.58,37.9138,0.468
3940000,26,-305.878,2585.34,17.5615,0.483
3960000,24,-282.131,2590.52,26.2245,0.462
3980000,22,-253.354,2595.77,12.7543,0.464
4000000,41,-479.01,2664.89,37.5438,0.49
4020000,28,-327.332,2588.7,26.5783,0.459
4040000,29,-334.246,2600.06,35.5503,0.51175
4060000,24,-279.2,2584.61,34.0911,0.453
4080000,44,-497.438,2645.89,48.1546,0.488
4100000,39,-464.224,2653.5,36.8198,0.488
4120000,32,-382.436,2612.27,37.7325,0.492667
4140000,28,-325.621,2590.27,29.6148,0.497
4160000,26,-308.499,2598.61,32.0681,0.462
4180000,35,-426.582,2639.28,37.1693,0.435
4200000,32,-395.138,2650.6,34.9207,0.443
4220000,29,-335.257,2598.54,34.443,0.468
4240000,34,-407.667,2656.89,47.4462,0.471
4260000,35,-407.764,2648.18,35.9937,0.45
4280000,40,-459.505,2628.8,32.7865,0.480143
4300000,36,-415.336,2639.27,46.9261,0.487
4320000,24,-283.619,2605.81,20.7036,0.439
4340000,31,-378.163,2631.59,18.0799,0.4455
4360000,39,-461.007,2644.77,29.6281,0.48
4380000,45,-521.256,2651.77,38.1575,0.4988
4400000,30,-361.791,2603.2,34.083,0.472
4420000,42,-488.136,2646.71,41.5805,0.486333
4440000,38,-446.243,2634.54,46.6042,0.47
4460000,29,-348.336,2619.6,24.0661,0.467
4480000,37,-429.14,2626.75,41.3102,0.49125
4500000,35,-403.064,2630.29,40.9111,0.467
4520000,32,-373.872,2609,29.5522,0.471
4540000,41,-485.638,2643.28,31.9912,0.449
4560000,32,-387.261,2624.02,29.3441,0.482
4580000,32,-383.946,2613.64,28.5327,0.466
4600000,40,-463.284,2652.78,45.6435,0.5045
4620000,39,-457.407,2633.64,38.1509,0.51
4640000,38,-443.741,2658,30.3093,0.483
4660000,40,-458.95,2655.83,52.0446,0.5
4680000,39,-443.857,2657,34.4746,0.48
4700000,49,-579.968,2660.64,49.8698,0.483
4720000,40,-469.039,2630.94,37.8755,0.463
4740000,39,-455.759,2625.77,42.6514,0.512
4760000,39,-456.399,2647.44,41.372,0.526
4780000,35,-403.862,2631.12,38.9989,0.469
4800000,34,-407.151,2642.71,20.4198,0.45
4820000,26,-315.892,2607.18,19.5955,0.415
4840000,39,-442.16,2664.2,47.2393,0.499563
4860000,28,-337.493,2611.01,27.051,0.444
4880000,25,-310.957,2591.32,25.0917,0.402
4900000,28,-339.944,2607.5,21.9342,0.47
4920000,28,-343.508,2606.46,30.7138,0.459
4940000,38,-448.248,2645.88,39.8862,0.438
4960000,32,-379.089,2662.3,27.8747,0.433
4980000,41,-483.366,2697.42,38.651,0.459
5000000,31,-359.905,2620.44,32.1349,0.450667
5020000,26,-303.862,2603.3,35.995,0.478
5040000,38,-447.946,2686.18,34.3449,0.473683
5060000,39,-443.912,2685.66,32.4205,0.445
5080000,43,-494.134,2663.98,44.369,0.477
5100000,39,-450.081,2681.99,30.6633,0.492
5120000,39,-450.324,2671.25,42.942,0.477
5140000,32,-373.374,2583.87,33.1658,0.508
5160000,46,-525.24,2692.59,55.7527,0.497103
5180000,40,-476.083,2667.99,34.4444,0.461
5200000,43,-494.1,2658.15,52.5866,0.496
5220000,31,-355.734,2607.47,29.8104,0.471
5240000,24,-283.633,2619.6,29.3885,0.413
5260000,31,-357.031,2610.89,33.2637,0.501
5280000,23,-270.782,2583.51,27.553,0.408
5300000,31,-360.881,2613.66,34.0992,0.471
5320000,31,-362.691,2621.13,30.0606,0.443
5340000,34,-399.213,2630.05,38.9399,0.484
5360000,41,-477.26,2672.45,46.3483,0.498
5380000,38,-459.68,2648.61,31.2563,0.47
5400000,34,-400.181,2613.2,30.6627,0.454
5420000,37,-432.701,2689.04,32.1277,0.488125
5440000,28,-327.87,2610.89,28.6928,0.472
5460000,29,-351.2,2625.77,26.602,0.456
5480000,31,-378.415,2637.57,42.9972,0.413
5500000,28,-330.042,2607.27,26.6954,0.42
5520000,31,-370.917,2626.43,27.4526,0.473
5540000,44,-514.865,2672.45,46.9653,0.43
5560000,38,-454.283,2625.22,39.0324,0.473
5580000,33,-394.513,2605.7,36.1419,0.479
5600000,32,-382.694,2628.91,23.5008,0.441
5620000,26,-316.055,2623.07,36.9393,0.412
5640000,33,-391.847,2622.18,26.109,0.433
5660000,40,-452.99,2636.11,40.4723,0.488
5680000,35,-421.216,2622.07,45.4215,0.482
5700000,28,-343,2643.47,27.7271,0.419
5720000,42,-487.529,2667.48,36.0684,0.485625
5740000,28,-346.538,2589.37,21.6497,0.434
5760000,23,-275.15,2595.33,29.0517,0.411
5780000,26,-315.982,2600.77,27.6674,0.455
5800000,42,-491.357,2653.93,45.5659,0.461
5820000,39,-454.695,2649.42,44.7391,0.466333
5840000,52,-608.509,2700.25,51.6544,0.474333
5860000,29,-347.688,2601.6,41.4678,0.455
5880000,33,-392.053,2612.89,42.1082,0.451
5900000,36,-431.547,2623.43,35.2126,0.478
5920000,38,-442.773,2625.14,36.1497,0.503
5940000,45,-515.057,2693.45,41.9249,0.498
5960000,36,-427.179,2637.31,40.3428,0.472
5980000,31,-365.029,2622.95,28.1126,0.478
6000000,31,-365.527,2630.76,32.7983,0.43
6020000,44,-512.278,2713,37.1061,0.462
6040000,34,-399.263,2604.33,31.6599,0.5
6060000,43,-488.412,2689.84,52.0097,0.49725
6080000,31,-364.512,2614.37,34.6492,0.466
6100000,28,-330.331,2598.43,22.627,0.419
6120000,37,-428.675,2641.69,47.4753,0.542
6140000,33,-387.566,2659.28,31.9184,0.491
6160000,33,-390.081,2649.58,32.1233,0.448
6180000,27,-315.463,2620.69,32.1816,0.416
6200000,34,-393.426,2624.75,35.1977,0.458
6220000,43,-497.12,2646.66,38.0096,0.457
6240000,29,-350.828,2647.83,28.2382,0.44
6260000,54,-621.516,2703.75,57.2256,0.495141
6280000,36,-414.656,2651.2,41.4626,0.511611
6300000,37,-427.035,2651.33,33.5057,0.485
6320000,33,-380.521,2642.24,30.7879,0.466333
6340000,38,-447.89,2661.68,50.4483,0.485
6360000,41,-478.788,2632.23,54.6869,0.505
6380000,34,-390.009,2623.87,33.6431,0.416
6400000,43,-481.703,2656.01,39.5185,0.509
6420000,35,-404.195,2641.52,40.0299,0.445
6440000,39,-454.562,2698.83,41.7075,0.453
6460000,33,-388.145,2620.3,24.9527,0.485
6480000,40,-461.579,2633.46,34.2203,0.473
6500000,33,-384.371,2640.49,29.1677,0.4915
6520000,37,-426.045,2682.44,38.6626,0.451
6540000,39,-449.891,2687.86,49.0408,0.467
6560000,36,-423.169,2642.09,32.8537,0.471
6580000,41,-476.437,2656.95,41.7037,0.46
6600000,37,-427.801,2635.44,29.295,0.477
6620000,36,-421.956,2628.89,38.8269,0.486
6640000,33,-395.249,2635.61,38.6318,0.454
6660000,31,-366.887,2627.13,21.1651,0.449
6680000,31,-359.277,2628.39,37.2595,0.463667
6700000,29,-340.364,2605.23,29.7811,0.464
6720000,30,-359.046,2629.93,29.1833,0.498
6740000,33,-385.414,2623.81,34.8766,0.506
6760000,28,-332.504,2605.74,33.2853,0.417682
6780000,29,-347.332,2617.27,38.2016,0.423
6800000,35,-411.974,2647.27,31.5697,0.457
6820000,47,-551.75,2630.82,48.6663,0.501244
6840000,39,-462.451,2650.24,46.4802,0.51
6860000,40,-466.608,2684.62,44.4726,0.465
6880000,39,-449.109,2666.39,45.4899,0.498
6900000,44,-506.991,2651.13,37.3552,0.463
6920000,37,-433.121,2656.96,28.9204,0.441
6940000,38,-440.904,2646.06,30.7993,0.47175
6960000,37,-430.625,2633.16,37.1796,0.473833
6980000,34,-399.91,2641.52,32.5714,0.467
7000000,41,-474.207,2659.92,47.6061,0.5105
7020000,31,-363.962,2620.66,32.4384,0.477
7040000,40,-458.241,2645.41,34.4995,0.475
7060000,33,-380.376,2616.98,35.3415,0.460636
7080000,31,-355.453,2609.3,38.5471,0.444
7100000,30,-347.634,2609.93,42.0711,0.45
7120000,30,-352.183,2620.16,23.1855,0.452
7140000,38,-433.542,2645.55,49.4867,0.506
7160000,38,-445.327,2626.94,29.3438,0.465
7180000,39,-449.702,2648.21,33.9339,0.478
7200000,35,-393.607,2627.97,36.6372,0.488
7220000,41,-471.267,2610.68,36.7968,0.467
7240000,32,-376.234,2626.53,34.3954,0.451
7260000,27,-327.369,2629.9,22.5224,0.415
7280000,31,-360.91,2636.3,28.5079,0.458
7300000,35,-411.068,2638.72,37.5589,0.473
7320000,39,-440.873,2662.7,56.0223,0.484
7340000,34,-398.854,2645.03,37.6777,0.446
7360000,32,-381.99,2631.85,31.979,0.472
7380000,28,-342.771,2627.12,24.4678,0.424
7400000,28,-344.922,2625.55,18.2812,0.458
7420000,27,-321.487,2621.13,37.7869,0.411
7440000,32,-388.286,2629.35,30.1775,0.475
7460000,29,-355.63,2604.84,29.0181,0.447
7480000,29,-358.884,2620.35,35.3889,0.434
7500000,32,-393.55,2613.83,31.7184,0.497
7520000,28,-343.8,2625,23.5124,0.437
7540000,33,-393.886,2623.86,36.0392,0.473
7560000,35,-425.227,2639.03,28.6048,0.461
7580000,47,-553.185,2688.89,57.5966,0.50778
7600000,29,-353.413,2609.41,26.9773,0.457
7620000,29,-348.355,2620.75,29.0999,0.392
7640000,31,-372.113,2606.97,26.9374,0.44
7660000,33,-392.756,2613.96,31.0593,0.443176
7680000,38,-442.211,2651.99,39.4144,0.4415
7700000,26,-310.295,2614.93,30.1009,0.445
7720000,27,-318.226,2629.01,41.0544,0.453
7740000,33,-394.783,2611.96,36.1199,0.474
7760000,28,-325.184,2615.78,30.4612,0.443
7780000,34,-397.495,2639.95,29.2611,0.497
7800000,33,-390.697,2622.94,28.0846,0.49
7820000,32,-384.473,2645.71,32.9662,0.465
7840000,34,-391.345,2653.42,30.3471,0.496
7860000,35,-412.339,2630.64,34.6064,0.463
7880000,36,-421.69,2646.33,31.9181,0.449778
7900000,37,-435.274,2634.1,40.5311,0.483
7920000,33,-395.827,2622.32,26.4873,0.462
7940000,31,-370.806,2619.17,35.2726,0.455
7960000,36,-412.3,2656.82,29.8062,0.493833
7980000,41,-473.81,2648.71,43.2426,0.52
8000000,42,-490.891,2660.26,43.0613,0.472
8020000,43,-504.388,2654.93,45.9807,0.48
8040000,34,-399.822,2648.12,43.5848,0.464
8060000,44,-512.771,2660.86,40.8871,0.499056
8080000,40,-460.792,2648.02,43.3261,0.506
8100000,28,-325.683,2621.79,22.936,0.437
8120000,36,-419.961,2642.1,29.3254,0.527
8140000,32,-375.285,2634.17,41.775,0.4808
8160000,43,-500.039,2685.4,34.9285,0.509765
8180000,26,-311.129,2614.23,23.8947,0.409
8200000,28,-329.813,2610.8,33.4387,0.393
8220000,33,-395.105,2614.36,39.1472,0.447
8240000,32,-375.639,2635.25,35.84,0.469
8260000,32,-377.134,2622.26,31.8015,0.494
8280000,33,-381.588,2621.2,28.8339,0.465
8300000,32,-373.961,2654.19,46.2846,0.5
8320000,28,-327.501,2637.43,20.0991,0.47
8340000,40,-453.075,2676.32,44.1828,0.507
8360000,34,-394.988,2635.96,45.65,0.466
8380000,41,-472.973,2649.4,38.9007,0.501
8400000,40,-457.157,2653.16,46.6418,0.517
8420000,39,-453.19,2664.89,39.2049,0.49
8440000,37,-447.306,2647.38,34.5697,0.492176
8460000,40,-461.317,2652.78,43.6059,0.491
8480000,35,-405.608,2636.54,44.6219,0.497053
8500000,52,-589.094,2691.99,56.8361,0.483
8520000,34,-394.737,2645.49,36.8744,0.50624
8540000,38,-447.608,2662.49,39.8815,0.4744
8560000,38,-448.193,2657.43,40.7164,0.47
8580000,37,-433.253,2666.29,29.8016,0.437167
8600000,36,-436.533,2654.42,52.3953,0.458
8620000,30,-353.606,2636.46,30.5159,0.42
8640000,38,-452.238,2632.94,39.1263,0.479
8660000,26,-310.43,2611.81,28.8076,0.473769
8680000,32,-383.604,2642.72,29.5036,0.482
8700000,34,-401.781,2621.47,34.5586,0.458437
8720000,37,-434.239,2623.94,31.5064,0.498
8740000,34,-406.271,2640.38,34.1767,0.452
8760000,37,-429.874,2669.21,43.0148,0.474
8780000,24,-286.756,2621.47,23.2233,0.456
8800000,23,-274.52,2609.19,28.5594,0.434
8820000,24,-283.818,2609.28,17.9057,0.449
8840000,43,-487.43,2658.69,49.4093,0.4864
8860000,24,-292.682,2608.25,34.33,0.457
8880000,32,-376.155,2642.16,35.6883,0.448
8900000,45,-520.169,2662.27,42.2651,0.481
8920000,44,-510.77,2649.83,38.6338,0.49
8940000,35,-428.108,2634.23,36.4991,0.458
8960000,32,-381.212,2645.43,30.5417,0.423
8980000,34,-396.596,2657.21,51.5257,0.460333
9000000,32,-368.287,2628.16,38.8462,0.4695
9020000,32,-369.46,2641.81,31.1297,0.4982
9040000,32,-374.915,2625.39,30.507,0.485902
9060000,30,-369.23,2627.26,30.9295,0.477
9080000,37,-431.472,2643.46,54.0329,0.488
9100000,34,-399.094,2661.97,36.1747,0.451
9120000,30,-346.226,2622.75,27.0646,0.475
9140000,31,-359.975,2630.51,31.7607,0.435
9160000,29,-340.033,2623.65,35.9157,0.475263
9180000,28,-324.685,2611.55,37.3064,0.449
9200000,27,-328.166,2623.87,22.1288,0.403
9220000,29,-339.064,2601.64,28.392,0.482
9240000,28,-334.217,2622.14,26.561,0.455
9260000,31,-368.643,2614.37,38.9556,0.457
9280000,34,-398.135,2641.79,38.6555,0.464
9300000,38,-438.319,2640.78,41.0122,0.516
9320000,30,-351.745,2605.14,37.1615,0.456
9340000,32,-368.611,2629.76,38.4763,0.468
9360000,39,-450.492,2630.24,42.8182,0.508
9380000,33,-381.546,2626.33,37.3981,0.451
9400000,37,-437.574,2652.12,28.6887,0.486
9420000,33,-382.169,2638.16,36.1164,0.501
9440000,31,-365.107,2636.02,39.7362,0.462
9460000,27,-322.213,2632.84,29.6188,0.43
9480000,24,-289.221,2624.87,29.191,0.432
9500000,33,-395.291,2617.2,33.0359,0.497857
9520000,40,-477.385,2624.12,36.9222,0.45371
9540000,33,-386.134,2626.73,29.5836,0.506
9560000,34,-406.78,2630.06,28.015,0.488
9580000,33,-386.475,2629.28,22.6319,0.475
9600000,25,-305.207,2610.97,30.9177,0.436
9620000,34,-386.707,2635.85,32.3911,0.474
9640000,26,-310.391,2615.92,21.11,0.418
9660000,35,-422.095,2628.43,33.5496,0.489
9680000,26,-311.123,2618.24,35.4191,0.435
9700000,41,-491.765,2668.83,38.1018,0.47775
9720000,41,-480.663,2627.14,40.2706,0.49275
9740000,42,-482.954,2627.62,50.5526,0.519
9760000,27,-316.562,2633.81,30.9843,0.437
9780000,29,-341.323,2618.73,22.0316,0.46
9800000,42,-497.852,2671.45,49.2204,0.488526
9820000,39,-462.493,2659.61,43.6656,0.46
9840000,36,-423.641,2644.14,26.6014,0.482
9860000,31,-364.203,2632.42,31.4922,0.476
9880000,28,-332.631,2614.39,37.7286,0.463
9900000,29,-342.477,2619.84,20.0005,0.476
9920000,39,-449.693,2665.67,33.028,0.48
9940000,35,-411.418,2615.88,34.1009,0.454
9960000,30,-363.19,2649.94,33.7193,0.4938
9980000,29,-348.492,2654.28,36.9395,0.425
10000000,35,-404.792,2644.3,39.1145,0.457
10020000,39,-459.802,2650.97,59.2162,0.487
10040000,32,-376.212,2638.61,40.8124,0.464
10060000,32,-381.593,2637.49,27.8484,0.47
10080000,38,-460.418,2639.92,38.4513,0.513
10100000,32,-370.931,2644.29,26.3044,0.471
10120000,28,-332.026,2616.56,26.7732,0.473
10140000,45,-525.168,2650.09,40.174,0.467333
10160000,30,-350.877,2628.56,29.4847,0.465
10180000,31,-365.424,2617.62,29.5496,0.51
10200000,31,-356.417,2633.84,30.7065,0.484333
10220000,42,-493.083,2647.18,39.0783,0.48852
10240000,37,-428.86,2637.69,36.812,0.4795
10260000,28,-334.477,2612.33,32.2732,0.471
10280000,39,-447.511,2642.54,33.2038,0.516
10300000,32,-373.468,2624.01,35.1306,0.494
10320000,26,-308.112,2609.13,28.0391,0.451667
10340000,28,-325.449,2593.77,30.0225,0.425
10360000,24,-286.256,2586.11,26.5994,0.42
10380000,23,-267.774,2594.38,28.8118,0.456
10400000,29,-333.589,2599.47,28.4647,0.481
10420000,32,-378.898,2632.53,26.2487,0.45
10440000,34,-398.662,2658.03,27.6249,0.451
10460000,29,-341.218,2594.17,33.1015,0.433
10480000,24,-284.287,2607.57,28.6491,0.442
10500000,29,-349.176,2615.47,27.7432,0.471
10520000,32,-371.838,2629.66,31.5395,0.4625
10540000,31,-365.612,2643.84,34.7897,0.48
10560000,40,-482.089,2665.05,49.7238,0.47
10580000,35,-413.211,2606.2,34.003,0.518
10600000,45,-527.336,2654.71,44.2145,0.495333
10620000,41,-483.629,2670.35,38.3279,0.476
10640000,31,-371.556,2636.12,33.3784,0.47
10660000,39,-456.653,2671.09,31.7255,0.468
10680000,35,-412.156,2639.84,35.6496,0.497875
10700000,36,-427.145,2642.81,31.854,0.471
10720000,42,-490.632,2649.19,53.2023,0.505
10740000,34,-396.881,2636,25.5605,0.457
10760000,26,-313.726,2629.53,28.0724,0.440375
10780000,29,-348.499,2640.34,31.781,0.475
10800000,31,-362.547,2639.91,34.1919,0.463
10820000,35,-413.358,2641.8,34.3887,0.482
10840000,30,-361.692,2639.04,30.8494,0.44
10860000,42,-484.504,2661.19,50.613,0.478
10880000,32,-376.949,2651.2,28.076,0.444
10900000,35,-407.188,2642.46,27.9942,0.508
10920000,40,-469.93,2663.81,38.8505,0.49
10940000,35,-410.68,2658.3,47.3109,0.483263
10960000,28,-345.39,2619.74,29.9413,0.44
10980000,36,-422.045,2646,30.6272,0.4695
11000000,36,-421.12,2628.56,40.3361,0.487
11020000,33,-381.987,2635.73,35.312,0.488
11040000,32,-367.693,2624.51,27.9994,0.469
11060000,40,-464.351,2679.12,36.9727,0.486
11080000,32,-377.318,2628.78,36.7049,0.454
11100000,39,-453.632,2641.92,35.5487,0.48
11120000,29,-357.209,2650.56,27.4699,0.4636
11140000,32,-376.638,2632.92,32.3956,0.493625
11160000,34,-395.346,2634.57,40.3404,0.493
11180000,43,-508.342,2621.07,39.9057,0.497
11200000,30,-361.874,2624.51,44.4977,0.453
11220000,30,-354.472,2632.94,29.8693,0.47
11240000,30,-355.151,2617.09,41.6775,0.459
11260000,31,-368.141,2630.27,32.0717,0.459
11280000,30,-354.205,2630.47,33.9509,0.455
11300000,38,-444.518,2633.82,31.8629,0.489
11320000,28,-335.984,2616.91,35.4552,0.447
11340000,33,-396.931,2631.79,33.4835,0.473
11360000,38,-445.997,2634.48,32.1019,0.482
11380000,34,-396.53,2632.1,28.9855,0.509
11400000,39,-454.39,2630.23,41.5655,0.458
11420000,44,-511.518,2637.97,49.7329,0.506917
11440000,32,-372.285,2627.98,33.2259,0.482
11460000,29,-334.345,2643.38,18.0522,0.493
11480000,36,-442.139,2628.76,25.0445,0.465
11500000,28,-341.17,2627.43,27.3843,0.466
11520000,35,-404.831,2626.76,42.0054,0.501
11540000,47,-538.412,2648.08,44.542,0.4956
11560000,36,-425.622,2617.18,45.2684,0.458
11580000,31,-376.539,2642.07,37.1888,0.48284
11600000,35,-425.194,2640.73,28.3762,0.49
11620000,34,-405.361,2623.16,33.5416,0.470333
11640000,35,-409.893,2627.3,38.7221,0.494
11660000,44,-507.725,2659.84,42.5623,0.4835
11680000,29,-345.14,2628.24,33.5474,0.462
11700000,38,-446.896,2663.88,52.6002,0.496
11720000,39,-464.392,2662.1,38.8155,0.45
11740000,28,-343.397,2613.68,18.9998,0.433
11760000,29,-349.455,2615.25,37.8238,0.434
11780000,32,-377.813,2603.35,32.5537,0.475
11800000,36,-420.281,2642.11,35.1994,0.459
11820000,35,-419.361,2631.28,35.1628,0.485
11840000,31,-371.597,2608.86,35.6472,0.47
11860000,35,-420.226,2638.6,37.8777,0.480667
11880000,34,-413.63,2609.09,28.4658,0.436
11900000,30,-354.191,2607.93,32.0661,0.481
11920000,33,-380.55,2623.25,31.4559,0.493889
11940000,33,-386.438,2639.04,44.2981,0.449
11960000,29,-344.947,2639.79,32.0886,0.452
11980000,28,-336.517,2645.22,25.0076,0.440333
12000000,37,-429.264,2645.99,39.9272,0.449226
12020000,34,-400.77,2622.74,27.7648,0.458
12040000,36,-419.256,2625.21,25.8127,0.4538
12060000,31,-369.489,2637.75,24.622,0.446318
12080000,38,-437.097,2633.19,42.3034,0.514
12100000,31,-362.146,2629.24,33.7306,0.477812
12120000,33,-389.747,2625.66,28.9779,0.516
12140000,33,-381.894,2628.95,35.7355,0.461
12160000,36,-413.157,2655.99,41.153,0.49
12180000,35,-411.034,2649.67,39.3697,0.452
12200000,36,-420.428,2634.83,38.2033,0.47
12220000,31,-353.176,2624.95,30.7589,0.447
12240000,29,-346.166,2646.1,28.9488,0.417
12260000,37,-438.75,2646.29,41.917,0.486
12280000,40,-487.303,2639,36.4618,0.467
12300000,39,-447.681,2637.65,51.3945,0.4795
12320000,30,-354.42,2619.26,36.8294,0.493
12340000,34,-400.773,2632.72,32.8703,0.4905
12360000,35,-410.165,2619.88,40.8038,0.466
12380000,32,-368.702,2626.34,29.0237,0.468
12400000,35,-396.564,2629.71,36.7421,0.485
12420000,29,-353.779,2636.78,27.3327,0.442
12440000,28,-324.943,2629.75,27.8332,0.465
12460000,38,-451.06,2649.11,48.2905,0.487
12480000,33,-390.933,2647.41,35.1911,0.467
12500000,32,-386.123,2627.05,26.5117,0.469
12520000,30,-363.933,2638.14,24.7955,0.457
12540000,35,-414.959,2648.94,27.422,0.458
12560000,26,-315.439,2618.23,34.6402,0.466
12580000,32,-376.068,2638.02,29.0136,0.504
12600000,35,-413.739,2654.15,41.4145,0.486
12620000,25,-303.547,2620.72,25.9929,0.452
12640000,33,-380.789,2623.94,31.4117,0.438
12660000,35,-410.244,2666.59,36.1405,0.478
12680000,27,-318.562,2615.65,21.6304,0.429
12700000,29,-350.585,2622.72,27.4382,0.471
12720000,29,-345.428,2633.12,35.9636,0.44
12740000,25,-296.117,2624.33,26.7713,0.4392
12760000,25,-303.298,2625.31,27.0822,0.482
12780000,26,-316.534,2625.3,30.3475,0.438
12800000,26,-306.822,2609.08,40.6082,0.474
12820000,26,-308.194,2609.35,32.3556,0.46
12840000,42,-494.501,2645.5,42.8994,0.511
12860000,29,-341.51,2612.24,30.191,0.471667
12880000,22,-260.24,2615.31,15.0847,0.453
12900000,29,-338.578,2638.75,42.8555,0.448
12920000,31,-369.013,2625.88,26.6921,0.47075
12940000,23,-279.36,2606.33,21.7852,0.424
12960000,29,-340.726,2608.19,29.7383,0.458
12980000,26,-317.38,2618.83,24.9309,0.398
13000000,35,-404.016,2630.34,43.8145,0.49
13020000,26,-305.045,2638.25,32.0162,0.441
13040000,28,-328.498,2630.35,35.5956,0.468
13060000,31,-372.528,2640.95,31.3798,0.469
13080000,33,-397.766,2632.53,35.0927,0.492
13100000,41,-479.511,2630.24,39.6405,0.527
13120000,38,-445.374,2633.44,45.5938,0.481923
13140000,33,-378.299,2641.8,48.1963,0.515
13160000,32,-383.842,2607.83,35.7401,0.4815
13180000,33,-388.795,2608.38,39.767,0.457
13200000,27,-328.058,2617.37,29.7638,0.445286
13220000,32,-382.692,2663.69,38.2166,0.461
13240000,26,-318.976,2637.98,39.4088,0.393
13260000,33,-383.988,2648.18,42.4309,0.461
13280000,35,-424.884,2652.13,39.3057,0.416
13300000,31,-358.292,2634.25,21.8577,0.478
13320000,28,-327.548,2613.46,28.3525,0.4702
13340000,39,-442.988,2651.08,33.2312,0.495
13360000,28,-336.291,2633.61,26.6758,0.409
13380000,28,-335.923,2610.09,28.3668,0.429
13400000,27,-320.038,2616.99,18.4713,0.481
13420000,26,-319.52,2622.39,31.6477,0.425
13440000,27,-318.912,2614.72,27.5755,0.462
13460000,31,-371.219,2619.06,32.5502,0.479
13480000,33,-389.089,2635.35,35.1051,0.479
13500000,35,-413.569,2632.6,40.7683,0.455
13520000,47,-537.95,2672.37,51.4467,0.517
13540000,30,-353.607,2615.02,33.0401,0.489333
13560000,32,-370.511,2624.09,36.8296,0.454667
13580000,39,-462.695,2631.86,44.6976,0.508
13600000,31,-365.607,2624.28,45.5785,0.493444
13620000,33,-388.278,2636.94,34.5353,0.476
13640000,34,-388.575,2634.97,24.8111,0.487
13660000,29,-341.43,2614.56,30.2471,0.452
13680000,35,-415.69,2656.24,28.2734,0.48
13700000,31,-369.23,2628.82,29.6863,0.428
13720000,30,-352.473,2624.34,42.5124,0.455
13740000,27,-319.996,2619.21,22.2264,0.44
13760000,29,-339.595,2632.52,25.4981,0.448
13780000,28,-336.969,2629.21,24.6769,0.445
13800000,28,-332.024,2612.11,26.6027,0.459667
13820000,35,-408.68,2657.26,39.538,0.457
13840000,28,-331.111,2625.77,27.23,0.434
13860000,24,-291.04,2623.07,26.3619,0.4184
13880000,28,-333.28,2629.77,22.5445,0.457
13900000,32,-381.276,2652.43,34.633,0.492
13920000,38,-440.353,2664.18,45.2738,0.491429
13940000,28,-335.882,2609.1,35.9178,0.464
13960000,25,-286.06,2612.96,19.5062,0.4382
13980000,37,-420.834,2618.92,31.0367,0.492066
14000000,26,-311.647,2604.67,34.9201,0.486
14020000,23,-281.886,2612.53,25.7026,0.408
14040000,40,-455.274,2639.4,40.8657,0.493
14060000,39,-462.679,2619.23,39.1678,0.497583
14080000,37,-423.323,2643.92,41.6423,0.472
14100000,27,-317.094,2623.62,21.6494,0.436
14120000,26,-311.074,2624.47,26.8077,0.45
14140000,32,-375.681,2621.36,43.4432,0.455
14160000,27,-312.8,2623.96,30.6908,0.45625
14180000,30,-353.61,2610.9,27.6293,0.47
14200000,28,-336.397,2625.8,25.3453,0.486
14220000,28,-330.142,2638.88,26.9859,0.444
14240000,31,-361.333,2610.4,30.9338,0.463
14260000,28,-336.606,2616.56,25.8598,0.444
14280000,25,-301.53,2626.33,31.9465,0.388
14300000,29,-345.761,2629.43,25.2175,0.446
14320000,32,-380.712,2631.84,42.8387,0.446
14340000,33,-389.477,2616.7,35.4664,0.466
14360000,31,-365.946,2640.63,28.9806,0.470889
14380000,35,-411.58,2656.87,33.2518,0.481
14400000,28,-326.896,2620.18,23.8949,0.492
14420000,29,-341.446,2613.35,25.7079,0.48
14440000,29,-343.699,2622.44,27.2611,0.446
14460000,30,-352.58,2623.24,32.5893,0.4665
14480000,35,-406.878,2642.95,43.7012,0.454
14500000,27,-329.775,2631.48,13.2309,0.440143
14520000,32,-369.381,2641.53,28.9581,0.439
14540000,30,-355.261,2624.29,37.7625,0.461
14560000,34,-402.721,2614.07,33.6967,0.491
14580000,37,-440.219,2641.16,33.6562,0.488556
14600000,27,-311.489,2629.19,36.1493,0.43
14620000,29,-350.372,2611.31,32.8975,0.459389
14640000,33,-390.798,2612.53,21.2214,0.463
14660000,31,-371.234,2634.81,36.3758,0.464429
14680000,31,-373.483,2628.47,30.2378,0.455
14700000,34,-395.694,2627.62,32.2679,0.46
14720000,29,-339.111,2630.98,46.8032,0.49
14740000,32,-381.668,2624.61,29.5967,0.531
14760000,39,-459.998,2641.22,37.6313,0.486
14780000,33,-383.301,2623.08,28.3794,0.52
14800000,29,-354.336,2626.53,38.5335,0.459
14820000,37,-422.528,2605.71,38.4736,0.511
14840000,34,-406.276,2647.85,39.827,0.457
14860000,35,-412.667,2634.45,39.3726,0.499
14880000,47,-551.531,2664.15,47.5764,0.5245
14900000,32,-385.013,2643.42,27.8049,0.487
14920000,28,-336.137,2613.08,33.3442,0.464429
14940000,27,-314.786,2609.88,22.7205,0.453
14960000,27,-314.815,2608.81,26.0303,0.462
14980000,28,-344.224,2638.53,29.9167,0.462
15000000,35,-412.734,2657.69,34.4863,0.500429
15020000,32,-381.12,2625.47,31.7877,0.502
15040000,33,-387.486,2615.19,41.0522,0.474
15060000,29,-339.94,2637.26,30.1516,0.469
15080000,39,-457.473,2641.29,48.7432,0.499
15100000,48,-574.185,2663.87,37.5112,0.522067
15120000,35,-411.434,2636.26,36.3854,0.479
15140000,34,-395.836,2654.04,30.4474,0.472
15160000,40,-474.026,2686.38,50.328,0.486
15180000,41,-482.986,2645.95,46.601,0.515857
15200000,38,-438.41,2665.03,34.6241,0.45
15220000,36,-423.669,2666.09,41.3271,0.46
15240000,36,-422.181,2652.41,28.3141,0.484
15260000,35,-415.863,2650.5,39.265,0.423
15280000,35,-411.368,2650.97,41.9382,0.448
15300000,26,-302.175,2627.77,28.4343,0.461
15320000,29,-343.625,2624.96,30.4733,0.452
15340000,28,-329.84,2620.17,22.2453,0.48
15360000,32,-376.485,2601.62,47.7896,0.466
15380000,41,-476.561,2633.17,44.49,0.477273
15400000,30,-357.466,2639.54,40.0623,0.424
15420000,32,-373.658,2646.08,36.0163,0.469
15440000,35,-416.339,2618.78,25.33,0.460789
15460000,38,-438.246,2645.6,41.703,0.4976
15480000,34,-402.125,2637.78,42.7214,0.482
15500000,46,-540.391,2661.18,57.0032,0.469
15520000,31,-364.841,2628.66,37.9425,0.453
15540000,46,-526.361,2684.37,47.8085,0.512
15560000,29,-344.368,2606.3,21.4015,0.460667
15580000,39,-450.362,2616.92,33.1256,0.481
15600000,33,-384.543,2623.99,30.7911,0.472
15620000,40,-470.361,2626.26,43.8169,0.495
15640000,34,-402.965,2635.62,37.6866,0.482
15660000,27,-321.109,2625.78,33.0757,0.438
15680000,28,-337.265,2618.93,26.1444,0.449
15700000,27,-322.868,2622.54,29.5021,0.409
15720000,26,-304.765,2620.26,34.3737,0.42
15740000,38,-449.615,2661.86,40.4452,0.445
15760000,43,-521.722,2665.84,49.2033,0.494191
15780000,43,-499.73,2649.48,45.2116,0.467143
15800000,28,-329.771,2604.65,23.2142,0.478
15820000,40,-467.209,2641.74,27.5075,0.4755
15840000,33,-387.039,2631.95,46.105,0.4835
15860000,40,-469.021,2661.19,40.4536,0.4785
15880000,26,-315.588,2611.29,32.1662,0.456
15900000,31,-376.458,2630.53,34.6446,0.449
15920000,31,-374.334,2619.21,35.674,0.472
15940000,26,-308.357,2625.01,17.8333,0.463875
15960000,28,-341.287,2627.71,32.0414,0.450667
15980000,26,-308.92,2624.18,32.1402,0.464
16000000,29,-347.503,2615.56,18.3134,0.446
16020000,27,-319.254,2611.62,32.6212,0.463
16040000,28,-325.07,2630.59,32.3705,0.47
16060000,35,-409.285,2639.4,36.8183,0.456
16080000,35,-420.028,2612.69,35.2898,0.473
16100000,29,-350.719,2616.62,31.9554,0.453
16120000,31,-369.225,2643.8,25.9085,0.463
16140000,29,-354.623,2615.91,27.1801,0.463
16160000,31,-369.316,2603.89,36.5538,0.48525
16180000,28,-327.366,2631.07,36.8346,0.457
16200000,27,-320.736,2624.64,28.1932,0.447
16220000,33,-391.092,2621.47,33.1723,0.443
16240000,31,-359.342,2640.01,29.889,0.476
16260000,33,-392.632,2639.92,29.2099,0.492455
16280000,29,-339.836,2626.91,33.8439,0.432
16300000,38,-448.253,2622.6,38.7749,0.482
16320000,33,-387.794,2645.63,24.3064,0.455
16340000,43,-501.748,2661.81,50.0694,0.527
16360000,35,-400.718,2636.94,34.0239,0.4515
16380000,35,-405.115,2622.34,36.8722,0.477
16400000,26,-309.494,2629.39,32.3606,0.411
16420000,34,-414.733,2647.43,27.4188,0.49
16440000,27,-325.695,2633.1,22.8266,0.414
16460000,30,-359.532,2625.84,38.7532,0.428
16480000,39,-457.405,2653.23,34.8287,0.472
16500000,29,-341.01,2642.13,46.5007,0.483
16520000,28,-333.397,2632.42,27.7412,0.433
16540000,31,-365.004,2625.69,27.7721,0.426
16560000,34,-396.372,2635.2,41.9831,0.466
16580000,40,-475.228,2647.63,44.6206,0.502
16600000,29,-345.551,2629.45,31.1226,0.458
16620000,29,-343.02,2631.16,26.0886,0.493
16640000,31,-363.972,2640.33,30.8037,0.4645
16660000,31,-368.558,2627.06,37.8474,0.475
16680000,31,-359.473,2627.91,29.2167,0.462
16700000,30,-347.583,2611.55,31.275,0.486
16720000,27,-319.925,2624.07,27.5242,0.46
16740000,36,-421.939,2629.27,30.1211,0.482
16760000,31,-360.493,2635.35,36.3214,0.428
16780000,30,-353.806,2639.86,30.0498,0.501
16800000,33,-382.346,2641.77,48.9019,0.456
16820000,38,-433.998,2625.9,31.1274,0.501
16840000,28,-324.461,2617,28.1497,0.458
16860000,44,-499.359,2679.56,33.6003,0.503444
16880000,30,-352.557,2629.36,30.2448,0.468667
16900000,30,-354.317,2622.04,30.6582,0.46075
16920000,29,-337.709,2639.13,34.7745,0.482
16940000,27,-316.107,2629.02,14.4404,0.448385
16960000,30,-354.96,2628.47,28.8407,0.471
16980000,33,-386.842,2640.82,32.7185,0.4605
17000000,32,-370.226,2618.99,31.049,0.467
17020000,30,-347.621,2610.74,24.7056,0.446
17040000,42,-488.826,2662.86,28.9807,0.476
17060000,46,-542.284,2665.03,54.951,0.508
17080000,27,-318.76,2614.48,41.7151,0.442
17100000,34,-389.455,2613.92,43.1197,0.499
17120000,34,-400.891,2652.02,29.3519,0.441
17140000,30,-353.048,2646.16,33.4074,0.464
17160000,36,-412.657,2640.39,43.5184,0.526
17180000,38,-439.853,2635.87,31.6142,0.469
17200000,35,-407.157,2629.9,37.8785,0.484
17220000,28,-329.569,2606.76,32.9493,0.456
17240000,37,-432.869,2634.12,41.0369,0.466857
17260000,30,-355.66,2609.78,38.6331,0.432
17280000,33,-387.439,2605.92,25.5303,0.5
17300000,39,-459.081,2630.52,44.1742,0.491857
17320000,43,-505.179,2627.37,46.6189,0.487667
17340000,41,-467.78,2649.92,53.2781,0.484842
17360000,33,-390.134,2634.32,45.5519,0.477
17380000,34,-402.932,2669.25,32.8467,0.474
17400000,32,-373.328,2611.62,30.3367,0.459
17420000,39,-441.844,2654.49,35.6113,0.5
17440000,44,-507.608,2651.33,42.3113,0.513
17460000,41,-484.072,2656.06,29.083,0.476
17480000,36,-416.338,2641.72,33.1018,0.482
17500000,28,-327.643,2619.06,28.865,0.463
17520000,36,-407.886,2625.99,36.7761,0.508
17540000,40,-471.751,2650.52,31.8961,0.462
17560000,33,-389.449,2645.5,35.4056,0.446
17580000,36,-423.371,2646.16,28.495,0.491
17600000,40,-466.99,2657.8,33.0909,0.476
17620000,40,-457.686,2680.04,40.3966,0.49616
17640000,32,-368.47,2627.97,29.8249,0.456
17660000,26,-315.012,2635.64,29.1232,0.432
17680000,35,-408.561,2622.59,36.636,0.463
17700000,30,-358.676,2621.01,19.1673,0.454
17720000,34,-402.772,2638.78,26.141,0.475
17740000,33,-389.772,2626.44,41.5988,0.446
17760000,37,-428.7,2649.41,38.5575,0.462
17780000,43,-505.994,2661.49,36.3448,0.47
17800000,42,-484.491,2665.84,39.9881,0.5052
17820000,43,-502.518,2656.29,43.0348,0.471
17840000,46,-540.806,2662.97,58.1287,0.495167
17860000,37,-440.609,2647.63,30.6231,0.479
17880000,41,-469.478,2669.94,35.0323,0.472
17900000,38,-435.234,2655.52,36.3125,0.456
17920000,29,-342.26,2627.6,33.7306,0.434
17940000,31,-364.55,2636.61,29.7039,0.458867
17960000,42,-496.648,2666.24,47.5686,0.516
17980000,41,-468.837,2664.92,43.8149,0.465
18000000,40,-457.34,2675.95,41.822,0.485
18020000,26,-310.338,2629.3,27.4433,0.436
18040000,26,-311.938,2625.4,23.1696,0.398
18060000,31,-370.582,2635.81,26.2104,0.451
18080000,42,-476.228,2657.02,54.3406,0.516
18100000,46,-524.137,2654.4,49.0496,0.4964
18120000,33,-378.482,2654.42,37.0288,0.499
18140000,37,-422.451,2652.24,44.3872,0.466
18160000,40,-474.544,2673,35.9147,0.485
18180000,42,-491.44,2653.8,36.8799,0.469
18200000,43,-499.427,2645.37,40.2483,0.482
18220000,34,-396.918,2658.19,33.6115,0.473
18240000,31,-367.259,2653.17,30.8906,0.447
18260000,30,-356.987,2659.12,36.5447,0.429
18280000,33,-390.528,2651.54,30.3582,0.451
18300000,37,-427.41,2638.83,29.1479,0.485
18320000,33,-384.487,2639.19,40.8292,0.498714
18340000,31,-381.242,2628.06,29.7578,0.448
18360000,31,-364.894,2646.45,44.8237,0.48
18380000,36,-416.187,2662.5,44.6573,0.486
18400000,38,-443.041,2648.11,48.1506,0.465
18420000,33,-395.996,2648.15,36.7182,0.447
18440000,35,-423.772,2633.88,33.3262,0.493
18460000,36,-427.431,2641.09,32.6805,0.44825
18480000,35,-411.091,2651.65,29.1266,0.437
18500000,32,-376.176,2653.69,25.7911,0.456
18520000,35,-423.083,2646.25,34.4478,0.457
18540000,33,-398.026,2645.36,26.5719,0.482
18560000,38,-445.143,2697.55,36.2444,0.500013
18580000,36,-427.472,2662.8,28.3005,0.476
18600000,46,-542.056,2678.98,54.2853,0.484
18620000,43,-502.489,2666.6,40.0816,0.5054
18640000,28,-339.388,2601.43,36.5431,0.423
18660000,27,-322.328,2602.39,22.7583,0.39
18680000,37,-430.583,2646.95,41.4857,0.5
18700000,45,-516.555,2632.63,42.1879,0.516
18720000,26,-310.321,2616.84,24.7916,0.406
18740000,48,-563.956,2673.72,43.5101,0.516268
18760000,34,-394.046,2632.98,27.9128,0.45
18780000,33,-396.082,2650.56,38.6789,0.48
18800000,41,-465.445,2664.63,39.6654,0.459
18820000,31,-363.384,2610.26,42.8101,0.445
18840000,32,-372.287,2620.73,34.1576,0.457
18860000,57,-661.731,2687.22,56.6912,0.498314
18880000,35,-410.048,2664.62,35.4734,0.476417
18900000,32,-381.833,2615.41,25.8884,0.4435
18920000,42,-493.721,2645.47,38.8711,0.513
18940000,27,-316.052,2620.23,23.3501,0.433
18960000,29,-340.748,2619.05,27.5801,0.441
18980000,34,-407.263,2643.94,31.6378,0.468455
19000000,29,-339.977,2621.12,30.0113,0.458
19020000,31,-359.158,2598.05,27.3845,0.484
19040000,24,-282.934,2599.16,30.5742,0.423
19060000,41,-484.438,2649.5,46.8238,0.492
19080000,29,-347.451,2612.1,39.4063,0.438
19100000,35,-421.378,2642.54,40.4213,0.463
19120000,43,-494.859,2660.98,41.7113,0.501
19140000,39,-453.63,2665.45,46.4349,0.507
19160000,46,-530.443,2681.84,25.4736,0.489828
19180000,28,-328.703,2614.17,25.0968,0.464
19200000,47,-544.846,2679.95,37.6494,0.493
19220000,30,-354.832,2609.06,29.9328,0.444
19240000,31,-367.958,2624.27,33.5291,0.466
19260000,39,-451.086,2627.71,40.9884,0.4802
19280000,28,-325.661,2604.32,35.3449,0.462
19300000,39,-459.085,2641.46,33.3389,0.518333
19320000,31,-370.981,2651.78,45.0289,0.476
19340000,35,-403.304,2653.38,37.5976,0.48
19360000,30,-351.285,2633.38,26.4852,0.429
19380000,26,-307.323,2613.08,25.9996,0.461
19400000,37,-434.315,2612.85,35.9393,0.50725
19420000,36,-409.157,2631.49,29.1628,0.4996
19440000,32,-377.013,2635.39,29.7631,0.51
19460000,35,-416.745,2619.95,33.4025,0.497
19480000,38,-440.045,2636.47,34.9964,0.464
19500000,43,-500.482,2686.17,36.5544,0.457
19520000,34,-407.799,2633.75,47.8036,0.492
19540000,36,-431.325,2641.46,31.9714,0.466
19560000,27,-329.109,2609.8,23.6342,0.434
19580000,31,-371.749,2645.6,36.2138,0.406
19600000,31,-364.052,2610.32,31.0455,0.502
19620000,36,-425.666,2669.75,41.1019,0.463
19640000,33,-386.451,2622.8,39.8248,0.459
19660000,41,-484.438,2661.92,40.5649,0.485
19680000,27,-317.054,2613.68,30.4701,0.458
19700000,32,-375.58,2641.28,35.3618,0.437
19720000,27,-314.351,2609.8,29.6914,0.466
19740000,31,-372.104,2631.41,33.3559,0.487818
19760000,28,-343.582,2605.07,25.7988,0.494
19780000,27,-325.545,2610.56,25.4207,0.482
19800000,28,-331.912,2591.07,23.1569,0.4535
19820000,29,-347.959,2648.43,32.2388,0.457
19840000,29,-343.639,2593.49,31.4722,0.466
19860000,30,-352.875,2642.43,30.7224,0.413
19880000,26,-307.724,2613.07,25.0889,0.461
19900000,36,-417.466,2636.41,45.8072,0.516
19920000,32,-376.643,2619.59,26.9388,0.485
19940000,26,-316.408,2625.7,23.5683,0.455
19960000,30,-351.508,2620.76,30.2871,0.501
19980000,30,-347.981,2613.93,20.7893,0.477
20000000,25,-295.265,2614.37,27.3879,0.448
20020000,35,-422.216,2635.87,42.0337,0.472
20040000,36,-440.964,2637.63,45.1238,0.499
20060000,34,-405.152,2652.4,38.5296,0.461
20080000,48,-552.683,2667.2,50.3945,0.492533
20100000,31,-370.572,2619.75,28.8899,0.491
20120000,27,-324.079,2613.88,22.2216,0.449
20140000,33,-384.048,2642.87,33.7358,0.451
20160000,27,-326.485,2618.15,21.9597,0.456
20180000,27,-316.632,2619,26.9541,0.456
20200000,26,-307.164,2614.6,27.2174,0.437
20220000,41,-472.675,2633.69,30.6452,0.513
20240000,28,-334.789,2619.62,27.8451,0.444
20260000,28,-336.117,2610.17,26.3494,0.435
20280000,27,-324.727,2622.97,32.0605,0.444
20300000,32,-374.973,2586.28,31.9573,0.485389
20320000,32,-375.825,2608.6,32.8291,0.446
20340000,29,-345.716,2616.16,29.9749,0.439
20360000,24,-289.162,2604.37,18.3119,0.44
20380000,29,-345.472,2593.63,42.4562,0.484
20400000,36,-416.529,2651.01,34.9292,0.48
20420000,43,-495.547,2657.53,46.9127,0.507
20440000,28,-338.342,2610.52,23.3348,0.453955
20460000,30,-353.322,2665.17,22.0662,0.4705
20480000,34,-414.691,2616.29,30.0348,0.475
20500000,31,-371.353,2616.25,22.8014,0.432
20520000,28,-331.518,2635.23,29.1641,0.468
20540000,38,-450.098,2635.61,52.5688,0.509
20560000,32,-381.359,2623.73,29.1427,0.465
20580000,30,-353.955,2629.42,25.8379,0.441
20600000,27,-320.806,2610.13,20.3758,0.469125
20620000,24,-284.723,2612.58,30.4461,0.443
20640000,42,-490.487,2660.39,52.5852,0.47
20660000,25,-302.141,2607.28,22.8295,0.445429
20680000,22,-261.296,2612.78,24.1218,0.448
20700000,46,-538.296,2661.44,41.2149,0.512
20720000,33,-393.216,2607.94,37.364,0.5
20740000,29,-347.223,2627.96,31.1915,0.462
20760000,33,-390.966,2626.83,52.1709,0.442
20780000,28,-330.005,2622.81,30.5718,0.435
20800000,36,-423.925,2635.64,42.816,0.5
20820000,29,-353.688,2623.77,30.4194,0.43
20840000,25,-311.999,2631.22,21.7716,0.446222
20860000,24,-285.39,2613.01,26.3927,0.438
20880000,27,-328.905,2620.81,22.4612,0.446
20900000,36,-407.732,2611.68,39.8528,0.5
20920000,30,-349.269,2605.2,40.6582,0.4935
20940000,38,-447.312,2664.39,24.62,0.458
20960000,40,-483.986,2660.53,33.0854,0.503154
20980000,30,-351.595,2624.28,37.1919,0.476
21000000,35,-409.143,2648.03,36.3612,0.529
21020000,33,-386.852,2617.3,25.8584,0.482
21040000,30,-357.137,2600.84,33.3622,0.473
21060000,32,-383.588,2625.55,30.1736,0.452
21080000,32,-380.605,2635.74,28.6067,0.49
21100000,33,-384.326,2626.91,36.8586,0.513
21120000,29,-345.04,2608.72,32.2079,0.473
21140000,40,-458.261,2611.42,45.2783,0.501
21160000,29,-344.461,2611.89,35.1744,0.451
21180000,32,-377.104,2623.15,25.9078,0.485
21200000,31,-362.523,2626.7,39.4401,0.463
21220000,33,-390.622,2650.99,33.1712,0.47225
21240000,34,-397.443,2615.46,38.9937,0.487
21260000,25,-301.083,2614.62,21.2325,0.44
21280000,30,-353.241,2621.05,48.5512,0.469
21300000,37,-427.992,2669.57,36.5286,0.48
21320000,36,-435.699,2644.34,38.2608,0.475179
21340000,31,-367.604,2642.74,29.7227,0.473
21360000,34,-403.986,2625.26,36.954,0.498
21380000,29,-351.049,2637.14,26.9163,0.401
21400000,26,-313.387,2618.57,29.2555,0.435
21420000,31,-370.543,2623.86,39.9615,0.456
21440000,41,-478.915,2665.54,38.8874,0.4794
21460000,39,-455.346,2665.81,34.6848,0.488
21480000,39,-463.163,2675.56,36.788,0.502
21500000,42,-496.554,2662.12,53.7872,0.454
21520000,29,-341.467,2648.9,44.2217,0.419
21540000,37,-440.234,2645.72,41.4677,0.471
21560000,32,-373.505,2623.06,41.8363,0.457
21580000,30,-354.429,2638.08,32.8938,0.455
21600000,33,-388.197,2629.07,29.7038,0.476
21620000,38,-439.029,2628.8,34.2723,0.503
21640000,46,-545.13,2686.72,45.3134,0.4805
21660000,36,-426.807,2646.45,33.7938,0.46
21680000,32,-373.528,2629.65,41.7796,0.489
21700000,32,-374.365,2628.39,30.7965,0.505
21720000,50,-589.245,2681.58,48.8489,0.505539
21740000,28,-334.111,2645.86,32.9832,0.436
21760000,31,-357.998,2631.93,31.4613,0.429
21780000,45,-533.36,2699.89,53.2137,0.469
21800000,29,-348.463,2632.47,35.958,0.448
21820000,35,-408.118,2627.72,23.8002,0.472
21840000,41,-483.485,2628.1,56.9757,0.503
21860000,30,-362.226,2631.56,25.332,0.448
21880000,43,-505.299,2671.15,44.2789,0.508
21900000,27,-326.792,2638.32,35.4606,0.413
21920000,39,-459.713,2645.04,49.209,0.494
21940000,29,-339.6,2635.54,27.1831,0.455
21960000,34,-407.121,2627.67,38.8309,0.477
21980000,36,-415.652,2648.75,29.9995,0.464
22000000,29,-352.282,2623.42,42.4623,0.44
22020000,34,-399.918,2631.77,25.1339,0.481
22040000,28,-332.238,2611.31,22.266,0.466
22060000,37,-437.608,2670.31,32.7049,0.472
22080000,32,-374.643,2623.31,32.9646,0.463286
22100000,26,-308.084,2627.93,37.9551,0.450429
22120000,35,-414.105,2629.59,43.0207,0.478
22140000,46,-517.809,2663.18,41.7664,0.542
22160000,36,-410.629,2667.26,35.6005,0.493
22180000,28,-337.874,2636.31,32.3974,0.403
22200000,35,-411.114,2641.15,41.4843,0.461
22220000,41,-481.324,2660.17,47.7433,0.532
22240000,36,-411.797,2648.55,47.4901,0.486
22260000,37,-441.007,2651.58,35.9996,0.483
22280000,35,-403.624,2630.53,35.0266,0.487586
22300000,29,-336.303,2633.59,30.4483,0.434
22320000,34,-395.44,2631.94,35.0918,0.439
22340000,30,-348.687,2639.92,32.1214,0.491
22360000,39,-457.505,2643.51,32.6472,0.465
22380000,31,-374.81,2627.75,31.7903,0.473
22400000,28,-323.668,2611.89,32.2288,0.486
22420000,32,-368.565,2620.5,25.3883,0.492
22440000,30,-358.671,2632.07,34.1276,0.446
22460000,38,-448.185,2676.38,40.8948,0.498
22480000,43,-496.119,2671.32,42.4903,0.509
22500000,35,-405.894,2667.17,39.38,0.461
22520000,34,-398.628,2625.16,36.3058,0.485
22540000,34,-384.066,2633.81,30.7287,0.495
22560000,33,-387.751,2645.92,52.6419,0.444
22580000,36,-420.004,2615.81,33.1362,0.48
22600000,27,-315.276,2610.09,28.4024,0.431
22620000,31,-384.519,2609.37,21.9017,0.448
22640000,41,-481.005,2680,34.5393,0.457
22660000,26,-307.745,2619.74,24.0588,0.436
22680000,42,-491.145,2684.84,46.1427,0.518
22700000,51,-593.307,2693.84,55.0741,0.516288
22720000,27,-324.764,2641.34,23.9849,0.43
22740000,32,-375.344,2644.57,35.8029,0.459
22760000,36,-414.585,2637.96,33.2428,0.471
22780000,32,-382.579,2615.93,30.2341,0.44
22800000,28,-339.956,2616.73,27.7878,0.471
22820000,36,-428.391,2638.13,40.1621,0.534
22840000,32,-385.828,2638.54,36.0669,0.419
22860000,50,-569.091,2722.82,38.9939,0.535
22880000,36,-420.017,2656.93,34.3586,0.47975
22900000,37,-436.58,2621.67,41.1132,0.485
22920000,38,-429.839,2650.99,40.1616,0.516
22940000,38,-451.538,2641.74,37.5936,0.498
22960000,53,-631.863,2684.44,45.3557,0.51704
22980000,30,-362.605,2616.01,31.5032,0.465
23000000,27,-335.021,2631.31,17.3657,0.437
23020000,26,-325.591,2625.87,22.3144,0.436
23040000,25,-306.088,2617.99,22.2721,0.447
23060000,26,-320.92,2613.63,20.7244,0.432
23080000,34,-406.284,2623.49,32.9155,0.444
23100000,28,-338.342,2620.87,24.7773,0.433
23120000,33,-390.826,2655.94,37.6834,0.447
23140000,47,-532.079,2663.8,41.1812,0.485
23160000,32,-382.582,2623.73,42.5563,0.45575
23180000,33,-390.434,2628.27,38.9061,0.451
23200000,28,-334.05,2638.98,29.4894,0.44
23220000,33,-381.754,2655.79,29.4995,0.468
23240000,38,-469.843,2628.53,32.9253,0.501
23260000,28,-335.431,2644.02,32.5984,0.4625
23280000,26,-309.778,2622.93,32.8874,0.386
23300000,30,-352.763,2638.26,33.4258,0.437
23320000,32,-373.364,2645.28,37.7245,0.444
23340000,24,-286.259,2605.5,39.9674,0.43
23360000,21,-255.435,2606.66,19.7299,0.403
23380000,35,-416.746,2654.14,34.9548,0.458
23400000,30,-369.42,2600.49,25.6592,0.451
23420000,39,-466.302,2687.89,43.3713,0.445
23440000,37,-417.252,2658.56,38.5878,0.456
23460000,33,-387.969,2622.43,25.9484,0.486
23480000,40,-458.412,2639.82,35.8189,0.509
23500000,31,-365.13,2607.71,35.643,0.472
23520000,39,-460.178,2654.77,40.8593,0.504
23540000,36,-411.929,2620.79,23.206,0.51
23560000,32,-376.816,2615.76,40.3833,0.477
23580000,38,-444.482,2622.2,42.5715,0.48
23600000,32,-370.823,2615.21,34.7026,0.477
23620000,28,-330.978,2626.6,29.4653,0.43125
23640000,28,-334.993,2614.37,27.229,0.4475
23660000,35,-405.265,2639.39,36.4557,0.472
23680000,38,-445.097,2653.13,37.0236,0.464
23700000,32,-375.474,2631.84,35.9015,0.47
23720000,28,-335.053,2609.08,22.497,0.46
23740000,40,-471.943,2618.68,30.9398,0.470938
23760000,31,-357.56,2638.32,27.6441,0.441
23780000,28,-337.379,2628.36,26.9701,0.459
23800000,35,-409.715,2629.88,36.409,0.487
23820000,30,-349.294,2642.29,41.6842,0.48
23840000,33,-379.541,2624.48,42.0038,0.4715
23860000,37,-445.568,2653.04,41.4022,0.461375
23880000,31,-358.453,2618.17,24.7572,0.467
23900000,27,-314.483,2619.91,24.4104,0.435
23920000,32,-370.597,2610.86,30.1333,0.458437
23940000,31,-368.747,2632.46,34.6009,0.493
23960000,34,-398.596,2611.24,34.5616,0.538
23980000,35,-408.686,2642.56,40.8706,0.459
24000000,32,-377.101,2629.49,26.5077,0.4694
24020000,36,-428.052,2658.26,41.1078,0.441
24040000,31,-354.356,2632.69,33.8626,0.4782
24060000,34,-393.659,2640.01,25.1257,0.451
24080000,34,-392.414,2644.71,38.5525,0.49
24100000,30,-359.578,2644.25,23.5302,0.474667
24120000,33,-390.051,2656.98,33.0749,0.471
24140000,35,-400.665,2631.12,28.7881,0.471
24160000,32,-384.572,2606.81,39.6563,0.451
24180000,35,-419.819,2634.33,32.4497,0.525
24200000,46,-532.094,2642.45,54.5114,0.463714
24220000,39,-461.389,2654.94,31.6699,0.468
24240000,41,-491.095,2671.93,32.5636,0.495
24260000,34,-402.949,2654.92,40.5866,0.449
24280000,38,-443.399,2637.34,29.3814,0.503
24300000,37,-453.16,2662.35,34.3123,0.43
24320000,29,-342.119,2608.72,20.8436,0.512
24340000,42,-493.04,2674.37,39.6389,0.437
24360000,24,-288.315,2612.67,19.4883,0.402
24380000,33,-388.119,2612.83,25.7583,0.484
24400000,30,-345.396,2620.57,29.7346,0.471
24420000,29,-342.461,2641.86,36.1464,0.451
24440000,31,-373.718,2631.27,24.3678,0.451
24460000,33,-396.221,2641.72,40.1833,0.444
24480000,36,-428.726,2634.73,39.2539,0.459
24500000,28,-342.23,2622.93,34.2966,0.459
24520000,31,-369.347,2606.8,26.0597,0.477
24540000,27,-312.016,2583.59,24.0274,0.478
24560000,33,-393.957,2658.35,27.2348,0.425429
24580000,22,-261.121,2607.08,17.6771,0.404
24600000,34,-405.079,2659.05,30.6246,0.457
24620000,36,-417.496,2644.19,35.2957,0.47
24640000,38,-456.062,2663.57,36.3221,0.478
24660000,32,-361.478,2617.57,24.2001,0.494
24680000,26,-314.593,2642.32,24.9344,0.408
24700000,31,-373.189,2619.13,42.5036,0.445
24720000,29,-350.813,2645.41,35.5902,0.433
24740000,30,-361.267,2645.67,32.811,0.424
24760000,38,-452.06,2654.67,34.7352,0.46
24780000,40,-454.046,2646.41,45.8066,0.516
24800000,42,-490.273,2642.47,36.9734,0.477
24820000,30,-351.774,2632.16,30.5661,0.437
24840000,30,-361.247,2650.17,28.3849,0.422
24860000,33,-390.876,2646.83,30.0574,0.462
24880000,34,-404.57,2613.61,33.4243,0.466
24900000,29,-341.236,2602.37,33.031,0.467
24920000,33,-384.895,2631.92,33.3141,0.482
24940000,32,-373.365,2613.49,31.5595,0.479
24960000,33,-400.299,2634.01,42.0828,0.474
24980000,32,-378.642,2642.05,30.7461,0.457
25000000,48,-554.41,2699.67,43.3447,0.483393
25020000,42,-493.207,2644.12,44.7351,0.477
25040000,39,-453.954,2669.55,46.1426,0.494
25060000,30,-355.869,2609.8,26.7198,0.457
25080000,40,-480.851,2671.73,32.9147,0.473
25100000,34,-401.485,2633.44,38.1478,0.464
25120000,37,-433.574,2647.47,37.7821,0.502
25140000,48,-557.128,2672.35,58.5891,0.47
25160000,39,-450.446,2641.53,38.0772,0.5005
25180000,38,-432.692,2655.79,32.8079,0.459
25200000,35,-420.702,2622.08,35.8398,0.479818
25220000,38,-431.633,2639,42.3355,0.511
25240000,30,-353.881,2611.36,31.716,0.507
25260000,40,-469.345,2668.08,36.2853,0.485545
25280000,29,-334.848,2613.56,35.2589,0.459
25300000,40,-461.457,2662.75,39.4939,0.498
25320000,27,-314.075,2630.47,25.3289,0.466
25340000,34,-400.581,2642.08,28.7879,0.483
25360000,35,-402.211,2623.3,27.4171,0.5
25380000,34,-394.767,2613.39,39.4414,0.502571
25400000,29,-341.171,2630.04,35.6144,0.499
25420000,29,-348.124,2634.46,26.5545,0.441
25440000,37,-435.241,2642.08,43.5486,0.477
25460000,40,-451.48,2659.27,43.136,0.468
25480000,31,-347.688,2614.2,41.6074,0.497
25500000,34,-408.285,2621.98,49.2283,0.446
25520000,37,-419.423,2641.21,35.0917,0.512
25540000,34,-388.444,2630.51,40.6433,0.488364
25560000,36,-408.209,2643.53,48.9029,0.509
25580000,31,-356.797,2648.35,34.2543,0.472
25600000,39,-435.833,2616.52,36.1042,0.514
25620000,40,-468.495,2644.92,34.4877,0.425
25640000,40,-462.52,2662.34,39.3459,0.504
25660000,43,-509.77,2675.39,48.3735,0.503
25680000,37,-425.993,2631.95,40.7215,0.487
25700000,40,-461.561,2629.36,35.3987,0.514
25720000,39,-464.918,2650.58,32.3652,0.455
25740000,35,-404.126,2658.94,23.0243,0.443
25760000,35,-402.063,2647.9,30.2975,0.472
25780000,40,-461.857,2639.52,50.1116,0.492
25800000,42,-480.557,2656.37,41.5502,0.505
25820000,33,-387.217,2641.88,43.9223,0.444
25840000,31,-366.644,2642.03,35.5043,0.463
25860000,37,-429.582,2653.35,28.5291,0.458
25880000,36,-434.082,2652.08,30.4617,0.451
25900000,40,-474.278,2652.62,44.7818,0.473538
25920000,32,-373.272,2624.48,49.3989,0.471588
25940000,30,-362.734,2650.03,26.7795,0.449
25960000,31,-366.193,2652.49,27.5259,0.455
25980000,32,-374.971,2666.59,40.391,0.474692
26000000,32,-374.099,2626.45,28.0047,0.454
26020000,41,-480.391,2676.88,45.2232,0.499397
26040000,37,-448.352,2673.5,30.7099,0.459
26060000,37,-429.614,2644.59,35.9213,0.498
26080000,35,-413.171,2642.46,31.2456,0.493
26100000,34,-396.914,2655.96,34.3616,0.480429
26120000,38,-447.393,2636.54,45.3537,0.4685
26140000,37,-427.782,2638.15,35.0768,0.486421
26160000,38,-436.804,2633.39,29.6179,0.496278
26180000,32,-367.292,2650.4,28.3768,0.45
26200000,29,-348.98,2635.27,27.3382,0.474
26220000,29,-343.328,2641.82,28.8976,0.462
26240000,29,-355.796,2638.07,27.5442,0.4365
26260000,28,-321.901,2642.85,25.0176,0.444
26280000,27,-320.247,2637.3,27.5018,0.473
26300000,42,-490.199,2645.45,39.1079,0.508
26320000,30,-359.255,2630.79,32.6865,0.447
26340000,42,-488.648,2688.95,42.4315,0.454
26360000,43,-503.865,2660.65,34.8738,0.497353
26380000,43,-507.072,2687.39,39.4309,0.493
26400000,37,-431.334,2637.08,51.5576,0.4794
26420000,37,-431.202,2646.36,41.7153,0.508
26440000,32,-381.119,2632.34,31.8256,0.509
26460000,31,-368.702,2612.72,32.1182,0.504
26480000,28,-328.156,2619.26,35.9883,0.476
26500000,33,-377.804,2644.81,29.3558,0.483
26520000,37,-424.214,2628.1,31.369,0.485263
26540000,41,-476.141,2640.53,38.2435,0.516
26560000,43,-498.033,2658.63,46.1979,0.498
26580000,40,-465.687,2631.36,44.0651,0.513
26600000,30,-365.72,2638.14,31.3219,0.49
26620000,41,-478.838,2662.58,37.3622,0.47975
26640000,28,-341.045,2627.37,25.2186,0.433
26660000,41,-492.471,2627.55,40.1357,0.4895
26680000,37,-437.244,2648.25,33.9135,0.45875
26700000,31,-373.636,2642.47,37.7802,0.457
26720000,38,-451.851,2635.25,38.8526,0.478
26740000,33,-389.025,2642.96,29.5588,0.444
26760000,27,-322.457,2632.15,14.9969,0.439
26780000,41,-486.747,2664.4,31.536,0.459
26800000,39,-463.602,2634.84,35.1101,0.480143
26820000,34,-405.676,2627.21,40.4621,0.459
26840000,37,-435.24,2651.23,38.1492,0.453
26860000,37,-420.75,2635.87,23.5002,0.496
26880000,27,-326.254,2613.5,27.9105,0.413
26900000,31,-359.95,2634.08,30.1856,0.46
26920000,38,-431.416,2654.69,36.4079,0.497
26940000,31,-376.817,2626.87,27.7232,0.461
26960000,27,-326.363,2621.13,22.2462,0.412
26980000,30,-367.637,2603.12,43.2708,0.4655
27000000,30,-365.447,2616.04,30.7591,0.4415
27020000,29,-350.311,2630.24,32.3192,0.454375
27040000,28,-339.993,2626.95,32.2215,0.471842
27060000,37,-435.174,2638.45,35.3549,0.461
27080000,40,-462.195,2635.28,54.2184,0.499
27100000,30,-352.598,2629.71,34.3715,0.492
27120000,37,-428.286,2614.69,32.0006,0.516
27140000,42,-499.934,2627.4,34.932,0.489667
27160000,36,-414.923,2626.25,39.8768,0.486
27180000,40,-469.619,2619.92,37.6334,0.484
27200000,29,-346.098,2638.63,42.7181,0.446
27220000,28,-328.786,2626.07,37.1443,0.431
27240000,42,-487.54,2638.2,42.1866,0.468
27260000,42,-492.196,2655.9,50.2423,0.470583
27280000,32,-382.951,2616.61,28.2823,0.45
27300000,35,-414.264,2631.84,35.0646,0.458
27320000,39,-457.944,2634.32,49.1447,0.484
27340000,37,-426.167,2608.93,39.2406,0.496
27360000,30,-356.022,2610.84,36.1133,0.477
27380000,37,-432.623,2621.99,42.0587,0.486
27400000,37,-429.327,2615.96,34.9154,0.466
27420000,39,-456.851,2669.16,41.5562,0.477071
27440000,32,-378.405,2625.63,30.9996,0.411
27460000,40,-475.798,2656.22,40.2038,0.476303
27480000,29,-355.308,2628.48,27.1897,0.453
27500000,25,-313.475,2636.43,28.7227,0.409
27520000,31,-370.965,2635.83,36.1289,0.455
27540000,38,-454.697,2626.91,48.5528,0.488
27560000,29,-361.106,2638.74,29.4858,0.425
27580000,28,-332.75,2636.2,26.3692,0.472
27600000,35,-399.599,2647.42,35.2543,0.464
27620000,32,-380.872,2628.16,29.0467,0.441
27640000,29,-349.02,2627.66,30.4733,0.432
27660000,30,-351.394,2605.38,33.2585,0.479
27680000,28,-329.409,2624.86,32.3612,0.46
27700000,27,-316.278,2613.92,26.7765,0.444
27720000,28,-340.31,2623.08,33.448,0.404
27740000,36,-431.633,2631.72,39.2815,0.47668
27760000,28,-333.827,2613.25,41.652,0.472
27780000,28,-365.604,2642,26.4422,0.4625
27800000,32,-369.981,2621.58,29.3879,0.4825
27820000,31,-363.307,2634.62,37.1882,0.466
27840000,28,-333.464,2623.91,27.5513,0.41
27860000,27,-322.881,2610.69,26.6057,0.436
27880000,35,-401.733,2636.16,29.2976,0.496
27900000,28,-330.798,2592.22,24.134,0.462
27920000,28,-336.89,2626.72,31.9332,0.408
27940000,24,-297.013,2600.22,24.6002,0.432
27960000,23,-277.923,2612.57,23.0759,0.431
27980000,26,-311.351,2621.12,32.3184,0.452
28000000,33,-385.143,2608.24,28.3246,0.4955
28020000,29,-344.877,2616.27,37.0208,0.429
28040000,35,-406.22,2594.82,40.7132,0.458
28060000,31,-369.418,2635.5,34.7212,0.42
28080000,31,-374.326,2634.89,28.1679,0.468
28100000,28,-339.909,2622.6,32.9917,0.43
28120000,37,-437.024,2657.69,31.788,0.46
28140000,31,-374.622,2621.08,32.8969,0.438
28160000,21,-255.366,2586.52,23.7837,0.43
28180000,26,-304.556,2608.75,23.1527,0.505
28200000,28,-330.613,2617.08,22.3882,0.428
28220000,34,-402.389,2638.06,34.4448,0.469
28240000,26,-313.461,2597.02,33.1225,0.433433
28260000,26,-309.208,2600.28,22.9393,0.444
28280000,27,-323.292,2607.47,28.7431,0.425
28300000,29,-352.204,2624.42,21.727,0.443
28320000,35,-420.845,2641.18,41.2501,0.476548
28340000,36,-422.264,2661.37,38.3715,0.471062
28360000,22,-262.914,2608.23,20.5097,0.432
28380000,34,-404.242,2626,34.6941,0.467963
28400000,31,-372.406,2621.14,33.0821,0.44
28420000,30,-354.62,2632.07,32.4116,0.488
28440000,26,-304.029,2604.98,29.6461,0.46475
28460000,24,-292.726,2614.32,25.6768,0.407
28480000,35,-409.631,2616.62,38.8177,0.502
28500000,30,-362.016,2609.11,31.0418,0.438667
28520000,25,-307.056,2607.74,17.5907,0.437
28540000,35,-427.196,2647.32,47.9337,0.4845
28560000,28,-339.185,2632.38,25.0026,0.481
28580000,32,-373.733,2632.89,33.3123,0.471
28600000,29,-340.294,2628.19,29.4399,0.484
28620000,33,-386.659,2639.87,31.7625,0.478
28640000,24,-289.726,2582.68,22.3097,0.451
28660000,31,-361.745,2621.28,30.8732,0.467
28680000,23,-275.316,2592.43,27.5643,0.453917
28700000,29,-344.807,2605.7,24.3324,0.487
28720000,26,-309.644,2591.98,22.8447,0.437
28740000,26,-309.837,2606.32,32.0414,0.463
28760000,28,-337.481,2593.06,35.0667,0.466
28780000,22,-275.807,2601.35,26.4617,0.404
28800000,28,-322.586,2614.05,28.1109,0.465
28820000,35,-410.563,2639.66,38.5689,0.465
28840000,27,-311.873,2613.9,35.127,0.485
28860000,27,-326.372,2612.57,29.5135,0.41
28880000,27,-333.121,2605.32,29.9259,0.4339
28900000,29,-342.265,2614.29,34.9909,0.45
28920000,25,-302.55,2608.08,30.9578,0.452
28940000,30,-350.435,2606.03,24.2403,0.465
28960000,23,-289.064,2597.14,25.8898,0.419
28980000,33,-393.785,2604.15,27.5526,0.484
29000000,30,-361.225,2623.9,35.3718,0.46
29020000,33,-395.878,2621.88,45.9458,0.479
29040000,33,-391.807,2631.22,35.9047,0.508158
29060000,24,-291.081,2610.01,31.3603,0.452
29080000,31,-370.898,2619.63,29.8629,0.444
29100000,25,-299.942,2604.08,17.1309,0.464
29120000,29,-341.884,2634.73,37.8973,0.459
29140000,32,-387.288,2643.04,40.6372,0.432
29160000,42,-503.03,2625.16,34.1429,0.479
29180000,39,-457.688,2657.61,31.3591,0.467
29200000,35,-407.635,2633.77,40.7131,0.516
29220000,31,-368.879,2641.16,34.3236,0.4605
29240000,28,-334.677,2651.7,33.9958,0.438
29260000,31,-371.09,2638,30.3057,0.452
29280000,32,-383.693,2607.47,37.4174,0.462
29300000,29,-343.485,2628.57,25.2385,0.46525
29320000,29,-343.428,2640.48,24.5624,0.484
29340000,43,-500.671,2636.87,40.6593,0.502
29360000,34,-395.786,2632.55,38.1265,0.5005
29380000,35,-420.362,2655.93,35.1022,0.466
29400000,34,-406.521,2623.38,33.5964,0.467
29420000,32,-382.788,2651.13,39.8615,0.459
29440000,24,-299.376,2605.11,16.6174,0.383
29460000,39,-453.553,2650.29,37.2711,0.499
29480000,32,-371.114,2633,27.7897,0.474
29500000,41,-475.75,2654.69,31.9114,0.487
29520000,36,-428.133,2631.73,26.1913,0.518
29540000,33,-391.952,2650.61,29.2887,0.456
29560000,34,-409.746,2633.66,29.3592,0.481
29580000,42,-488.723,2670.83,37.3823,0.515
29600000,31,-366.797,2626.68,27.4403,0.452
29620000,39,-457.95,2655.59,39.3626,0.512
29640000,36,-424.93,2607.4,37.7609,0.492
29660000,31,-380.318,2617.06,31.156,0.48
29680000,34,-401.546,2641.17,28.1969,0.479
29700000,40,-476.169,2633.57,38.823,0.4969
29720000,26,-318.248,2630.37,24.723,0.427
29740000,37,-443.285,2604.67,33.9244,0.513
29760000,30,-367.709,2616.36,30.8241,0.482
29780000,38,-451.027,2638.03,37.606,0.467
29800000,32,-385.324,2643.36,31.7235,0.456
29820000,27,-320.219,2620.82,26.6655,0.463
29840000,30,-357.862,2632.98,31.0399,0.443
29860000,29,-343.735,2612.27,26.9464,0.489429
29880000,26,-313.311,2597.37,27.3707,0.431667
29900000,38,-444.916,2644.23,38.5103,0.491683
29920000,30,-354.839,2636.59,20.9658,0.479
29940000,33,-386.854,2644.66,27.8691,0.433
29960000,29,-350.563,2624.68,30.0658,0.4
29980000,23,-289.826,2619.79,28.1911,0.406
