generation,N_shifts,logPrior,logLik,eventRate,acceptRate
0,0,-16.3554,-12640.7,500,0
20000,0,-17.7093,2197.43,2.44357,0.294
40000,1,-26.3995,2260.52,1.93929,0.376
60000,3,-49.2131,2289.7,6.37055,0.407083
80000,2,-38.0428,2291.63,2.41476,0.40075
100000,4,-59.8722,2306.06,6.52139,0.44
120000,5,-70.9466,2323.92,11.097,0.435
140000,11,-131.217,2378.05,11.5521,0.525
160000,8,-103.449,2382.74,16.6111,0.471
180000,9,-119.184,2400.75,12.9985,0.478
200000,9,-112.811,2397.49,9.81099,0.456
220000,7,-97.4242,2413.02,4.26709,0.405
240000,11,-137.561,2443.93,11.6809,0.4385
260000,18,-210.256,2467.28,19.0553,0.494
280000,16,-187.266,2505.55,20.5315,0.479
300000,28,-328.774,2497.1,38.3698,0.546769
320000,15,-184.131,2452.47,8.58871,0.522
340000,17,-205.008,2484.72,13.8871,0.466
360000,17,-200.136,2477.83,20.1959,0.5302
380000,26,-296.069,2579.75,20.9909,0.506
400000,22,-253.997,2593.52,23.7503,0.507
420000,26,-299.97,2600.32,27.3287,0.49
440000,23,-272.489,2536.89,18.9115,0.503
460000,27,-302.584,2584.6,37.8282,0.536
480000,24,-287.655,2544.21,32.8564,0.512
500000,28,-336.374,2563.95,35.5731,0.487
520000,25,-292.094,2580.44,25.9808,0.502
540000,22,-260.119,2573.12,28.5759,0.468
560000,23,-280.955,2548.58,18.9976,0.461
580000,29,-338.406,2582.93,22.6554,0.5096
600000,35,-395.631,2652.04,30.6401,0.4895
620000,28,-338.01,2589.35,34.6118,0.515444
640000,35,-399.17,2586.77,33.7199,0.546
660000,36,-422.242,2628.26,33.0156,0.54
680000,37,-425.155,2633.96,27.06,0.556
700000,37,-432.626,2630.41,39.1443,0.539
720000,27,-329.546,2614.19,31.0779,0.487
740000,26,-315.128,2624.8,24.9299,0.46675
760000,27,-320.986,2589.45,28.8446,0.516
780000,33,-373.592,2637.02,40.5888,0.512
800000,29,-337.847,2613.04,30.8939,0.508667
820000,29,-334.756,2604.66,29.4149,0.483
840000,27,-322.284,2595.44,23.18,0.504
860000,26,-308.909,2596.92,22.2778,0.488
880000,27,-312.382,2616.7,25.1527,0.506
900000,25,-289.406,2596.58,23.5547,0.492
920000,39,-447.942,2626.31,43.1362,0.51075
940000,35,-403.967,2629.46,42.4936,0.5206
960000,27,-319.791,2622.87,32.0485,0.496
980000,34,-389.822,2605.28,27.0951,0.54
1000000,36,-410.532,2654.13,28.9115,0.513
1020000,39,-453.33,2672.88,35.9658,0.52275
1040000,37,-445.32,2629.1,42.2318,0.54
1060000,30,-348.942,2652.78,34.4141,0.481
1080000,38,-429.422,2640.52,35.6166,0.546
1100000,33,-375.991,2631.04,31.1541,0.528
1120000,33,-392.728,2627.98,34.5805,0.512
1140000,39,-443.287,2616.21,44.2934,0.538211
1160000,43,-479.28,2632.85,39.1221,0.591
1180000,30,-347.022,2646.7,38.8236,0.486
1200000,31,-358.259,2611.6,31.9149,0.515769
1220000,29,-357.006,2629.4,27.9056,0.519
1240000,31,-377.754,2644.85,35.2306,0.469
1260000,35,-413.355,2662.56,21.5628,0.506
1280000,28,-329.778,2632.64,36.4125,0.488
1300000,38,-444.875,2643.94,35.5193,0.541
1320000,37,-423.919,2637.66,50.7912,0.515429
1340000,34,-398.046,2641.82,28.7105,0.517833
1360000,42,-487.723,2641.38,42.1907,0.515
1380000,40,-450.909,2653.35,48.1611,0.5172
1400000,40,-448.899,2649.2,44.463,0.557
1420000,41,-465.161,2656.41,40.7943,0.538444
1440000,38,-438.679,2639.22,30.2654,0.5305
1460000,39,-459.495,2625.68,40.6476,0.557
1480000,40,-463.495,2630.28,33.2323,0.527
1500000,30,-346.858,2636.2,24.3894,0.508
1520000,39,-450.724,2643.75,41.1524,0.508
1540000,39,-447.441,2641.2,38.3089,0.5205
1560000,33,-369.465,2626.01,36.7991,0.523
1580000,41,-481.659,2627.64,50.41,0.543
1600000,37,-440.041,2621.79,35.2522,0.524158
1620000,34,-388.85,2649.64,55.9578,0.537
1640000,38,-438.539,2642.01,46.3133,0.523917
1660000,31,-354.749,2643.19,27.6788,0.5
1680000,39,-438.139,2646.61,44.9602,0.552
1700000,32,-357.386,2627.71,35.7518,0.522
1720000,32,-356.909,2634.23,41.4999,0.523
1740000,40,-455.792,2629.41,42.2229,0.536
1760000,32,-365.163,2638.41,32.1122,0.505
1780000,28,-324.455,2630.96,21.0338,0.491
1800000,31,-351.056,2629.29,33.4568,0.540067
1820000,34,-396.041,2625.73,36.3426,0.5324
1840000,33,-375.179,2636.14,32.9284,0.525
1860000,32,-365.501,2629.53,33.0784,0.492
1880000,33,-374.847,2645.45,42.8798,0.518768
1900000,41,-468.378,2645.57,29.1311,0.52005
1920000,31,-355.689,2610.78,25.6611,0.506
1940000,32,-373.946,2645.98,32.4768,0.49575
1960000,34,-388.841,2606.27,27.6067,0.521
1980000,36,-413.805,2651.86,34.0493,0.521
2000000,30,-343.543,2620.32,46.1837,0.51175
2020000,23,-267.675,2606.66,16.9027,0.503
2040000,35,-402.475,2614.48,35.2499,0.538
2060000,30,-343.819,2608.6,32.9755,0.529
2080000,38,-439.402,2641.11,48.7379,0.515
2100000,31,-352.543,2639.8,25.855,0.499
2120000,30,-346.161,2599.44,28.3239,0.529
2140000,31,-371.594,2619.16,37.5695,0.471
2160000,32,-369.215,2639.12,41.4722,0.486
2180000,39,-452.919,2649.53,45.2814,0.5078
2200000,36,-419.567,2614.84,39.7206,0.52175
2220000,28,-318.108,2613.11,30.5094,0.468
2240000,33,-371.346,2621.55,30.4422,0.508
2260000,30,-348.196,2624.36,28.4003,0.49
2280000,35,-399.119,2624.34,30.2242,0.542
2300000,33,-374.666,2632.05,38.0619,0.51
2320000,34,-382.026,2635.43,38.0482,0.542
2340000,33,-382.957,2637.17,35.6541,0.525
2360000,33,-384.283,2637.26,30.7703,0.521
2380000,30,-346.11,2618.09,22.4135,0.503
2400000,42,-474.964,2636.25,49.667,0.466
2420000,29,-334.621,2636.26,32.49,0.523
2440000,32,-365.335,2650.29,25.3944,0.501
2460000,35,-388.335,2632.57,36.8633,0.49
2480000,27,-308.302,2626.9,21.9792,0.47
2500000,40,-445.633,2620.46,34.1763,0.543737
2520000,38,-441.865,2635.63,53.7736,0.541
2540000,41,-474.098,2649.15,42.1845,0.521
2560000,39,-448.215,2639.44,43.99,0.538
2580000,39,-452.822,2640.38,57.5859,0.522
2600000,35,-397.592,2640.62,43.8664,0.538
2620000,38,-420.808,2607.41,36.2101,0.579
2640000,39,-436.247,2612.57,37.1311,0.524
2660000,38,-424.859,2617.42,42.034,0.553286
2680000,40,-459.325,2659.33,39.5764,0.540118
2700000,31,-363.352,2620.73,26.9444,0.494
2720000,33,-377.568,2625.27,42.3522,0.492
2740000,37,-434.588,2605.78,42.7444,0.549
2760000,35,-403.001,2625.17,41.1854,0.527
2780000,29,-332.046,2602.87,20.5144,0.466
2800000,39,-452.218,2634.24,29.7768,0.524937
2820000,33,-389.986,2637.96,39.4968,0.506
2840000,42,-493.789,2626.54,49.9695,0.516
2860000,41,-478.671,2643.37,46.2327,0.511727
2880000,40,-453.419,2644.85,41.3503,0.5225
2900000,31,-354.184,2643.74,26.7687,0.47
2920000,28,-323.065,2607.86,29.2612,0.442
2940000,39,-450.278,2619.63,27.582,0.533
2960000,33,-382.404,2622.13,40.7424,0.473
2980000,37,-427.376,2611.71,45.7168,0.498167
3000000,32,-372.71,2636.09,31.0567,0.514
3020000,36,-406.309,2635.93,39.1108,0.52687
3040000,27,-321.181,2638.43,24.0392,0.477
3060000,44,-507.194,2635.55,50.8011,0.530936
3080000,45,-518.745,2650.15,45.4883,0.532
3100000,30,-354.035,2627.09,38.9078,0.495
3120000,38,-429.45,2646.44,45.4966,0.543
3140000,36,-407.717,2644.33,37.1511,0.529545
3160000,31,-357.963,2632.16,32.7368,0.554
3180000,46,-523.101,2673.34,53.2157,0.533
3200000,47,-532.086,2652.44,56.2852,0.549
3220000,44,-498.224,2642.07,45.8864,0.522
3240000,31,-354.266,2615.01,40.8574,0.519
3260000,29,-332.119,2634.53,17.4932,0.516
3280000,38,-437.688,2630.72,46.3997,0.516
3300000,36,-400.168,2668.4,42.5429,0.533
3320000,31,-354.968,2641.49,35.5938,0.492
3340000,32,-369.01,2650.49,25.2375,0.525
3360000,33,-382.404,2642.7,35.7142,0.495
3380000,30,-343.113,2624.52,24.4691,0.518765
3400000,34,-384.753,2627.76,33.6784,0.505
3420000,38,-435.434,2622.89,51.1154,0.546
3440000,36,-414.487,2639.42,39.7121,0.526
3460000,27,-318.605,2611.83,30.1434,0.54
3480000,29,-328.813,2612.95,27.167,0.529429
3500000,35,-401.13,2615.49,34.8414,0.525
3520000,37,-429.36,2633.16,38.7043,0.537
3540000,31,-363.967,2622.9,42.694,0.524
3560000,32,-371.507,2622.92,23.856,0.522571
3580000,29,-335.284,2630.25,36.3087,0.545
3600000,31,-364.914,2625.45,40.9516,0.514
3620000,34,-384.781,2628.12,31.5593,0.5385
3640000,39,-441.126,2632.55,47.6446,0.532667
3660000,37,-414.28,2640.84,39.2951,0.52925
3680000,41,-457.123,2625.75,40.0644,0.543
3700000,44,-500.193,2659.27,58.1745,0.545133
3720000,38,-435.007,2661.59,27.4614,0.537
3740000,35,-395.461,2634.9,26.3103,0.528
3760000,40,-451.815,2646.97,45.6699,0.493
3780000,64,-713.165,2666.63,59.3401,0.572
3800000,28,-322.997,2631.44,27.9751,0.478
3820000,39,-438.948,2635.34,32.0953,0.531
3840000,30,-354.332,2597.31,30.6028,0.527333
3860000,32,-367.315,2614.32,31.1526,0.494
3880000,28,-325.469,2610.05,42.7804,0.511667
3900000,36,-414.78,2597.38,37.3084,0.5255
3920000,37,-417.965,2629.17,42.0054,0.53925
3940000,41,-453.993,2620.37,42.7693,0.56
3960000,34,-388.66,2656.1,33.1163,0.505
3980000,41,-469.651,2663.81,32.5071,0.497
4000000,42,-474.975,2659.96,37.829,0.533
4020000,32,-362.94,2631.07,31.1265,0.519
4040000,32,-375.353,2671.32,25.4651,0.503
4060000,30,-337.181,2614.21,27.1045,0.532
4080000,37,-412.189,2628.35,36.9775,0.505
4100000,47,-523.03,2674.6,48.3916,0.525
4120000,37,-421.198,2653.44,47.6633,0.516
4140000,42,-470.967,2692.88,44.8227,0.53
4160000,33,-384.16,2665.91,35.1324,0.441
4180000,32,-354.873,2634.58,32.9269,0.541
4200000,34,-390.308,2632.61,39.4351,0.527
4220000,35,-390.09,2622.02,35.4384,0.523875
4240000,39,-435.2,2630.17,39.2535,0.529
4260000,30,-343.845,2614.3,25.5077,0.522
4280000,30,-336.672,2630.53,27.2996,0.49
4300000,43,-480.14,2638.52,59.3126,0.564
4320000,43,-495.792,2673.57,42.5603,0.516636
4340000,44,-503.06,2681.71,42.0485,0.498
4360000,31,-361.144,2646.33,26.043,0.505
4380000,32,-364.018,2625.76,24.8124,0.536
4400000,46,-546.509,2675.42,53.1217,0.515
4420000,39,-448.723,2630.57,42.4319,0.56
4440000,38,-424.396,2637.91,34.8269,0.533
4460000,43,-502.534,2667.28,47.4731,0.499
4480000,33,-388.44,2626.29,31.3592,0.483
4500000,40,-475.543,2640.03,46.6643,0.552
4520000,45,-515.897,2693.08,49.3915,0.538723
4540000,32,-370.7,2633.34,31.7778,0.547
4560000,41,-463.433,2658.85,46.3216,0.539167
4580000,31,-365.021,2644.91,35.6362,0.488
4600000,29,-340.16,2623.51,33.7364,0.495
4620000,35,-399.881,2606.69,38.8145,0.522
4640000,40,-452.187,2627.88,39.947,0.563
4660000,28,-315.818,2594.65,23.9844,0.522
4680000,38,-428.223,2617.89,57.5647,0.533
4700000,38,-423.81,2622.99,31.449,0.546
4720000,37,-417.881,2646.4,37.001,0.488
4740000,33,-376.278,2612.11,41.9107,0.524
4760000,30,-359.068,2618.09,27.7494,0.525
4780000,29,-338.008,2630.9,42.9807,0.498
4800000,35,-394.328,2655.89,35.5464,0.541
4820000,39,-432.901,2619.65,28.1154,0.546
4840000,36,-397.945,2622.33,30.5924,0.526
4860000,37,-416.661,2641.38,30.4895,0.561
4880000,36,-411.478,2621.74,39.3,0.52575
4900000,29,-329.219,2630.05,41.6856,0.508
4920000,35,-395.69,2616.74,33.7171,0.528
4940000,25,-291.775,2628.44,20.9644,0.471
4960000,35,-399.718,2616.73,48.589,0.5342
4980000,31,-353.584,2637.08,30.4959,0.513
5000000,33,-388.926,2627.77,26.9603,0.5208
5020000,41,-470.903,2613.91,39.755,0.546
5040000,32,-364.337,2609.53,40.1765,0.509
5060000,29,-337.738,2609.04,30.1557,0.45
5080000,31,-344.912,2609.52,38.038,0.511
5100000,37,-424.212,2602.95,33.7845,0.519
5120000,44,-504.945,2628.98,34.672,0.525
5140000,32,-370.098,2642.67,35.6046,0.501
5160000,33,-372.209,2649.51,31.031,0.489
5180000,44,-495.844,2667.14,48.9949,0.528
5200000,32,-366.644,2621.59,35.2653,0.52
5220000,39,-442.799,2596.24,41.756,0.530778
5240000,28,-315.493,2599.59,35.0493,0.489
5260000,30,-334.227,2601.3,34.1609,0.535
5280000,43,-481.703,2679.79,51.1699,0.507
5300000,39,-445.82,2660.37,46.7308,0.517
5320000,44,-488.604,2630.7,41.8834,0.53075
5340000,45,-518.684,2664.51,40.6324,0.507429
5360000,29,-329.223,2595.28,26.0122,0.554
5380000,40,-470.013,2629.73,51.7976,0.533
5400000,36,-405.769,2618.51,33.1716,0.544481
5420000,41,-462.157,2650.99,43.6562,0.543
5440000,49,-552.097,2644.92,59.7067,0.531786
5460000,40,-457.485,2599.03,43.3741,0.534
5480000,38,-440.762,2639.15,30.7819,0.497
5500000,37,-416.085,2625.97,32.1119,0.518667
5520000,51,-597.856,2691.68,48.594,0.529667
5540000,38,-437.738,2629.33,38.2383,0.538
5560000,45,-527.811,2668.52,39.585,0.523
5580000,36,-405.589,2639.41,31.827,0.538
5600000,43,-494.598,2656.5,39.4674,0.533
5620000,41,-465.775,2650.81,37.267,0.555308
5640000,38,-442.954,2642.6,31.2912,0.518
5660000,37,-414.831,2655.98,42.4352,0.515
5680000,33,-390.026,2619.88,22.2728,0.517
5700000,31,-357.376,2625.2,41.4572,0.525
5720000,39,-444.026,2639.78,29.9003,0.517
5740000,36,-421.48,2628.98,29.9266,0.557
5760000,25,-289.068,2605.53,21.59,0.479
5780000,32,-362.195,2605.29,41.7645,0.522
5800000,40,-454.321,2669.54,40.4807,0.531077
5820000,40,-463.265,2611.42,46.2831,0.527
5840000,51,-587.249,2669.44,61.9955,0.546
5860000,27,-305.023,2619.17,30.4462,0.558
5880000,33,-384.134,2611.94,38.4969,0.522
5900000,36,-417.332,2631.37,41.6365,0.541
5920000,30,-344.545,2630.21,33.4189,0.5285
5940000,39,-450.035,2652.7,41.2408,0.510773
5960000,38,-427.177,2643.88,35.6443,0.522
5980000,33,-366.881,2615.77,30.9684,0.538
6000000,33,-375.418,2631.53,40.8564,0.553
6020000,38,-432.719,2610.86,38.7998,0.531
6040000,32,-371.416,2612.09,28.9175,0.535
6060000,39,-443.479,2615.43,41.0009,0.557
6080000,34,-382.4,2634.93,33.9789,0.524
6100000,35,-402.581,2675.34,38.2011,0.485
6120000,35,-413.652,2643.37,36.7181,0.533
6140000,32,-368.339,2649.87,30.2892,0.502
6160000,29,-340.23,2635.51,30.03,0.48
6180000,32,-362.807,2632.7,33.6173,0.469
6200000,41,-474.455,2641.24,37.8638,0.53375
6220000,34,-401.115,2659.07,48.5252,0.518956
6240000,31,-370.932,2636.42,32.4594,0.488
6260000,34,-393.094,2633.6,41.0691,0.491
6280000,35,-402.657,2623.77,36.9027,0.524
6300000,31,-354.933,2646.09,32.2839,0.535
6320000,35,-401.533,2618.98,34.1578,0.536
6340000,43,-475.697,2631.41,44.2175,0.544167
6360000,34,-391.977,2650.4,29.7647,0.49775
6380000,38,-438.083,2657.26,39.3512,0.535
6400000,44,-488.552,2659.65,51.7675,0.534
6420000,34,-383.318,2614.71,44.3511,0.527
6440000,30,-351.114,2624.25,27.3108,0.522
6460000,29,-328.154,2630.87,21.1649,0.483
6480000,26,-306.599,2630.08,31.9247,0.48
6500000,31,-351.479,2622.09,30.3836,0.511
6520000,36,-397.948,2619.33,40.1681,0.557
6540000,46,-511.221,2657.72,33.8932,0.529
6560000,34,-399.092,2630.49,29.3495,0.515
6580000,38,-448.798,2663.93,36.5715,0.532
6600000,36,-402.144,2625.61,26.867,0.522
6620000,35,-398.014,2650.76,37.9973,0.535
6640000,34,-393.054,2637.33,45.5137,0.497
6660000,39,-437.492,2592.39,49.7007,0.533
6680000,46,-529.146,2649.4,50.6649,0.559
6700000,32,-371.655,2625.48,29.4744,0.512
6720000,35,-401.669,2605.29,33.7924,0.538
6740000,43,-491.783,2660.19,42.9443,0.531
6760000,30,-343.973,2599.68,31.0762,0.506
6780000,24,-279.159,2589.76,20.6864,0.518
6800000,29,-333.343,2604.57,26.3697,0.519
6820000,27,-313.469,2603.62,26.318,0.52725
6840000,34,-387.469,2656.97,32.5619,0.532
6860000,36,-401.508,2642.21,39.2641,0.526
6880000,31,-362.036,2606.84,24.021,0.487
6900000,29,-344.745,2615.49,21.2024,0.534
6920000,34,-385.103,2657.16,29.2251,0.51
6940000,31,-359.687,2658.95,40.9961,0.513
6960000,30,-337.454,2634.1,25.0993,0.503
6980000,32,-367.528,2646.18,29.8068,0.4915
7000000,34,-378.193,2646.01,45.3154,0.535
7020000,36,-408.946,2652.27,37.6378,0.538
7040000,37,-419.808,2648.79,32.7608,0.518
7060000,41,-461.051,2638.92,49.0693,0.554
7080000,39,-450.832,2635.27,49.1028,0.549
7100000,37,-418.769,2622.37,38.3597,0.542125
7120000,43,-489.358,2634.87,35.2915,0.558
7140000,47,-539.052,2661.97,47.4279,0.548
7160000,39,-456.338,2652.6,36.3344,0.505
7180000,30,-357.484,2624.15,32.2455,0.484
7200000,37,-426.084,2659.66,23.3639,0.538
7220000,33,-384.722,2650.73,41.6868,0.519
7240000,41,-469.61,2655.29,29.7762,0.52
7260000,49,-549.717,2633.37,48.5873,0.5174
7280000,34,-390.659,2639.63,38.4441,0.528
7300000,37,-428.403,2640.98,41.7981,0.54
7320000,30,-352.159,2625.31,32.4604,0.494
7340000,38,-435.814,2634.83,40.9156,0.534
7360000,32,-359.55,2628.53,38.9907,0.513
7380000,33,-376.808,2622.45,33.0611,0.527
7400000,37,-434.503,2673.81,34.9374,0.523
7420000,30,-338.969,2613.13,25.4382,0.488
7440000,37,-414.797,2649.38,33.4319,0.517
7460000,39,-433.012,2666.51,25.9065,0.54749
7480000,39,-456.688,2666.23,38.0269,0.5255
7500000,37,-415.123,2635.93,26.0887,0.542687
7520000,38,-439.254,2630.59,36.0059,0.526
7540000,42,-479.365,2662.29,43.6589,0.568
7560000,44,-506.811,2684.81,51.0922,0.544
7580000,48,-551.133,2684.82,48.4152,0.547333
7600000,31,-365.773,2630.99,35.4059,0.515938
7620000,40,-459.161,2669.62,37.6328,0.535
7640000,32,-362.674,2644.23,31.1295,0.492
7660000,34,-385.021,2636.68,30.314,0.483
7680000,42,-476.805,2688.63,38.78,0.52
7700000,44,-495.801,2649.84,43.6186,0.530222
7720000,32,-365.86,2637.24,31.6914,0.488
7740000,28,-317.033,2627.78,28.6014,0.466
7760000,41,-471.495,2664.56,45.1449,0.553
7780000,36,-423.306,2674.38,45.8796,0.504
7800000,50,-560.354,2648.67,45.2438,0.56
7820000,38,-438.013,2617.87,37.7502,0.532
7840000,27,-305.23,2617.63,40.8124,0.498
7860000,32,-371.166,2659.87,23.5575,0.495
7880000,32,-368.167,2633.34,37.7126,0.48
7900000,27,-311.132,2595.31,29.3302,0.543
7920000,30,-337.969,2603.02,36.0971,0.542
7940000,28,-321.163,2605.91,26.6152,0.496
7960000,36,-411.393,2644.33,42.6776,0.539
7980000,26,-303.428,2603.37,31.362,0.52
8000000,22,-258.392,2605.76,20.3809,0.47
8020000,27,-312.966,2604.66,39.2257,0.477889
8040000,33,-373.712,2633.45,32.7547,0.521
8060000,26,-310.603,2618.16,31.6573,0.484
8080000,31,-361.366,2629.46,31.3457,0.504
8100000,39,-441.96,2642.02,35.0186,0.518
8120000,31,-360.825,2634.26,36.469,0.497
8140000,30,-348.889,2639.58,31.787,0.52
8160000,35,-414.238,2630.29,40.3271,0.473
8180000,30,-348.364,2612.83,28.0051,0.514
8200000,42,-494.293,2659.72,34.6449,0.502
8220000,28,-332.528,2619.49,30.3962,0.478
8240000,41,-470.351,2675.55,48.0541,0.520559
8260000,30,-349.118,2607.33,33.6107,0.510714
8280000,34,-386.448,2599.77,37.2063,0.532
8300000,25,-294.302,2599.32,16.4077,0.444
8320000,31,-359.82,2630.99,36.4166,0.539
8340000,30,-356.481,2606.18,29.8444,0.476
8360000,44,-508.918,2645.71,51.8049,0.5451
8380000,36,-418.899,2624.2,34.3344,0.514
8400000,35,-392.86,2626.79,34.607,0.501
8420000,33,-380.604,2659.03,38.0364,0.502
8440000,30,-351.02,2602.22,24.3828,0.507
8460000,34,-401.735,2656.63,26.4866,0.47
8480000,48,-548.627,2650.31,47.1341,0.542571
8500000,32,-377.757,2641.69,30.6066,0.5
8520000,35,-404.721,2613.75,34.2118,0.496
8540000,38,-434.179,2655.26,40.3223,0.539
8560000,31,-346.623,2612.08,33.7866,0.534
8580000,30,-345.551,2623.69,21.3471,0.474
8600000,32,-372.557,2622.44,39.0344,0.506
8620000,30,-352.065,2612.69,28.5998,0.498
8640000,32,-372.497,2619.77,23.7561,0.534
8660000,32,-362.984,2619.2,29.9724,0.508
8680000,31,-356.621,2645.83,30.8996,0.509
8700000,33,-372.831,2631.87,49.0982,0.519
8720000,33,-395.053,2612.04,31.4195,0.5235
8740000,29,-342.309,2614.89,30.4617,0.514
8760000,27,-312.375,2620.75,23.3334,0.485
8780000,30,-344.647,2621.72,22.8552,0.504
8800000,27,-320.944,2622.98,27.6385,0.511
8820000,26,-303.138,2607.88,34.1866,0.479
8840000,34,-388.135,2661.47,30.1568,0.508
8860000,40,-455.999,2660.49,52.9087,0.493
8880000,43,-481.502,2642.38,47.1477,0.512
8900000,40,-451.393,2654.54,35.3044,0.520667
8920000,47,-540.51,2665.53,42.7301,0.530571
8940000,32,-373.98,2631.71,34.5377,0.509
8960000,40,-469.782,2616.99,35.1839,0.5234
8980000,34,-392.887,2634.48,26.0026,0.519
9000000,41,-468.614,2671.97,41.249,0.5398
9020000,37,-420.857,2627.36,46.842,0.547
9040000,35,-406.375,2614.93,31.8224,0.508571
9060000,30,-357.14,2630.64,25.4781,0.478
9080000,36,-411.911,2636.02,39.83,0.492
9100000,42,-492.832,2643.74,37.8721,0.518
9120000,32,-386.463,2643.29,43.0042,0.500667
9140000,41,-461.12,2649.75,44.873,0.524
9160000,37,-425.998,2635.6,35.1256,0.506
9180000,34,-399.419,2647.44,32.3474,0.456
9200000,37,-429.517,2654.94,49.8143,0.508
9220000,36,-407.812,2662.69,40.8573,0.513
9240000,34,-390.129,2652.45,42.5907,0.526
9260000,42,-481.013,2624.37,37.6287,0.529
9280000,43,-486.256,2630.96,48.1186,0.553
9300000,31,-359.928,2649.67,26.7689,0.521
9320000,36,-426.244,2646.65,52.3976,0.493
9340000,36,-414.23,2651.37,29.0199,0.502
9360000,26,-305.743,2628.03,38.0696,0.478
9380000,27,-320.557,2611.04,26.4606,0.486
9400000,43,-481.882,2640.93,46.2561,0.505
9420000,44,-508.744,2628.25,45.4478,0.52
9440000,30,-344.164,2631.12,37.3579,0.516
9460000,26,-305.266,2645.77,22.2468,0.455
9480000,31,-358.911,2642.77,36.6052,0.508
9500000,32,-374.327,2638.9,30.6076,0.505
9520000,44,-514.24,2635.05,39.2314,0.552
9540000,42,-472.748,2672.02,43.1474,0.5202
9560000,38,-427.002,2656.83,41.0653,0.492
9580000,33,-371.363,2656.29,36.2195,0.512
9600000,37,-439.228,2649.85,48.2195,0.531286
9620000,33,-383.968,2651.74,44.2719,0.504
9640000,34,-403.814,2650.29,34.5165,0.493167
9660000,34,-399.092,2636.39,33.6238,0.524
9680000,39,-449.013,2663.58,29.5901,0.5
9700000,38,-444.106,2628.05,33.1692,0.5205
9720000,37,-422.812,2642.45,46.5014,0.512
9740000,31,-362.979,2632.13,39.1047,0.533
9760000,35,-414.563,2634.33,30.6488,0.501
9780000,34,-384.822,2652.52,36.7832,0.535
9800000,43,-510.188,2628.14,37.6162,0.521231
9820000,38,-439.621,2632.56,24.8969,0.524
9840000,30,-338.274,2630.84,25.2038,0.502
9860000,33,-381.684,2622.63,26.6375,0.52
9880000,32,-361.531,2618.94,44.8055,0.523889
9900000,32,-378.658,2633.46,29.2934,0.479
9920000,37,-432.668,2654.05,30.1992,0.51475
9940000,41,-476.995,2665.83,44.2744,0.505
9960000,34,-389.753,2641.25,40.304,0.527
9980000,28,-314.679,2612.44,32.7292,0.511
10000000,26,-295.815,2598.22,31.1192,0.534
10020000,40,-467.048,2620.22,43.2708,0.539
10040000,37,-421.616,2672.06,39.3277,0.498
10060000,36,-404.791,2636.75,43.1245,0.525
10080000,36,-414.648,2643.38,33.5562,0.471
10100000,40,-448.409,2660.26,37.1713,0.515
10120000,44,-513.739,2646.7,47.1298,0.497
10140000,34,-394.293,2646.37,27.9153,0.524
10160000,28,-323.259,2626.28,37.8212,0.496
10180000,34,-391.523,2637.63,24.6941,0.511
10200000,34,-383.476,2611.3,30.805,0.492
10220000,30,-335.731,2622.37,28.6711,0.504
10240000,31,-356.637,2644.66,28.5728,0.473
10260000,29,-339.696,2640.21,32.8144,0.522
10280000,35,-401.179,2625.83,35.9316,0.556
10300000,33,-387.683,2641.11,28.158,0.509
10320000,27,-319.122,2623.36,35.026,0.493
10340000,29,-344.154,2626.34,30.639,0.472
10360000,36,-415.101,2628.17,35.6671,0.524
10380000,32,-362.906,2612.77,29.3308,0.515
10400000,39,-445.081,2648.62,33.8276,0.523818
10420000,34,-387.58,2654.47,34.5387,0.529
10440000,27,-322.189,2611.58,27.6949,0.446
10460000,38,-441.44,2625.44,50.1307,0.486
10480000,38,-444.004,2645.11,42.731,0.520882
10500000,33,-378.608,2642.73,24.6259,0.519429
10520000,36,-415.734,2640.17,37.5987,0.518
10540000,31,-367.46,2620.99,22.8891,0.498462
10560000,26,-305.195,2638.12,24.9129,0.47
10580000,27,-306.471,2632.93,38.1163,0.497
10600000,28,-327.868,2638.97,29.7933,0.474
10620000,25,-284.911,2606.96,20.692,0.491
10640000,38,-440.4,2621.74,48.4127,0.503714
10660000,30,-335.262,2604.64,32.8487,0.528875
10680000,49,-568.507,2637.28,41.8445,0.543333
10700000,35,-404.189,2623.47,37.4325,0.544
10720000,33,-380.006,2632.51,28.6928,0.514
10740000,23,-274.254,2629.53,23.4824,0.442
10760000,29,-332.478,2615.41,26.725,0.488
10780000,30,-343.49,2636.8,41.0559,0.474
10800000,33,-376.354,2623.8,42.0594,0.518
10820000,36,-417.177,2634.26,21.8128,0.544
10840000,32,-375.377,2611.91,36.4374,0.527
10860000,28,-324.892,2627.64,22.0492,0.517
10880000,36,-420.805,2630.86,45.3582,0.518889
10900000,31,-358.567,2608.95,41.7181,0.506
10920000,32,-367.391,2628.04,33.8847,0.494
10940000,29,-339.781,2621.36,30.0153,0.483778
10960000,31,-358.326,2622.78,34.1318,0.47
10980000,30,-346.669,2640.45,23.8691,0.481
11000000,30,-349.805,2636.09,34.8139,0.498
11020000,38,-450.67,2655.53,33.3291,0.503
11040000,39,-447.932,2627.28,34.0985,0.538
11060000,39,-454.298,2661.75,53.6086,0.514
11080000,38,-430.705,2610.56,42.2597,0.555
11100000,29,-332.725,2622.08,28.0225,0.475
11120000,32,-372.051,2598.79,46.1993,0.536
11140000,28,-329.749,2621.25,34.4035,0.496
11160000,35,-403.436,2637.12,42.9451,0.52
11180000,26,-301.221,2601.41,19.1977,0.465
11200000,36,-413.239,2629.69,36.686,0.534521
11220000,35,-406.118,2654.75,42.1338,0.502
11240000,36,-399.396,2614.96,31.575,0.5015
11260000,37,-417.963,2639.99,51.9392,0.534
11280000,28,-327.457,2615.49,32.1513,0.469
11300000,35,-400.397,2638.48,37.6605,0.518
11320000,32,-366.326,2627.66,36.9534,0.494
11340000,28,-317.827,2616.59,22.5795,0.4758
11360000,25,-293.346,2614.95,25.0202,0.461
11380000,32,-380.3,2624.21,29.3181,0.475
11400000,24,-281.638,2602.62,34.0373,0.5024
11420000,24,-283.851,2617.91,22.1996,0.439
11440000,30,-357.392,2607.48,39.0417,0.508
11460000,31,-361.965,2635,27.8795,0.5
11480000,30,-349.605,2610.57,19.7103,0.489187
11500000,28,-326.934,2604.65,26.6176,0.472
11520000,28,-316.11,2640.19,33.6393,0.477
11540000,28,-322.735,2625.84,30.1572,0.498
11560000,25,-294.68,2610.67,26.1525,0.504
11580000,25,-288.939,2616.65,23.7029,0.464
11600000,33,-380.726,2615.51,30.3795,0.493
11620000,35,-401.444,2629.24,42.2526,0.518
11640000,32,-371.215,2623.93,31.8757,0.533
11660000,33,-372.55,2626.5,32.1597,0.522
11680000,25,-286.149,2601.08,21.0306,0.494
11700000,32,-359.887,2630.11,26.4685,0.525
11720000,29,-336.426,2595.74,29.4132,0.488
11740000,38,-432.014,2656.17,43.3781,0.524243
11760000,39,-451.834,2613.99,32.9576,0.543667
11780000,39,-449.967,2634.47,43.8376,0.525
11800000,33,-383.431,2636.16,42.552,0.505
11820000,45,-513.972,2677.95,43.0846,0.5105
11840000,35,-399.999,2642.58,43.2032,0.505
11860000,31,-360.633,2621.23,24.6338,0.512
11880000,35,-407.399,2640.96,31.8462,0.5174
11900000,26,-298.016,2626.74,33.6401,0.504
11920000,33,-376.373,2642.66,29.7737,0.5106
11940000,29,-334.626,2615.44,34.283,0.494
11960000,30,-342.504,2636.18,43.2619,0.541
11980000,36,-414.185,2656.33,29.8474,0.527
12000000,38,-436.535,2660.98,32.0291,0.558
12020000,30,-344.219,2631.1,32.9285,0.495
12040000,30,-344.119,2624.02,23.4201,0.489
12060000,35,-392.078,2639.53,34.9749,0.531
12080000,34,-398.248,2637.59,28.5602,0.499
12100000,31,-357.331,2649.93,27.7301,0.502368
12120000,33,-376.147,2629.99,33.7689,0.514
12140000,43,-495.326,2658.51,36.5799,0.527
12160000,36,-416.315,2652.39,32.4471,0.483
12180000,39,-451.098,2645.64,41.1057,0.505846
12200000,26,-300.477,2638.57,20.0841,0.481
12220000,30,-347.944,2628.33,30.11,0.46775
12240000,33,-378.308,2639.97,25.5144,0.48125
12260000,27,-313.029,2627.91,30.5738,0.454
12280000,28,-325.901,2624.97,27.4592,0.461
12300000,29,-343.788,2634.89,22.8618,0.502
12320000,26,-307.429,2639.63,34.5422,0.478
12340000,35,-397.236,2636.36,22.733,0.547
12360000,31,-360.138,2644.15,24.4944,0.495
12380000,35,-395.806,2633.5,30.3739,0.526
12400000,51,-572.79,2640.15,43.7576,0.58
12420000,39,-435.392,2625.98,41.9539,0.555
12440000,28,-319.313,2629.01,21.4166,0.483
12460000,40,-441.578,2687.37,39.6522,0.5255
12480000,30,-339.529,2606.95,26.3264,0.486
12500000,37,-431.754,2633.15,39.8169,0.533
12520000,26,-296.791,2592.24,25.4984,0.459
12540000,31,-360.998,2612.56,25.7937,0.488
12560000,25,-287.814,2623.94,31.269,0.504
12580000,25,-298.595,2621.23,27.661,0.47
12600000,28,-335.058,2628.69,30.8691,0.492
12620000,34,-396.206,2629.17,41.4666,0.496
12640000,35,-403.019,2632.13,34.6671,0.472
12660000,32,-377.914,2625.8,27.6032,0.472
12680000,30,-338.366,2618.59,37.3851,0.489
12700000,28,-329.348,2621.18,33.9799,0.489
12720000,32,-357.685,2646.34,35.6992,0.512
12740000,26,-300.365,2610.43,29.5218,0.493
12760000,29,-341.158,2621.64,23.6155,0.491
12780000,24,-283.773,2617.18,30.7767,0.459
12800000,24,-285.188,2629.95,25.8978,0.431
12820000,27,-321.709,2623.27,33.2898,0.515
12840000,37,-423.151,2635.28,41.0829,0.535
12860000,33,-396.449,2626.56,20.6754,0.504
12880000,28,-336.655,2626.96,30.9402,0.495
12900000,31,-350.78,2623.73,29.3335,0.529
12920000,29,-339.687,2610.35,25.0848,0.4715
12940000,25,-300.818,2603.81,21.8381,0.485333
12960000,33,-389.985,2611.9,29.7885,0.520444
12980000,43,-488.237,2612.17,44.025,0.537765
13000000,32,-373.537,2633.91,28.9457,0.511
13020000,25,-293.251,2599.08,20.6764,0.46
13040000,34,-383.717,2650.9,35.5936,0.489
13060000,42,-464.311,2616.04,36.0306,0.56
13080000,30,-343.298,2630.42,24.6084,0.507
13100000,27,-313.871,2610.7,29.9433,0.523
13120000,22,-254.969,2610.23,23.8798,0.49
13140000,43,-500.212,2633.27,38.8135,0.525735
13160000,28,-322.205,2636.61,21.4228,0.459
13180000,41,-473.788,2677.58,39.285,0.52
13200000,28,-326.31,2617.9,30.7488,0.514
13220000,28,-321.147,2615.37,26.2132,0.483
13240000,33,-378.565,2613.37,40.5553,0.555
13260000,27,-307.548,2599.67,19.3917,0.517
13280000,36,-410.89,2598.08,38.1022,0.518
13300000,28,-329.831,2602.58,35.8857,0.489
13320000,40,-454.35,2663.94,42.2742,0.505
13340000,39,-436.872,2645,41.85,0.524
13360000,43,-491.325,2670.46,42.5334,0.518
13380000,48,-537.929,2661.37,41.6456,0.553
13400000,28,-328.042,2608,23.8155,0.489
13420000,30,-355.819,2616.37,24.1377,0.5004
13440000,32,-370.851,2652.18,30.5483,0.495167
13460000,46,-527.32,2660.64,44.1941,0.540301
13480000,35,-397.734,2618.29,37.9057,0.535
13500000,33,-375.134,2656.51,36.4005,0.492
13520000,45,-504.155,2655.48,44.5257,0.514714
13540000,32,-374.904,2655.9,29.5712,0.503
13560000,38,-446.893,2663.46,34.7911,0.523
13580000,22,-258.214,2617.74,26.2937,0.456
13600000,30,-335.549,2613.66,32.0015,0.521
13620000,27,-313.46,2619,22.1588,0.475
13640000,32,-370.477,2643.82,28.5064,0.502
13660000,31,-355.009,2611.59,42.0864,0.5
13680000,40,-456.738,2646.98,37.2327,0.504
13700000,30,-355.945,2607.52,30.4456,0.504
13720000,34,-401.945,2645.51,40.3202,0.514
13740000,27,-318.485,2594.73,25.1152,0.495091
13760000,26,-296.218,2594.99,25.9801,0.467
13780000,27,-315.801,2599.93,29.0428,0.494286
13800000,23,-264.898,2596.79,26.5946,0.496
13820000,32,-367.658,2651.88,33.4744,0.491
13840000,39,-441.353,2648.38,39.84,0.527
13860000,26,-304.912,2618.38,26.7713,0.49
13880000,33,-375.431,2634.37,48.3667,0.532
13900000,24,-278.098,2615.67,21.5706,0.453
13920000,34,-385.382,2614.81,44.0065,0.523444
13940000,37,-410.74,2663.3,37.0048,0.501
13960000,31,-357.922,2608.32,32.7465,0.499
13980000,28,-332.957,2624.37,26.3874,0.472
14000000,37,-424.388,2662.12,33.5269,0.541
14020000,39,-443.055,2670.96,42.5745,0.529
14040000,33,-379.141,2620.08,31.8261,0.512
14060000,39,-441.49,2655.6,44.7172,0.546
14080000,34,-389.674,2614.91,32.9103,0.489
14100000,39,-444.322,2617.26,38.2526,0.551
14120000,31,-362.693,2610.14,25.9065,0.454
14140000,23,-264.021,2615,22.6326,0.495
14160000,30,-345.179,2648.72,28.2234,0.449
14180000,26,-314.71,2591.37,19.2341,0.47
14200000,38,-449.586,2666.54,38.6817,0.503
14220000,39,-451.95,2649.35,45.3615,0.513333
14240000,27,-307.375,2594.55,26.0347,0.541
14260000,24,-284.962,2603.69,18.813,0.478
14280000,41,-468.136,2654.45,35.5394,0.527
14300000,40,-460.112,2645.61,40.8031,0.547
14320000,28,-330.988,2603.37,31.4409,0.503
14340000,32,-362.634,2612.38,27.2757,0.516
14360000,41,-468.714,2655.15,42.0314,0.532
14380000,34,-391.144,2589.13,27.9543,0.52
14400000,37,-423.865,2648.31,34.8815,0.525636
14420000,36,-412.93,2659.16,36.5263,0.532
14440000,42,-486.319,2641.73,37.4693,0.547353
14460000,22,-262.457,2623.91,20.0676,0.46
14480000,30,-352.881,2627.64,27.4667,0.492
14500000,36,-412.795,2620.69,40.8498,0.508
14520000,37,-417.877,2622.47,38.436,0.542
14540000,35,-398.553,2615.39,36.1107,0.488
14560000,34,-397.074,2649.83,28.3971,0.484333
14580000,30,-351.95,2635.83,34.7061,0.481
14600000,32,-368.653,2650.81,30.869,0.518323
14620000,32,-369.585,2647.58,29.5389,0.485
14640000,26,-305.214,2639.55,20.2922,0.475
14660000,31,-353.007,2632.4,43.1253,0.507571
14680000,35,-405.424,2637.62,30.9473,0.473
14700000,38,-441.233,2641.46,38.541,0.5154
14720000,30,-343.281,2640.76,23.7267,0.476
14740000,32,-374.26,2631.52,30.5407,0.4936
14760000,31,-356.684,2649.54,36.29,0.511286
14780000,34,-406.646,2647.65,38.469,0.486
14800000,36,-410.998,2651.87,32.1482,0.522
14820000,28,-323.332,2610.09,23.6087,0.501
14840000,39,-441.763,2602.41,39.9861,0.545
14860000,35,-404.381,2631.18,37.6011,0.520333
14880000,37,-422.743,2616.96,40.4003,0.541
14900000,28,-326.139,2625.8,32.3924,0.514
14920000,37,-418.741,2627.33,32.8588,0.515
14940000,38,-434.073,2612.51,40.7138,0.543
14960000,32,-369.408,2631.82,32.9263,0.509
14980000,33,-372.516,2629.79,43.6364,0.515
15000000,27,-314.233,2637.9,30.7112,0.505
15020000,36,-410.491,2619.43,33.7888,0.53
15040000,35,-397.294,2643.98,22.9316,0.508
15060000,34,-393.457,2632.58,23.6562,0.528
15080000,41,-468.464,2652.79,47.9704,0.499
15100000,36,-417.058,2629.01,36.9091,0.521
15120000,36,-416.786,2623.27,32.2698,0.521
15140000,34,-390.173,2616.24,30.4291,0.537
15160000,31,-359.04,2660.63,28.0434,0.486
15180000,34,-388.539,2627.11,29.0536,0.501
15200000,36,-413.03,2649.44,33.6337,0.505
15220000,49,-563.031,2708.38,41.0897,0.5166
15240000,36,-413.016,2652.6,42.3947,0.501571
15260000,43,-500.774,2669.7,35.7228,0.530643
15280000,41,-475.787,2663.49,36.1504,0.506235
15300000,43,-494.081,2659.81,47.8486,0.523636
15320000,36,-409.26,2646.58,41.6855,0.564
15340000,35,-398.391,2636.65,39.0679,0.533
15360000,34,-384.046,2644.63,32.6006,0.499
15380000,42,-486.982,2651.47,46.2395,0.542
15400000,36,-414.121,2651.32,41.8442,0.5105
15420000,35,-401.517,2615.42,36.7162,0.51
15440000,31,-356.677,2624.13,37.5785,0.437
15460000,47,-539.523,2662.06,52.7752,0.518
15480000,35,-410.359,2646.34,33.6803,0.512
15500000,38,-426.263,2639.16,38.0833,0.534
15520000,35,-389.46,2633.78,29.2564,0.512
15540000,29,-334.561,2629.59,20.7192,0.459
15560000,30,-341.721,2627.41,33.3123,0.509
15580000,32,-374.702,2637.42,38.0552,0.478
15600000,33,-378.719,2642.4,31.1557,0.489
15620000,42,-485.454,2674.52,42.9031,0.514
15640000,43,-496.927,2666.94,39.4066,0.5
15660000,42,-480.877,2648.25,41.5184,0.529
15680000,37,-426.214,2637.43,37.2636,0.518
15700000,35,-406.698,2654.82,37.3338,0.484
15720000,35,-400.665,2640.68,40.0109,0.505
15740000,39,-450.965,2660.97,36.9631,0.513
15760000,31,-363.447,2629.45,47.9744,0.478
15780000,34,-398.592,2636.48,39.5207,0.5024
15800000,38,-427.809,2647.32,38.1815,0.537
15820000,37,-426.33,2615.82,31.0892,0.502
15840000,35,-406.984,2636.36,33.2874,0.492
15860000,28,-322.526,2657.8,32.1338,0.477
15880000,33,-389.566,2632.84,28.6467,0.501
15900000,37,-427.251,2647.45,33.9018,0.499
15920000,34,-394.344,2651.66,28.0422,0.526
15940000,41,-469.434,2654.06,46.7249,0.516
15960000,35,-402.289,2641.4,39.3984,0.502
15980000,40,-467.686,2663.18,39.8721,0.506
16000000,38,-454.461,2651.26,30.5764,0.499
16020000,37,-422.756,2676.87,46.5472,0.472
16040000,40,-456.519,2663.37,41.0272,0.479
16060000,35,-399.349,2660.72,40.383,0.54
16080000,42,-474.625,2647.42,40.415,0.537
16100000,44,-499.173,2645.98,41.8648,0.547
16120000,37,-427.072,2652.4,33.4512,0.5
16140000,37,-430.785,2654.62,39.6004,0.5115
16160000,46,-521.651,2688.8,50.0859,0.506
16180000,33,-382.756,2619.79,36.2029,0.493
16200000,43,-478.499,2677.73,46.4617,0.513
16220000,39,-440.574,2672.12,40.4003,0.546
16240000,30,-346.443,2640.71,40.6553,0.473
16260000,38,-447.154,2644.67,47.7323,0.51
16280000,38,-442.133,2626.68,44.1362,0.52
16300000,38,-434.023,2662.5,44.3412,0.514667
16320000,40,-460.441,2638.79,34.7062,0.52375
16340000,36,-409.792,2615.96,42.8176,0.535
16360000,36,-425.976,2636.03,33.2086,0.528
16380000,38,-429.31,2644.12,38.5501,0.5063
16400000,35,-398.079,2652.71,35.2813,0.509333
16420000,37,-420.629,2659.09,34.329,0.512
16440000,35,-395.932,2653.93,34.7999,0.526
16460000,27,-321.921,2624.54,48.9786,0.469
16480000,26,-304.116,2645.29,28.5083,0.427
16500000,24,-283.382,2640.43,26.4103,0.457
16520000,39,-451.537,2667.71,41.2647,0.512
16540000,35,-399.523,2654.39,29.4629,0.534
16560000,33,-375.749,2638.9,37.6943,0.492
16580000,43,-496.644,2679.77,49.7002,0.515
16600000,30,-344.618,2616.59,35.0339,0.515
16620000,39,-438.554,2635.36,33.6093,0.51
16640000,32,-380.308,2649.07,29.583,0.508
16660000,43,-486.272,2639.18,40.491,0.567
16680000,38,-425.514,2655,29.3276,0.525
16700000,35,-392.453,2643.44,35.3381,0.518
16720000,37,-416.646,2648.96,43.2159,0.505143
16740000,40,-455.172,2652.54,47.0968,0.530667
16760000,36,-406.277,2636.33,28.0068,0.506
16780000,33,-375.72,2648,42.1903,0.528
16800000,45,-509.969,2682.79,43.9943,0.49
16820000,36,-411.255,2640.82,40.949,0.522143
16840000,34,-378.267,2647.53,35.9193,0.528
16860000,44,-501.023,2669.09,38.635,0.527
16880000,29,-332.437,2637.73,23.8722,0.473
16900000,31,-351.3,2629.16,28.3684,0.502
16920000,36,-408.974,2647.51,31.3355,0.529
16940000,39,-448.888,2640.15,40.9064,0.541
16960000,38,-429.91,2640.05,39.2926,0.511
16980000,33,-381.432,2608.3,37.3431,0.508
17000000,28,-330.39,2600.84,29.2412,0.505
17020000,35,-395.418,2616.79,41.2217,0.5
17040000,34,-391.448,2676.05,34.9391,0.497
17060000,25,-290.596,2628.46,28.2421,0.452
17080000,38,-436.546,2649.02,33.2234,0.511286
17100000,35,-398.459,2661.99,43.7121,0.5
17120000,30,-350.186,2653.62,32.0372,0.463
17140000,41,-463.539,2643.04,56.3195,0.5558
17160000,38,-442.13,2648.2,36.6002,0.533
17180000,43,-479.26,2657.01,38.8424,0.511
17200000,34,-388.472,2627.95,31.666,0.504
17220000,37,-428.842,2606.54,45.0859,0.507
17240000,30,-334.327,2622.43,26.1336,0.5079
17260000,41,-467.281,2662.3,34.5929,0.523
17280000,32,-367.655,2643.1,30.0029,0.48
17300000,38,-441.398,2649.41,43.4548,0.52964
17320000,33,-371.655,2642.73,33.6663,0.517
17340000,36,-407.017,2637.11,28.2526,0.546
17360000,38,-433.886,2649.98,36.4297,0.522
17380000,35,-406.557,2650.32,44.1589,0.491
17400000,33,-378.336,2650.35,35.1208,0.485
17420000,27,-312.195,2637.56,31.7734,0.481
17440000,44,-498.125,2641.43,35.5892,0.503
17460000,29,-339.741,2631.19,30.5233,0.505
17480000,32,-354.244,2656.72,31.8906,0.502
17500000,29,-335.531,2636.64,37.3106,0.499
17520000,45,-499.723,2650.28,55.2543,0.519242
17540000,36,-416.28,2657.57,33.8499,0.515
17560000,36,-411.277,2633.58,37.1589,0.509667
17580000,31,-355.037,2628.83,25.1504,0.5
17600000,39,-445.549,2647.58,36.3837,0.543
17620000,35,-395.041,2619.06,45.7368,0.479
17640000,33,-383.657,2648.84,34.1408,0.525
17660000,34,-378.535,2649.32,43.5851,0.491
17680000,33,-371.707,2637.55,24.9151,0.525
17700000,37,-426.924,2661.87,40.3889,0.505
17720000,26,-305.997,2639.87,26.757,0.448
17740000,29,-338.013,2623.06,38.7717,0.48
17760000,39,-454.665,2628.84,42.1027,0.498563
17780000,39,-454.891,2661.24,37.0884,0.508
17800000,34,-399.984,2647.79,28.9097,0.507
17820000,32,-377.454,2649.99,32.5479,0.490222
17840000,33,-382.914,2647.19,30.5015,0.507222
17860000,31,-357.613,2637.59,35.1939,0.465
17880000,34,-392.006,2634.2,44.1641,0.473
17900000,42,-469.343,2671.21,45.3132,0.523
17920000,27,-311.654,2652.2,28.0806,0.464
17940000,36,-406.833,2658.78,27.9483,0.517
17960000,25,-291.591,2634.41,30.8138,0.494
17980000,30,-345.103,2621.68,30.7262,0.501
18000000,32,-367.622,2651.46,28.3163,0.474
18020000,32,-367.221,2628.56,31.913,0.483571
18040000,33,-373.521,2626.31,35.1146,0.53575
18060000,40,-445.232,2651.25,38.0464,0.553
18080000,39,-437.645,2648.57,43.8176,0.511
18100000,38,-442.448,2633.21,48.5758,0.526
18120000,30,-349.75,2631.45,30.5438,0.505
18140000,38,-437.048,2653,43.776,0.514
18160000,31,-359.225,2632.75,23.872,0.522
18180000,39,-437.974,2631.8,45.7382,0.552
18200000,41,-462.371,2656.43,51.1444,0.544
18220000,41,-471.799,2646.86,42.2506,0.54
18240000,37,-414.376,2653.38,36.3505,0.536
18260000,33,-387.655,2632.45,34.13,0.516
18280000,34,-392.998,2614.6,31.7408,0.484
18300000,41,-471.363,2636.9,40.239,0.521333
18320000,33,-386.228,2638.82,37.1247,0.514
18340000,36,-407.768,2643.23,45.151,0.54
18360000,40,-451.991,2666.88,44.6632,0.498
18380000,30,-335.994,2624.48,34.4265,0.506
18400000,30,-352.057,2628.12,27.4294,0.487
18420000,28,-322.083,2632.58,29.7203,0.499
18440000,22,-252.846,2602.01,31.5266,0.473
18460000,25,-298.434,2627.12,20.753,0.489
18480000,28,-328.323,2639.77,29.9894,0.463
18500000,33,-382.93,2662.18,30.8726,0.473
18520000,31,-353.249,2619.09,32.5692,0.512
18540000,29,-332.001,2630.48,26.0545,0.479
18560000,37,-425.393,2668.28,32.2121,0.526
18580000,39,-441.182,2638.22,47.2877,0.529
18600000,36,-414.255,2636.05,41.6698,0.512759
18620000,30,-352.781,2635.6,29.0888,0.53
18640000,41,-472.019,2687.87,32.1158,0.521
18660000,29,-340.582,2634.32,22.4899,0.508
18680000,32,-373.839,2622.54,30.5935,0.506
18700000,34,-392.844,2630.69,40.6159,0.523964
18720000,35,-409.123,2626.73,39.7669,0.507
18740000,34,-385.714,2631.2,29.1312,0.529
18760000,39,-441.606,2625.73,38.7572,0.536
18780000,34,-389.032,2646.41,28.8252,0.513
18800000,32,-374.101,2618.51,37.193,0.491
18820000,38,-427.921,2643.06,36.0673,0.566
18840000,41,-462.6,2653.25,38.9379,0.543
18860000,33,-374.439,2647.05,21.5302,0.504
18880000,29,-331.506,2652.26,29.5228,0.495071
18900000,39,-440.812,2641.05,46.4708,0.534
18920000,33,-374.887,2619.19,46.5914,0.513
18940000,38,-428.012,2642.35,44.981,0.476
18960000,34,-390.088,2630.51,26.8101,0.477
18980000,45,-511.63,2642.88,44.6137,0.55
19000000,38,-429.315,2647.52,44.0186,0.5172
19020000,35,-406.761,2667.44,45.0421,0.491
19040000,36,-411.4,2662.84,36.8161,0.497889
19060000,25,-296.305,2616.09,22.851,0.467
19080000,25,-289.57,2630.31,25.0892,0.486
19100000,33,-383.399,2648.42,31.8378,0.521
19120000,32,-376.002,2639.03,36.6108,0.536
19140000,36,-403.894,2638.12,36.8758,0.509
19160000,33,-381.612,2647.43,38.0669,0.5
19180000,35,-398.543,2632.37,37.9411,0.503286
19200000,43,-486.466,2648.25,49.6564,0.538
19220000,31,-359.389,2649.65,34.4413,0.499
19240000,23,-274.878,2626.57,16.9467,0.485
19260000,27,-313.083,2630.45,26.0454,0.49675
19280000,33,-382.009,2632.21,28.0447,0.5
19300000,44,-501.858,2646.83,50.6669,0.524
19320000,33,-391.642,2639.25,38.6648,0.51
19340000,28,-330.768,2621.49,31.4813,0.516
19360000,36,-426.044,2619.06,29.3369,0.4996
19380000,39,-442.462,2641.99,35.76,0.523
19400000,40,-465.045,2631.81,36.9385,0.5185
19420000,29,-342.86,2613.1,22.3402,0.468
19440000,33,-381.002,2634.74,34.3791,0.543
19460000,41,-459.844,2633.65,32.6285,0.5335
19480000,33,-368.302,2631.77,38.7724,0.491
19500000,37,-426.695,2625.07,35.2284,0.5384
19520000,30,-350.932,2619.72,29.6746,0.486
19540000,32,-374.893,2649.06,23.9993,0.515
19560000,35,-418.258,2609.64,43.2622,0.508429
19580000,24,-278.912,2621.74,25.078,0.481
19600000,27,-316.342,2598.67,34.1392,0.494
19620000,31,-367.399,2620.76,28.0921,0.4845
19640000,25,-307.013,2619.47,27.7361,0.449
19660000,34,-390.013,2642.8,35.4073,0.505
19680000,35,-414.177,2626.2,35.8102,0.477
19700000,37,-438.031,2634.29,37.3266,0.503
19720000,29,-336.521,2643.09,28.9615,0.492
19740000,32,-375.324,2640.79,28.2197,0.501
19760000,37,-425.944,2643.02,40.5711,0.52025
19780000,28,-327.878,2649.18,24.1689,0.477
19800000,33,-389.923,2657.37,46.9447,0.447
19820000,31,-359.928,2611.02,29.4843,0.516
19840000,37,-430.728,2649.77,46.8838,0.547
19860000,33,-389.635,2635.06,39.8782,0.487455
19880000,29,-336.49,2606.87,24.0815,0.485167
19900000,30,-348.296,2640.64,26.2864,0.496
19920000,27,-322.24,2630.77,22.0002,0.51
19940000,32,-363.925,2643.7,30.2549,0.5
19960000,33,-377.878,2643.67,33.2921,0.4986
19980000,33,-382.248,2657.15,35.6763,0.489
20000000,34,-394.341,2656.18,35.4954,0.509
20020000,30,-345.696,2625.86,37.212,0.548
20040000,34,-386.094,2649.22,35.6724,0.487
20060000,35,-401.657,2641.73,32.7701,0.51
20080000,33,-382.043,2614.87,22.8036,0.517
20100000,41,-472.771,2651.02,50.2644,0.533923
20120000,34,-396.671,2636.41,39.2908,0.494
20140000,43,-494.85,2658.86,55.5347,0.5266
20160000,38,-439.851,2644.42,38.3333,0.496625
20180000,39,-440.48,2651.03,39.6495,0.521
20200000,31,-358.99,2622.08,33.1959,0.518
20220000,28,-331.066,2611.03,35.9811,0.519
20240000,33,-380.355,2656.7,37.0207,0.48
20260000,29,-342.234,2636.96,29.0074,0.511
20280000,28,-332.643,2630.28,19.1459,0.527625
20300000,33,-375.785,2618.58,31.5786,0.472
20320000,31,-351.814,2629.96,31.5813,0.478
20340000,32,-379.378,2637.92,27.4339,0.5
20360000,30,-353.867,2632.71,31.749,0.477
20380000,35,-406.749,2656.46,27.1486,0.469
20400000,27,-315.658,2631.47,26.0283,0.4964
20420000,30,-349.894,2617.48,28.4217,0.498
20440000,41,-464.13,2629.36,45.4429,0.5317
20460000,53,-598.698,2669.25,58.2121,0.526
20480000,36,-419.963,2616.89,38.6485,0.521
20500000,39,-450.224,2684.65,36.9712,0.519
20520000,38,-443.155,2610.38,38.2286,0.485
20540000,41,-476.019,2658.67,49.27,0.494
20560000,43,-479.678,2692.87,47.5529,0.55
20580000,36,-408.628,2623.64,47.1077,0.527
20600000,43,-489.456,2647.35,41.0323,0.533062
20620000,34,-393.589,2644.7,30.6219,0.489
20640000,37,-420.878,2645.39,42.4045,0.524045
20660000,36,-421.718,2637.75,27.7374,0.497
20680000,39,-453.639,2645.11,39.2176,0.518
20700000,30,-340.241,2646.75,27.9885,0.491
20720000,31,-353.169,2623.55,31.3585,0.515
20740000,26,-307.674,2612.02,26.9993,0.479
20760000,21,-245.656,2603.46,23.6613,0.454
20780000,19,-223.31,2598.99,16.6516,0.482
20800000,30,-349.514,2593.68,30.4082,0.464
20820000,32,-361.739,2616.09,31.1154,0.547
20840000,32,-367.078,2630.33,31.0603,0.527
20860000,33,-385.24,2628.11,27.7882,0.531167
20880000,41,-468.278,2638.64,37.7663,0.563
20900000,38,-442.258,2637.16,30.596,0.5381
20920000,23,-278.967,2603.62,25.4901,0.477
20940000,24,-284.42,2616.49,20.7025,0.473
20960000,28,-320.15,2587.65,23.512,0.498
20980000,29,-341.024,2602.65,38.2348,0.517
21000000,35,-404.969,2606.3,38.0044,0.517
21020000,27,-331.497,2594.07,19.0857,0.459
21040000,39,-458.15,2577.82,40.1064,0.548
21060000,25,-304.491,2609.66,32.2635,0.461
21080000,33,-382.066,2613.32,38.1923,0.524
21100000,28,-336.596,2599.35,27.8219,0.504
21120000,35,-412.608,2668.33,37.9922,0.507
21140000,30,-348.308,2625.89,35.0133,0.497
21160000,40,-455.129,2656,29.8571,0.492
21180000,30,-347.698,2619.36,25.3362,0.527
21200000,36,-420.001,2651.63,32.9762,0.513667
21220000,53,-623.821,2673.75,48.3917,0.551339
21240000,35,-412.197,2642.59,33.9376,0.511
21260000,27,-317.966,2619.42,28.1256,0.504
21280000,43,-486.853,2671.49,44.1551,0.54645
21300000,33,-389.893,2601.55,30.7141,0.499
21320000,27,-324.499,2621.43,29.6462,0.475
21340000,28,-326.236,2611.3,32.0861,0.469
21360000,38,-430.442,2624.25,36.2693,0.52
21380000,35,-395.455,2624.76,43.3665,0.495
21400000,27,-323.659,2612.63,19.0837,0.45
21420000,42,-470.405,2660.07,32.8014,0.515182
21440000,29,-333.218,2628.68,37.663,0.481
21460000,25,-292.716,2610.65,20.0087,0.498
21480000,29,-335.834,2600.29,29.0601,0.489
21500000,27,-309.377,2605.53,24.4467,0.511
21520000,26,-302.644,2588.91,39.2589,0.487
21540000,32,-374.378,2609.75,39.1047,0.517
21560000,35,-399.941,2606.59,33.9461,0.533
21580000,28,-330.162,2595.26,32.3546,0.466
21600000,24,-284.101,2589.21,14.5188,0.475
21620000,23,-273.631,2581.28,18.5545,0.473
21640000,25,-290.431,2591.38,25.3003,0.489
21660000,27,-313.396,2609.56,27.5141,0.482
21680000,30,-349.386,2637.01,26.7719,0.475
21700000,32,-370.338,2633.51,33.6242,0.496
21720000,31,-358.232,2629.68,33.221,0.482333
21740000,28,-324.912,2620.82,29.6683,0.503
21760000,38,-436.268,2631.05,39.6165,0.528308
21780000,33,-380.629,2632.92,41.2992,0.534
21800000,30,-352.532,2600.11,30.6212,0.495
21820000,35,-397.021,2631.29,32.2119,0.48
21840000,35,-407.375,2641.79,31.4949,0.5
21860000,38,-437.888,2666.14,42.1526,0.507
21880000,30,-352.31,2613.6,26.2303,0.495
21900000,41,-470.139,2638.43,45.2308,0.512833
21920000,34,-384.726,2652.91,31.1818,0.505143
21940000,43,-492.117,2636.82,50.7111,0.513
21960000,25,-297.355,2616.91,35.8729,0.506
21980000,29,-340.769,2601.74,22.8653,0.499
22000000,40,-454.169,2647.38,42.0745,0.52417
22020000,38,-449.848,2664.62,28.2975,0.476
22040000,37,-434.952,2641.92,34.1781,0.501
22060000,25,-293.328,2607.56,20.6564,0.5
22080000,25,-299.306,2620.08,22.3975,0.49
22100000,28,-319.194,2606.56,27.9703,0.511
22120000,31,-365.795,2607.62,32.8167,0.487
22140000,24,-281.317,2606.76,16.2759,0.465
22160000,21,-245.352,2605.33,18.9653,0.47
22180000,38,-443.248,2675.72,38.2326,0.506
22200000,46,-518.968,2651.25,39.4585,0.545667
22220000,30,-338.399,2609.07,28.1504,0.525
22240000,30,-348.889,2602.89,25.3151,0.503667
22260000,29,-333.385,2619.2,28.977,0.499
22280000,31,-354.527,2639.02,24.0146,0.514
22300000,27,-326.117,2619.7,43.367,0.479
22320000,25,-290.923,2596.69,17.4185,0.50225
22340000,25,-299.638,2603.93,22.1122,0.503
22360000,30,-352.812,2637.22,35.0861,0.509
22380000,27,-315.482,2615.86,24.5001,0.469
22400000,27,-321.164,2601.38,24.5826,0.463
22420000,31,-376.394,2603.84,33.8561,0.54
22440000,33,-372.901,2623.6,47.0699,0.519
22460000,39,-446.904,2674.91,34.6932,0.51
22480000,31,-350.617,2617.67,29.9875,0.517
22500000,30,-349.433,2637.71,20.8679,0.505
22520000,29,-337.659,2612.56,41.6035,0.534
22540000,41,-466.737,2640.41,38.8816,0.527385
22560000,29,-333.32,2624.69,24.9571,0.498
22580000,33,-394.876,2638.46,43.1688,0.500744
22600000,39,-442.325,2649.24,54.5278,0.5228
22620000,35,-414.907,2636.04,37.2679,0.499
22640000,32,-373.965,2638.43,44.2214,0.501
22660000,43,-493.793,2656.69,40.6649,0.531
22680000,53,-597.628,2679.8,47.2462,0.542387
22700000,43,-492.893,2673.94,45.0843,0.524
22720000,39,-436.186,2650.43,31.5995,0.546
22740000,34,-395.315,2624.24,39.9691,0.469
22760000,35,-407.27,2659.2,44.7433,0.518
22780000,30,-334.415,2601.84,28.8338,0.47925
22800000,32,-361.844,2598.74,33.2457,0.52
22820000,35,-399.814,2610.91,31.432,0.5311
22840000,37,-412.061,2640.98,37.6664,0.528
22860000,33,-370.805,2669.7,27.9938,0.5
22880000,41,-467.992,2662.22,38.9262,0.506
22900000,31,-357.45,2647.75,22.4991,0.511
22920000,32,-381.434,2634.79,35.8558,0.492
22940000,36,-425.259,2637.88,33.2691,0.512167
22960000,38,-444.097,2636.03,30.6261,0.488
22980000,35,-407.248,2636.02,24.0371,0.503
23000000,31,-361.501,2626.87,23.0833,0.475
23020000,35,-398.762,2638.99,36.843,0.517
23040000,32,-359.69,2633.14,38.2662,0.527
23060000,39,-435.601,2661.11,36.3793,0.574
23080000,36,-423.105,2647.95,36.0843,0.516
23100000,38,-441.965,2636.04,42.4434,0.53237
23120000,43,-496.595,2627.53,34.8338,0.509
23140000,39,-446.678,2646.82,44.5141,0.528
23160000,29,-337.518,2619.48,22.8334,0.53
23180000,40,-457.412,2626.48,41.4763,0.521
23200000,39,-447.04,2637.84,34.6065,0.545
23220000,38,-431.516,2651.75,43.941,0.536
23240000,24,-284.068,2590.75,23.4917,0.462
23260000,27,-327.837,2614.62,22.8761,0.449
23280000,28,-324.113,2611.43,23.4975,0.488
23300000,20,-241.453,2606.41,31.566,0.452
23320000,25,-291.966,2598.05,30.6385,0.501
23340000,33,-381.909,2599.88,30.6261,0.514
23360000,26,-302.223,2607.74,25.4107,0.493
23380000,34,-394.662,2617.03,31.9359,0.511
23400000,33,-373.585,2638.15,36.0989,0.525
23420000,34,-393.393,2627.94,31.3181,0.486
23440000,27,-319.663,2628.64,34.3958,0.458
23460000,33,-377.148,2610.72,29.337,0.523
23480000,30,-344.18,2612.92,31.3669,0.499
23500000,42,-483.181,2639.18,41.4985,0.552
23520000,34,-387.512,2646.76,41.6104,0.549
23540000,31,-361.228,2635.91,35.1171,0.466
23560000,25,-295.238,2622.27,29.2011,0.485
23580000,35,-403.606,2656.81,26.3594,0.545
23600000,30,-349.038,2638.46,22.9838,0.501667
23620000,31,-365.093,2656.59,37.0026,0.497
23640000,35,-415.053,2649.19,29.7744,0.497
23660000,28,-328.821,2627.45,31.7958,0.462
23680000,43,-495.955,2658.1,45.0167,0.535065
23700000,35,-403.285,2669.58,35.0693,0.505
23720000,33,-372.164,2610.01,34.0824,0.528
23740000,37,-426.978,2614.92,32.7656,0.540167
23760000,35,-409.306,2669.74,42.4617,0.507
23780000,38,-437.012,2657.97,50.9138,0.499
23800000,34,-391.898,2607.48,29.1105,0.532
23820000,32,-374.751,2656.57,40.1562,0.479
23840000,35,-398.042,2647.99,41.2208,0.4975
23860000,36,-409.698,2645.88,42.6765,0.5065
23880000,34,-396.268,2624.8,35.6079,0.5158
23900000,36,-415.16,2654.68,30.447,0.522
23920000,32,-368.17,2602.7,48.8186,0.529
23940000,28,-323.171,2604.78,32.3981,0.523
23960000,37,-432.546,2636.23,39.7207,0.513
23980000,41,-477.455,2641.58,38.1826,0.539
24000000,32,-380.061,2625.64,32.8457,0.519
24020000,41,-462.621,2657.2,38.2405,0.542
24040000,36,-406.257,2654.38,29.3569,0.511857
24060000,31,-358.914,2649.71,25.5066,0.474
24080000,36,-407.625,2632.99,28.2295,0.52425
24100000,35,-391.047,2635.69,37.6424,0.511385
24120000,34,-386.258,2628.42,30.7233,0.466
24140000,32,-365.393,2643.62,30.826,0.468
24160000,34,-387.727,2651.09,32.4919,0.477
24180000,35,-398.622,2637.15,38.4702,0.503
24200000,35,-408.914,2641.47,35.9813,0.482
24220000,34,-400.853,2611.95,26.7424,0.505
24240000,35,-408.227,2616.98,21.8339,0.551
24260000,29,-341.242,2615.81,38.3031,0.482
24280000,30,-358.747,2623.58,40.1905,0.476
24300000,27,-316.077,2614.4,27.3517,0.495
24320000,29,-334.961,2599.37,29.8227,0.469
24340000,23,-273.614,2595.68,26.9978,0.495
24360000,24,-289.791,2610.34,23.584,0.467
24380000,25,-295.588,2610.1,31.0086,0.469
24400000,41,-466.093,2633.2,48.2589,0.5035
24420000,32,-372.404,2634.01,23.9853,0.466
24440000,35,-396.598,2642.66,32.6549,0.511
24460000,24,-294.614,2615.74,23.8028,0.46
24480000,25,-296.167,2628.2,23.106,0.487
24500000,32,-370.062,2614.07,38.1441,0.527
24520000,25,-289.977,2622.82,20.0953,0.452
24540000,33,-385.722,2611.63,32.8182,0.513
24560000,36,-409.21,2601.18,37.6004,0.5432
24580000,31,-362.301,2619.93,30.3675,0.503
24600000,41,-466.595,2644.73,33.377,0.486
24620000,29,-338.138,2611.2,25.9485,0.508
24640000,29,-341.013,2630.14,30.826,0.50175
24660000,32,-380.813,2655.29,33.1187,0.48
24680000,27,-325.128,2633.56,42.4365,0.459
24700000,36,-421.884,2649.24,37.3575,0.51
24720000,36,-436.264,2663.43,39.1059,0.458
24740000,38,-443.532,2668.37,25.1144,0.493
24760000,35,-409.889,2646.54,33.3112,0.537
24780000,30,-352.294,2651.25,28.3467,0.46
24800000,33,-383.721,2664.8,34.6293,0.493
24820000,38,-441.269,2659.64,25.4108,0.545
24840000,36,-418.81,2643.91,48.1538,0.52
24860000,35,-406.473,2646.91,36.9811,0.49
24880000,41,-476.318,2668.35,39.3537,0.55
24900000,37,-419.907,2658.13,26.5239,0.492
24920000,39,-439.974,2669.48,32.9327,0.517
24940000,37,-434.477,2660.76,35.764,0.517
24960000,38,-434.463,2656.42,41.2486,0.522
24980000,39,-444.089,2668.85,36.2797,0.523
25000000,39,-444.381,2642.13,45.0146,0.5235
25020000,41,-466.87,2655.85,50.7345,0.533
25040000,40,-454.28,2671.91,38.0772,0.503
25060000,39,-443.847,2640.19,39.5038,0.534
25080000,40,-450.026,2667.12,34.9369,0.531
25100000,44,-495.363,2664.35,43.0621,0.523
25120000,36,-412.016,2654.01,44.7371,0.512
25140000,34,-391.417,2649.63,29.4516,0.501
25160000,40,-448.031,2685,39.4813,0.503
25180000,44,-500.907,2659.23,51.4768,0.487
25200000,39,-449.772,2663.25,36.2232,0.493
25220000,45,-514.163,2641.67,49.088,0.534
25240000,45,-519.829,2662.93,56.0157,0.542333
25260000,36,-413.586,2655.99,35.1999,0.492
25280000,39,-439.907,2635.2,35.0678,0.518
25300000,42,-476.596,2652.31,40.5251,0.5275
25320000,41,-480.011,2632.41,54.2864,0.524
25340000,35,-403.708,2631.67,42.8149,0.511
25360000,36,-418.892,2650.14,42.7868,0.527
25380000,31,-372.934,2653.76,34.0378,0.4715
25400000,35,-390.923,2632.61,35.3056,0.509
25420000,37,-414.638,2640.22,35.2845,0.5135
25440000,34,-385.88,2635.59,28.7701,0.502
25460000,36,-418.925,2652.2,32.6771,0.499
25480000,35,-415.904,2660.64,35.5996,0.483
25500000,31,-357.726,2637.39,33.4249,0.501
25520000,32,-366.282,2630.75,29.5945,0.487
25540000,38,-423.137,2647.21,32.6372,0.531
25560000,30,-347.025,2630.69,36.231,0.494
25580000,29,-337.029,2626.85,38.5828,0.521
25600000,40,-453.468,2635.27,51.1982,0.54
25620000,36,-408.104,2630.41,40.8872,0.555
25640000,37,-423.38,2642.26,42.6289,0.511
25660000,32,-365.717,2641.95,29.2433,0.489
25680000,49,-557.531,2643.62,54.6131,0.542
25700000,33,-385.069,2638.06,36.3524,0.47
25720000,30,-353.475,2651.83,32.3189,0.482
25740000,39,-433.564,2647.98,38.5993,0.533
25760000,36,-409.726,2648.24,41.5903,0.512571
25780000,32,-364.427,2641.39,32.35,0.505
25800000,34,-399.766,2665.43,30.7222,0.501111
25820000,35,-395.648,2653.44,45.8917,0.533
25840000,41,-465.299,2652.12,44.5015,0.53
25860000,36,-406.374,2654.21,43.3201,0.51
25880000,36,-412.539,2636.52,24.2699,0.541
25900000,32,-372.118,2652.77,27.7748,0.53175
25920000,33,-373.875,2630.31,33.1968,0.5245
25940000,33,-379.136,2641.47,36.9622,0.502
25960000,30,-342.441,2627.47,24.6166,0.509
25980000,43,-477.179,2663.68,50.6057,0.515
26000000,38,-425.405,2646.58,36.6907,0.534
26020000,42,-487.826,2660.53,34.3063,0.531
26040000,32,-367.631,2641.66,24.0287,0.489
26060000,50,-564.882,2673.85,56.2581,0.539855
26080000,39,-433.318,2634.84,35.9228,0.509833
26100000,31,-357.416,2607.19,34.1623,0.509
26120000,45,-501.034,2644.49,47.2064,0.5065
26140000,29,-334.284,2619.38,26.7057,0.537
26160000,27,-314.624,2627.06,39.3772,0.487
26180000,26,-305.465,2606.06,21.6836,0.474
26200000,42,-479.714,2665.7,51.9207,0.508
26220000,36,-418.391,2584.85,40.9283,0.513222
26240000,24,-286.116,2593.43,29.1825,0.494467
26260000,31,-358.034,2608.06,24.3724,0.522
26280000,27,-323.726,2596.98,24.9975,0.476
26300000,24,-279.031,2601.11,22.9275,0.476
26320000,22,-250.681,2600.67,24.1208,0.445
26340000,30,-338.228,2612.45,34.6947,0.517
26360000,28,-325.41,2607.76,33.645,0.51
26380000,33,-383.419,2604,31.3954,0.58
26400000,41,-466.773,2637.01,47.3719,0.533097
26420000,25,-284.677,2619.45,19.5157,0.493
26440000,24,-269.474,2616.58,35.5204,0.531
26460000,29,-343.393,2609.07,37.0577,0.482
26480000,42,-481.789,2642.82,53.1717,0.523
26500000,24,-283.089,2617.59,34.144,0.479
26520000,46,-545.104,2656.74,51.6307,0.561
26540000,31,-351.732,2626.43,33.8759,0.522
26560000,30,-337.48,2655.43,26.5882,0.527
26580000,29,-338.106,2613.57,42.3943,0.513
26600000,33,-383.638,2625.13,30.8972,0.513
26620000,31,-359.786,2641.62,41.746,0.448
26640000,38,-430.25,2647.03,37.5744,0.532
26660000,33,-370.663,2638.82,31.6903,0.531
26680000,32,-378.551,2608.83,29.7166,0.523
26700000,38,-439.612,2627.08,42.0012,0.492
26720000,32,-377.376,2611.22,28.3634,0.5215
26740000,44,-493.486,2626.14,55.3582,0.509
26760000,32,-363.668,2605.47,36.9376,0.526
26780000,38,-442.615,2658.76,33.5562,0.523
26800000,27,-314.069,2608.98,38.3393,0.481
26820000,47,-535.114,2674.04,48.7866,0.523556
26840000,43,-484.619,2665.98,38.7176,0.5175
26860000,39,-444.2,2618.76,56.9422,0.549
26880000,39,-442.822,2634.84,31.2121,0.514
26900000,39,-459.786,2662.3,43.092,0.508375
26920000,38,-436.814,2654.03,38.0761,0.512
26940000,28,-331.761,2614.76,27.7401,0.477
26960000,37,-418.4,2669.63,41.4919,0.51
26980000,25,-293.981,2606.23,21.8089,0.463
27000000,27,-322.889,2610.47,33.6379,0.465
27020000,34,-391.618,2613.48,30.8237,0.5094
27040000,27,-319.353,2605.87,34.7196,0.509
27060000,40,-466.871,2664.01,38.8909,0.528
27080000,34,-386.717,2601.61,30.549,0.533
27100000,31,-358.622,2613.1,21.716,0.5
27120000,42,-482.419,2662.34,52.3637,0.512
27140000,52,-598.726,2648.48,50.8379,0.511
27160000,34,-395.987,2642.18,32.4658,0.54308
27180000,32,-388.588,2626.51,40.488,0.52
27200000,45,-510.532,2685.18,32.0838,0.547035
27220000,40,-461.049,2633.82,38.1629,0.524
27240000,39,-439.036,2627.56,44.6996,0.514
27260000,38,-430.283,2648.66,39.9291,0.503
27280000,41,-473.575,2666.94,37.3058,0.512
27300000,29,-337.238,2633.15,29.0164,0.45
27320000,34,-389.2,2622.94,49.7549,0.499875
27340000,41,-463.904,2665.94,36.6685,0.557
27360000,38,-429.311,2653.32,45.6396,0.512
27380000,36,-425.558,2617.81,31.8658,0.474
27400000,38,-438.052,2663.32,36.0604,0.49
27420000,31,-352.953,2634.96,38.8414,0.538
27440000,31,-355.596,2629.69,38.2041,0.511
27460000,40,-458.973,2636.51,54.2223,0.519
27480000,45,-523.333,2659.26,51.6081,0.553
27500000,35,-395.948,2644.32,42.0034,0.476
27520000,29,-339.66,2625.63,37.676,0.522
27540000,37,-415.518,2647.88,38.022,0.485
27560000,39,-459.537,2669.68,39.6532,0.509
27580000,33,-381.752,2632.84,32.3419,0.488429
27600000,34,-403.093,2661.17,26.8442,0.493
27620000,42,-491.735,2658.82,41.6054,0.504
27640000,38,-446.391,2626.2,41.2028,0.499
27660000,46,-521.815,2656.34,47.05,0.550429
27680000,42,-487.701,2644.54,47.2316,0.548
27700000,37,-419.63,2618.54,19.3308,0.572
27720000,28,-321.733,2608.81,23.7139,0.508
27740000,27,-319.165,2610.97,25.1472,0.4975
27760000,35,-402.222,2659.04,29.4944,0.505
27780000,37,-430.623,2646.11,44.0208,0.507136
27800000,28,-331.391,2603.13,32.0265,0.487
27820000,34,-393.656,2619.74,34.5354,0.511
27840000,40,-465.65,2611.3,40.502,0.510031
27860000,28,-322.731,2586.06,34.2517,0.485
27880000,38,-430.862,2646.12,45.8171,0.529571
27900000,28,-323.372,2606.65,31.9091,0.458
27920000,33,-373.112,2614.57,36.3379,0.489
27940000,33,-380.424,2600.73,30.6471,0.569
27960000,30,-347.937,2601.28,25.3644,0.522
27980000,40,-461.571,2652.32,37.6346,0.507
28000000,35,-403.013,2644.6,36.0423,0.488
28020000,32,-367.711,2604.16,45.8903,0.499529
28040000,40,-453.697,2664.14,45.6123,0.511
28060000,43,-492.971,2665.26,43.1662,0.530636
28080000,44,-498.407,2651.92,37.8727,0.534
28100000,54,-609.836,2700.37,57.3936,0.541
28120000,39,-439.434,2657.03,42.3947,0.503
28140000,36,-402.84,2625.39,41.8671,0.53
28160000,31,-347.629,2623.88,33.0373,0.495
28180000,41,-485.513,2671.76,37.417,0.515
28200000,39,-459.389,2676.76,43.8585,0.512
28220000,43,-489.116,2658.01,42.7329,0.514
28240000,41,-450.841,2668.65,33.8033,0.518
28260000,55,-618.257,2645.01,58.701,0.548674
28280000,36,-414.481,2661.5,37.2263,0.494
28300000,38,-441.983,2635.42,35.1845,0.535
28320000,43,-492.405,2662.95,45.1785,0.543
28340000,47,-542.938,2643.56,52.4134,0.538778
28360000,31,-348.741,2645.37,28.9842,0.511
28380000,45,-496.625,2661.25,36.0864,0.5346
28400000,37,-417.276,2672.82,43.4073,0.484
28420000,43,-482.837,2651.82,40.8021,0.529
28440000,35,-398.108,2620.5,32.9301,0.484
28460000,36,-397.013,2638.89,31.569,0.544
28480000,28,-321.678,2626.21,23.8586,0.486
28500000,47,-537.551,2677.3,39.7118,0.522
28520000,35,-398.546,2645.5,32.2587,0.504
28540000,45,-509.757,2655.96,41.4031,0.555
28560000,39,-439.116,2665.84,34.3302,0.537
28580000,43,-478.216,2638.42,44.9849,0.523
28600000,41,-464.434,2659.62,45.7908,0.552
28620000,46,-522.886,2614.06,41.7721,0.559187
28640000,36,-407.316,2632.82,40.1088,0.506333
28660000,51,-583.969,2676.15,59.5626,0.528
28680000,44,-501.644,2683.8,57.5904,0.5374
28700000,47,-533.3,2658.1,29.8669,0.52
28720000,38,-441.789,2659.03,33.7947,0.499
28740000,36,-411.427,2620.86,36.6557,0.5245
28760000,30,-339.708,2636.56,21.8056,0.502
28780000,39,-443.964,2662.44,35.9807,0.487
28800000,38,-427.614,2648.48,35.4435,0.5255
28820000,42,-464.784,2649.85,36.1537,0.551
28840000,39,-438.994,2656.34,41.0113,0.543
28860000,31,-351.191,2655.74,28.3875,0.472
28880000,38,-422.95,2640.19,40.2177,0.525
28900000,36,-408.242,2623.63,36.0597,0.558
28920000,38,-426.674,2622.53,38.9858,0.532
28940000,33,-382.886,2651.15,25.719,0.503
28960000,39,-432.889,2655.6,31.8194,0.526
28980000,39,-451.029,2660.09,41.686,0.523
29000000,45,-522.916,2664.43,53.9582,0.523
29020000,40,-455.132,2657.79,31.2007,0.502
29040000,35,-397.236,2652.38,33.0304,0.529
29060000,30,-337.786,2647.91,38.9746,0.523
29080000,41,-460.254,2642.54,42.8296,0.526
29100000,38,-436.217,2639.13,42.4869,0.521714
29120000,40,-451.561,2661.57,33.6411,0.527
29140000,34,-394.91,2646.13,38.6612,0.518
29160000,36,-410.135,2650.03,51.376,0.558
29180000,40,-459.687,2657.19,33.4631,0.5
29200000,36,-404.535,2629.23,38.5131,0.509
29220000,33,-372.518,2634.32,26.7166,0.538
29240000,31,-355.696,2636.19,27.4414,0.467
29260000,35,-391.781,2637.78,34.412,0.53
29280000,36,-417.657,2662.58,44.0273,0.487
29300000,36,-408.769,2660.76,31.3534,0.523
29320000,31,-352.608,2596.96,20.4448,0.529
29340000,39,-444.784,2657.64,49.3466,0.512
29360000,33,-376.838,2605.25,31.7913,0.553
29380000,48,-551.298,2638.82,58.9037,0.513
29400000,34,-383.947,2620.59,44.6224,0.542667
29420000,54,-616.714,2626.51,53.391,0.571
29440000,32,-357.869,2626.47,35.9622,0.524
29460000,34,-386.476,2609.11,40.2285,0.486
29480000,42,-472.015,2632.61,39.773,0.532
29500000,35,-403.521,2617.01,32.9602,0.545
29520000,26,-292.848,2631.01,38.7995,0.473
29540000,29,-328.04,2605.39,28.7559,0.494
29560000,45,-510.969,2649.66,44.4506,0.556
29580000,46,-520.373,2646.79,65.4969,0.545
29600000,42,-489.696,2667.17,34.9577,0.52
29620000,42,-477.385,2673.75,40.3318,0.519
29640000,36,-403.002,2651.77,47.1321,0.505
29660000,37,-424.464,2652.17,42.3015,0.487
29680000,32,-370.068,2630.01,42.9059,0.513
29700000,35,-404.065,2651.18,38.7664,0.468
29720000,41,-456.456,2634,37.0395,0.551
29740000,44,-496.952,2626.51,37.6055,0.576
29760000,38,-441.919,2642.75,38.7126,0.5005
29780000,40,-460.808,2652.21,39.9845,0.535
29800000,50,-581.435,2651.57,57.7322,0.548667
29820000,45,-520.502,2665.94,45.9469,0.526
29840000,35,-407.803,2626.36,31.1001,0.52
29860000,44,-501.52,2645.19,55.6264,0.518
29880000,36,-401.29,2651.43,37.4055,0.528
29900000,37,-416.159,2637.26,38.3313,0.523
29920000,30,-351.205,2621.02,26.8952,0.5
29940000,45,-511.602,2649.6,43.1079,0.538
29960000,41,-462.686,2635.12,37.5146,0.4915
29980000,38,-433.19,2643.58,37.3457,0.512
