generation,N_shifts,logPrior,logLik,eventRate,acceptRate
0,0,-16.3554,-10832.2,500,0
20000,8,-101.439,2315.44,5.30172,0.541
40000,11,-137.251,2357.7,12.3598,0.557333
60000,7,-86.2818,2361.04,11.389,0.506
80000,13,-157.208,2418.12,12.4184,0.538
100000,10,-130.202,2407.91,14.2617,0.489
120000,11,-137.274,2410.61,8.59581,0.519
140000,21,-242.058,2472.73,22.6742,0.55
160000,28,-318.474,2480.12,23.4103,0.536
180000,19,-221.452,2495.73,26.1063,0.552
200000,28,-321.554,2506.46,26.1192,0.555
220000,32,-355.505,2521.22,39.9044,0.576
240000,22,-247.877,2518.66,15.8996,0.529
260000,36,-411.48,2549.48,37.3422,0.582
280000,30,-339.916,2538.3,38.5617,0.578357
300000,22,-259.829,2537.86,18.1835,0.547
320000,30,-343.228,2543.77,33.7111,0.545
340000,27,-305.877,2540.91,32.4428,0.54
360000,33,-377.861,2561.56,31.6366,0.552
380000,31,-357.215,2558.02,32.3105,0.553333
400000,30,-344.386,2545.95,29.8193,0.542
420000,22,-250.612,2530.46,24.9467,0.516
440000,22,-261.588,2534.51,26.9314,0.515
460000,32,-368.786,2591.53,32.932,0.561417
480000,36,-400.38,2596.13,39.6453,0.54
500000,28,-319.864,2559.08,25.7595,0.543
520000,41,-468.857,2618.45,50.1873,0.567023
540000,19,-222.115,2554.3,22.249,0.53
560000,26,-300.86,2549.66,23.1452,0.566
580000,23,-281.181,2549.98,19.6246,0.529
600000,33,-373.856,2604.75,28.2724,0.564
620000,28,-330.828,2566.42,25.071,0.5478
640000,24,-280.68,2570.64,21.545,0.541
660000,34,-399.783,2611.79,32.2381,0.571
680000,33,-387.117,2575.12,38.7042,0.571
700000,30,-358.659,2575.29,33.4562,0.535
720000,38,-437.577,2565.12,30.9718,0.593
740000,32,-383.215,2575.91,27.6883,0.554
760000,44,-514.404,2606.82,37.7061,0.59
780000,26,-301.694,2561.56,32.8858,0.496
800000,23,-271.883,2570.5,19.3431,0.528
820000,37,-421.51,2588.58,38.6578,0.568
840000,30,-348.622,2578.85,27.6946,0.54
860000,23,-275.946,2579.16,31.6132,0.5245
880000,30,-339.787,2562.27,33.2214,0.546
900000,23,-266.456,2568.99,19.6599,0.534
920000,28,-322.077,2560.23,26.8493,0.56
940000,42,-482.796,2614.9,27.914,0.581421
960000,22,-255.705,2559.75,20.4707,0.525
980000,26,-296.101,2561.72,18.9533,0.542
1000000,31,-346.801,2555.7,27.1508,0.551
1020000,27,-309.672,2551.6,29.1991,0.546
1040000,26,-310.083,2563.11,25.0279,0.534
1060000,41,-444.996,2570.06,40.9832,0.564
1080000,37,-418.23,2561.43,36.5527,0.541
1100000,26,-306.977,2571.91,35.2562,0.582
1120000,33,-379.909,2565.4,35.8307,0.599
1140000,34,-378.199,2603.39,36.24,0.586
1160000,29,-331.821,2567.32,21.5498,0.578
1180000,25,-288.689,2557,23.9666,0.562368
1200000,31,-355.142,2580.74,31.546,0.54
1220000,42,-480.379,2589.21,43.3138,0.588
1240000,28,-322.508,2583.79,31.723,0.529
1260000,28,-317.207,2572.9,25.929,0.536
1280000,27,-308.07,2583.18,29.6743,0.551
1300000,26,-295.689,2571.35,27.9082,0.564
1320000,26,-300.183,2567.25,26.5661,0.537
1340000,27,-311.271,2575.32,31.2923,0.508
1360000,28,-315.455,2574.23,30.9689,0.574
1380000,33,-372.452,2574.87,37.9422,0.571769
1400000,22,-255.523,2581.04,25.0691,0.531
1420000,36,-411.721,2579.44,35.4424,0.569
1440000,26,-301.846,2557.25,25.5199,0.547
1460000,31,-368.469,2564.63,31.5031,0.56
1480000,33,-388.967,2612.78,28.3519,0.574
1500000,36,-424.298,2595.66,37.6415,0.563
1520000,29,-333.132,2573.91,33.0923,0.549
1540000,27,-307.024,2583.55,39.1821,0.554
1560000,26,-296.907,2558.34,35.3084,0.541
1580000,25,-285.818,2570.09,26.2767,0.534
1600000,31,-361.731,2590.42,29.9381,0.519
1620000,40,-463.182,2597.54,44.9404,0.5575
1640000,25,-299.684,2578.43,30.1352,0.56
1660000,28,-324.569,2575.79,32.6278,0.5692
1680000,39,-438.327,2605.15,39.6114,0.5614
1700000,36,-409.032,2612.29,36.5086,0.577333
1720000,34,-392.251,2596.13,39.8125,0.556
1740000,28,-326.521,2577.71,22.8861,0.553
1760000,28,-329.145,2616.71,32.9275,0.5215
1780000,31,-367.381,2607.37,24.5794,0.543
1800000,29,-344.204,2590.71,22.0568,0.573
1820000,28,-326.076,2573.2,29.727,0.562625
1840000,25,-283.879,2574.52,25.129,0.565
1860000,32,-382.231,2585.23,31.7969,0.535
1880000,33,-388.133,2586.11,28.1651,0.576
1900000,40,-457.211,2613.43,29.3297,0.557
1920000,34,-400.722,2582.32,36.3483,0.558
1940000,35,-401.694,2598.59,31.3955,0.596
1960000,34,-398.119,2596.15,38.9133,0.545
1980000,24,-292.084,2580.51,27.5871,0.497
2000000,34,-390.348,2614.16,30.9552,0.538
2020000,38,-431.723,2614.22,41.761,0.534
2040000,36,-400.942,2591.01,49.3919,0.559
2060000,28,-327.502,2596.37,27.4166,0.585
2080000,27,-311.94,2580.55,30.9835,0.527
2100000,35,-403.137,2589.53,34.401,0.546
2120000,34,-395.538,2590.58,33.5115,0.559
2140000,31,-368.234,2590.62,27.0263,0.51
2160000,32,-365.75,2599.57,39.4412,0.57352
2180000,26,-309.291,2567.47,35.4936,0.541095
2200000,28,-347.746,2590.37,28.852,0.522
2220000,32,-364.31,2602.5,35.0049,0.563
2240000,23,-269.652,2583.03,24.8057,0.547
2260000,24,-282.831,2568.61,23.5669,0.567
2280000,36,-422.822,2612.59,29.8357,0.568
2300000,30,-354.664,2590.31,38.5694,0.536
2320000,31,-362.758,2592.06,34.5843,0.531667
2340000,31,-353.862,2571.8,28.2921,0.546
2360000,31,-357.945,2595.72,27.9899,0.54
2380000,32,-363.911,2586.54,34.9607,0.563
2400000,29,-343.669,2601.87,33.3892,0.51
2420000,29,-334.821,2582.67,24.8259,0.541944
2440000,28,-321.333,2595.98,25.1676,0.533
2460000,28,-320.827,2594.48,24.0643,0.5574
2480000,26,-301.333,2584.43,28.1175,0.535
2500000,33,-384.623,2585.54,45.4548,0.543
2520000,39,-450.782,2602.41,40.5287,0.584
2540000,37,-426.251,2611.16,32.4662,0.546
2560000,36,-428.635,2598.29,39.0771,0.545
2580000,39,-441.472,2580.77,39.9867,0.541
2600000,33,-369.861,2591.15,42.6224,0.576
2620000,37,-413.708,2563.77,34.51,0.568
2640000,27,-317.343,2583.94,23.6999,0.55
2660000,35,-389.382,2595.82,37.3689,0.557
2680000,32,-371.747,2620.99,33.5314,0.576
2700000,25,-289.81,2575.19,18.641,0.515
2720000,22,-262.637,2568.1,18.3382,0.525
2740000,28,-338.839,2581.63,23.6218,0.524
2760000,34,-393.909,2586.16,46.6846,0.539
2780000,30,-352.737,2576.35,27.1031,0.54
2800000,35,-396.075,2602.64,35.4689,0.57
2820000,33,-380.915,2589.76,35.2713,0.543333
2840000,36,-430.619,2594.54,37.3234,0.5415
2860000,32,-378.792,2577.76,36.4983,0.533
2880000,34,-384.93,2589.48,30.0156,0.565
2900000,28,-322.488,2575.72,31.396,0.55325
2920000,33,-386.979,2612.32,36.4815,0.503
2940000,33,-377.725,2588.93,33.0457,0.576
2960000,42,-472.317,2584.78,49.1406,0.523
2980000,26,-304.162,2586.92,24.1164,0.5546
3000000,32,-376.53,2609.98,32.0325,0.514
3020000,32,-374.409,2597.29,31.3618,0.529
3040000,39,-449.201,2577.42,40.2869,0.552
3060000,32,-379.505,2571.95,36.4156,0.575182
3080000,28,-341.482,2579.25,25.8335,0.533667
3100000,28,-315.206,2587.46,36.4483,0.542
3120000,35,-403.393,2603.34,34.8431,0.567
3140000,33,-367.715,2592.52,28.7567,0.583
3160000,32,-365.809,2566.91,32.5611,0.561
3180000,27,-322.198,2598.35,19.5672,0.542
3200000,34,-400.159,2586.99,39.2329,0.545
3220000,29,-341.134,2585.47,25.2672,0.549
3240000,37,-417.979,2617.61,41.8749,0.579
3260000,36,-417.127,2583.82,41.3325,0.55
3280000,31,-354.663,2594.06,31.1706,0.539
3300000,28,-324.691,2588.32,27.003,0.531
3320000,30,-346.847,2601.38,26.5562,0.538
3340000,34,-395.09,2587.68,37.0498,0.553
3360000,31,-356.464,2552.62,31.8784,0.566
3380000,37,-430.04,2592.24,40.1449,0.5652
3400000,28,-326.084,2606.37,32.5799,0.539
3420000,33,-380.75,2596.89,32.8916,0.547
3440000,32,-371.437,2569.43,37.1127,0.533375
3460000,35,-408.335,2605.89,28.0293,0.54275
3480000,29,-349.141,2584.84,31.5331,0.561667
3500000,32,-375.139,2604.87,30.3222,0.537
3520000,39,-445.942,2587.75,33.1926,0.575667
3540000,42,-487.172,2586.31,36.8961,0.572356
3560000,31,-358.697,2555.23,35.8328,0.561889
3580000,34,-395.565,2585.21,39.2144,0.553
3600000,35,-411.177,2584.21,41.7217,0.564
3620000,35,-411.251,2584.46,36.1424,0.563
3640000,23,-269.262,2578.4,25.5494,0.507
3660000,34,-381.879,2566.32,36.1767,0.595
3680000,29,-321.958,2566.57,32.8278,0.574
3700000,35,-392.619,2616.9,41.2605,0.573882
3720000,24,-271.621,2584.35,23.9352,0.509
3740000,30,-341.56,2582.82,30.3514,0.541
3760000,23,-265.613,2578.77,27.8057,0.529
3780000,31,-358.169,2611,27.5625,0.532
3800000,35,-400.709,2595.92,42.9847,0.539
3820000,30,-336.752,2588.04,30.1465,0.531
3840000,30,-346.151,2569.61,42.6007,0.513
3860000,26,-314.784,2561,38.1975,0.517
3880000,25,-298.944,2558.9,27.1718,0.51
3900000,23,-278.256,2558.13,16.7255,0.535053
3920000,28,-334.95,2550.66,29.112,0.543
3940000,28,-328.812,2574.59,33.7908,0.548
3960000,30,-347.451,2569.5,32.7311,0.578
3980000,32,-363.967,2554.22,35.9126,0.556
4000000,23,-276.87,2573.27,31.9006,0.52
4020000,33,-371.796,2566.16,46.6023,0.5765
4040000,26,-300.044,2548.06,19.9755,0.5625
4060000,26,-304.678,2561.26,32.1615,0.541
4080000,22,-264.861,2578.52,23.2953,0.526
4100000,30,-343.822,2575.89,24.0856,0.513
4120000,32,-362.695,2567.87,21.2408,0.522
4140000,28,-321.022,2561.66,24.1833,0.524
4160000,37,-424.007,2597.81,36.7549,0.5685
4180000,37,-426.412,2591.3,31.6664,0.554667
4200000,30,-347.421,2588.74,32.9864,0.522
4220000,33,-381.283,2614.31,28.5442,0.537684
4240000,23,-271.437,2581.64,15.8163,0.569
4260000,24,-289.953,2577.27,30.9302,0.522
4280000,34,-393.741,2597.96,40.2212,0.531
4300000,33,-382.827,2612.94,21.9713,0.550021
4320000,36,-405.323,2623.77,40.1294,0.55005
4340000,28,-332.76,2607.05,25.3185,0.53
4360000,30,-358.457,2564.35,29.7803,0.5555
4380000,28,-336.7,2609.54,26.8222,0.518
4400000,36,-439.432,2587.93,29.9655,0.56725
4420000,35,-411.206,2585.13,41.5471,0.55075
4440000,36,-432.703,2583.44,31.9025,0.534
4460000,25,-299.212,2586.16,21.8794,0.486
4480000,40,-451.383,2614.9,35.4295,0.563
4500000,24,-291.828,2588.42,23.4711,0.525
4520000,25,-307.054,2592.27,27.0894,0.503
4540000,26,-307.858,2595.04,34.3746,0.564
4560000,28,-337.969,2594.48,32.0003,0.52
4580000,35,-404.917,2610.99,37.1148,0.555857
4600000,37,-446.377,2579.85,40.9067,0.5296
4620000,32,-380.856,2612.39,39.3172,0.531
4640000,36,-426.166,2608.86,35.6802,0.569625
4660000,35,-407.21,2602.82,37.3112,0.557
4680000,32,-376.557,2613.17,32.8205,0.504
4700000,35,-413.003,2606.15,34.0829,0.531167
4720000,37,-432.62,2619.39,38.8472,0.528
4740000,33,-400.415,2631.01,29.5237,0.531
4760000,30,-365.381,2600,33.8507,0.518
4780000,35,-406.051,2601.8,34.4846,0.564
4800000,33,-389.511,2621.11,35.5465,0.548
4820000,34,-396.08,2593.85,34.3539,0.54
4840000,36,-416.732,2598.42,33.099,0.539
4860000,36,-408.871,2598.15,47.903,0.579
4880000,25,-295.852,2595.03,32.137,0.511
4900000,30,-350.489,2596.11,32.6014,0.558
4920000,35,-398.455,2588.15,28.752,0.544
4940000,32,-379.041,2601.37,35.3663,0.560571
4960000,37,-422.334,2605.3,33.9974,0.566375
4980000,34,-402.289,2589.62,31.3645,0.543
5000000,29,-340.65,2616.43,24.7485,0.518
5020000,30,-330.553,2572.61,27.9315,0.566
5040000,30,-349.065,2606.43,24.2054,0.527
5060000,38,-432.72,2590.52,42.6662,0.550792
5080000,29,-338.796,2601.05,36.4608,0.557649
5100000,34,-398.686,2602.65,32.614,0.543
5120000,34,-388.828,2582.46,35.9951,0.53
5140000,27,-312.418,2594.13,30.5097,0.533
5160000,29,-328.616,2586.7,39.2839,0.554
5180000,38,-442.035,2580.9,28.0259,0.599
5200000,30,-368.461,2576.41,23.6035,0.536
5220000,30,-358.832,2622.3,26.7994,0.506
5240000,33,-375.184,2580.42,36.0083,0.54632
5260000,36,-423.609,2621.95,35.6378,0.565
5280000,33,-381.947,2610.57,33.3364,0.572
5300000,31,-351.196,2568.22,30.2401,0.548
5320000,26,-312.95,2596.16,22.527,0.5295
5340000,34,-401.531,2569.83,43.0935,0.522
5360000,31,-365.455,2586.81,30.775,0.534
5380000,37,-446.011,2580.42,39.1409,0.55
5400000,32,-365.693,2575.7,26.2056,0.539
5420000,43,-504.545,2602.16,38.4996,0.557
5440000,35,-404.584,2597.83,33.9356,0.565143
5460000,30,-343.452,2563.21,31.2907,0.56
5480000,39,-451.643,2618.76,28.4486,0.556
5500000,20,-236.393,2556.32,16.7626,0.509
5520000,33,-389.136,2607.3,31.2205,0.538
5540000,30,-346.917,2586.67,35.78,0.546
5560000,32,-373.852,2609.76,38.6232,0.509
5580000,33,-391.741,2598.48,36.4317,0.537286
5600000,35,-413.077,2587.3,33.7763,0.5435
5620000,30,-349.863,2599.47,35.7662,0.547
5640000,28,-330.866,2582.05,25.7708,0.522
5660000,24,-296.305,2594.01,18.8935,0.518
5680000,28,-328.221,2595.8,27.2497,0.551
5700000,25,-304.533,2572.13,23.3409,0.51125
5720000,34,-398.047,2610.3,41.3632,0.509
5740000,29,-331.682,2566.66,24.907,0.56825
5760000,22,-264.07,2570.15,22.073,0.54
5780000,27,-317.006,2586.23,33.5346,0.575
5800000,27,-312.772,2563.09,25.5205,0.558
5820000,27,-311.133,2564.37,17.6826,0.530167
5840000,34,-391.842,2589.16,45.8069,0.551
5860000,24,-280.153,2590.08,23.4524,0.549
5880000,23,-266.84,2561.27,12.7986,0.543528
5900000,27,-310.794,2590.77,24.302,0.528
5920000,22,-264.361,2557.46,16.8927,0.525
5940000,29,-333.856,2579.09,33.9749,0.539444
5960000,33,-385.333,2584.1,28.7676,0.559789
5980000,26,-309.121,2568.71,39.9619,0.548909
6000000,28,-332.564,2605.2,32.3498,0.527
6020000,30,-356.991,2598.75,30.4345,0.553
6040000,23,-275.636,2597.46,27.2435,0.495
6060000,34,-389.945,2585.63,38.7048,0.559
6080000,35,-384.266,2593.68,38.2584,0.594
6100000,26,-305.832,2572.96,22.1469,0.577
6120000,29,-337.374,2571.96,30.2062,0.56884
6140000,40,-456.73,2570.54,36.5026,0.547
6160000,23,-267.317,2554.34,27.1083,0.542
6180000,26,-301.878,2557.8,19.6062,0.566
6200000,33,-388.485,2593.23,29.2959,0.572
6220000,28,-323.424,2591.16,27.729,0.537
6240000,29,-339.002,2568.19,26.5829,0.556
6260000,26,-312.794,2545.54,27.8755,0.547
6280000,26,-291.513,2587.69,28.451,0.538
6300000,26,-310.503,2555.77,29.8534,0.524
6320000,28,-327.009,2576.65,17.5456,0.506
6340000,27,-311.233,2579.49,35.5789,0.503
6360000,27,-308.832,2564.34,31.0874,0.5412
6380000,22,-254.724,2562.11,21.2979,0.543
6400000,28,-311.555,2551.02,24.8949,0.577
6420000,27,-317.855,2558.89,33.4809,0.568
6440000,32,-354.258,2578.91,39.5963,0.582
6460000,21,-254.111,2569.07,27.501,0.5
6480000,32,-360.057,2563.27,33.0388,0.556
6500000,47,-537.801,2575.08,56.2865,0.576174
6520000,23,-261.579,2559.72,22.7177,0.504
6540000,26,-303.39,2567.53,29.7068,0.547
6560000,34,-385.303,2569.93,44.582,0.575
6580000,43,-503.706,2612.02,36.8979,0.611
6600000,26,-313.399,2573.3,25.3418,0.53
6620000,29,-325.819,2579.33,31.267,0.559
6640000,22,-253.767,2553.72,20.9264,0.519
6660000,26,-296.377,2564.39,31.1359,0.513
6680000,29,-334.259,2581.84,24.6496,0.544
6700000,29,-332.023,2577.86,20.4513,0.54
6720000,25,-297.036,2594.12,17.2954,0.552
6740000,33,-393.679,2566.98,47.584,0.557
6760000,30,-337.677,2584.01,27.873,0.546
6780000,39,-461.526,2603.03,34.9037,0.566
6800000,26,-309.426,2582.88,26.5535,0.513
6820000,29,-333.455,2577.19,30.968,0.542
6840000,29,-332.335,2542.59,24.8993,0.544
6860000,35,-410.557,2602.51,43.9426,0.564
6880000,33,-396.275,2588.68,25.8778,0.544667
6900000,30,-348.15,2570.59,34.2166,0.539
6920000,32,-361.595,2580.39,29.7375,0.573
6940000,34,-407.141,2569.51,31.7197,0.573
6960000,30,-362.11,2571.02,39.9062,0.541714
6980000,34,-393.28,2592.75,35.8319,0.521
7000000,33,-378.848,2601.16,30.2458,0.557
7020000,30,-351.851,2586.31,29.7203,0.551
7040000,36,-412.587,2586.77,36.2779,0.584
7060000,31,-358.292,2560.2,33.8693,0.556
7080000,30,-342.931,2566.45,29.8861,0.557
7100000,24,-292.172,2554.55,27.5665,0.563478
7120000,34,-401.141,2570.52,31.4372,0.586
7140000,26,-304.731,2570.44,33.4751,0.531556
7160000,32,-363.871,2578.46,37.3652,0.555
7180000,30,-344.891,2575.34,32.5945,0.51
7200000,32,-373.198,2590.12,35.9993,0.567818
7220000,29,-332.696,2579.06,38.2243,0.537
7240000,26,-300.744,2588.05,23.7012,0.513
7260000,29,-336.522,2587.5,33.1215,0.567
7280000,22,-257.441,2577.06,24.7828,0.524
7300000,30,-347.38,2580.26,33.8808,0.547
7320000,27,-318.079,2589.07,28.128,0.533
7340000,29,-332.173,2598.73,33.5699,0.54
7360000,30,-358.017,2598.62,28.4389,0.55
7380000,30,-352.423,2601.82,36.5406,0.551
7400000,34,-387.616,2581.92,39.9218,0.564071
7420000,45,-514.1,2593.54,41.9894,0.57
7440000,33,-377.473,2599.04,32.1278,0.579
7460000,29,-338.977,2576.11,27.4704,0.517
7480000,26,-303.651,2577,23.2046,0.554
7500000,33,-377.985,2584.6,33.4843,0.55
7520000,27,-319.684,2571.4,27.555,0.533
7540000,25,-297.692,2548.39,33.1668,0.551
7560000,24,-278.664,2576.8,33.7129,0.54
7580000,23,-277.365,2578.96,22.2191,0.512
7600000,30,-355.079,2575.91,28.1605,0.564
7620000,25,-297.079,2588.57,26.9041,0.537
7640000,26,-299.417,2559.81,25.3516,0.554
7660000,25,-293.475,2564.35,23.0938,0.544
7680000,29,-331.183,2569.91,27.097,0.532875
7700000,32,-374.3,2579.53,26.7806,0.544
7720000,27,-305.577,2584.94,26.4792,0.545
7740000,24,-279.987,2569.72,21.9026,0.548
7760000,33,-375.476,2583.98,29.5622,0.5718
7780000,33,-378.179,2603.08,29.6312,0.54575
7800000,35,-407.541,2602.34,34.2198,0.562
7820000,30,-349.785,2560.79,39.9503,0.505
7840000,38,-441.385,2622.13,37.0524,0.543
7860000,23,-278.024,2566.99,20.3727,0.531
7880000,38,-446.223,2609.43,32.1269,0.541667
7900000,40,-468.552,2595.53,42.4583,0.585
7920000,31,-364.219,2606.69,29.0966,0.505
7940000,28,-333.181,2590.71,24.1487,0.538
7960000,34,-398.49,2566.04,36.2564,0.578
7980000,35,-397.321,2611.3,29.2585,0.52825
8000000,27,-335.751,2587.35,23.9855,0.519
8020000,36,-403.146,2577.06,36.6949,0.54875
8040000,30,-347.256,2574.19,26.3148,0.585
8060000,27,-314.788,2582.46,31.609,0.548
8080000,25,-286.939,2552.81,29.1412,0.534
8100000,23,-264.493,2582.38,27.6893,0.523
8120000,33,-379.616,2606.88,33.6193,0.541
8140000,30,-351.798,2602.86,30.5879,0.585
8160000,35,-402.78,2608.65,37.874,0.555
8180000,31,-363.688,2607.63,45.5944,0.529
8200000,32,-377.89,2598.82,38.12,0.561
8220000,32,-373.494,2590.43,48.5617,0.546
8240000,34,-390.177,2588.01,36.4695,0.5675
8260000,32,-379.72,2599.54,28.7002,0.546
8280000,29,-335.03,2580.26,24.4692,0.573
8300000,35,-416.266,2593.43,36.2601,0.575
8320000,36,-419.076,2598.32,45.4919,0.557
8340000,29,-330.694,2603.56,35.5562,0.572
8360000,36,-415.365,2591.71,34.8878,0.556
8380000,28,-334.389,2589.65,28.6118,0.538
8400000,34,-381.957,2597.17,36.4568,0.572
8420000,31,-356.965,2592.09,27.0634,0.567
8440000,34,-401.216,2612.51,36.9321,0.547
8460000,29,-342.911,2605.57,24.4918,0.531
8480000,32,-375.659,2607.33,29.9574,0.56
8500000,27,-329.885,2584.98,35.72,0.55
8520000,34,-407.298,2614.26,23.7617,0.554
8540000,22,-265.316,2606.94,24.3299,0.462
8560000,35,-401.878,2600.52,32.4778,0.5455
8580000,30,-341.175,2582.45,29.6209,0.558842
8600000,28,-335.409,2586.27,27.7929,0.5346
8620000,32,-379.132,2582.97,32.2079,0.565
8640000,37,-414.81,2598.25,53.5216,0.569
8660000,34,-392.539,2581.63,45.347,0.567
8680000,27,-314.946,2575.01,21.4564,0.546
8700000,34,-400.177,2592.82,26.3512,0.554
8720000,29,-344.656,2606.81,40.3801,0.543
8740000,33,-382.311,2577.67,34.7533,0.576
8760000,34,-384.456,2600.17,40.6535,0.561
8780000,36,-400.738,2587.93,33.6179,0.573
8800000,33,-382.131,2600.88,28.0125,0.56
8820000,33,-376.025,2584.26,41.8174,0.576
8840000,28,-322.323,2599.86,28.4995,0.562
8860000,34,-383.6,2583.45,37.1683,0.53
8880000,35,-396.821,2580.17,41.7109,0.554077
8900000,39,-444.953,2612.82,49.5727,0.579571
8920000,29,-330.34,2574,32.0963,0.512
8940000,28,-330.74,2592.67,21.4553,0.5
8960000,29,-336.212,2606.21,41.673,0.529
8980000,39,-443.171,2623.45,47.6477,0.556
9000000,32,-372.315,2557.63,33.5973,0.5574
9020000,36,-419.309,2597.07,32.8388,0.54275
9040000,28,-317.853,2550.29,33.5044,0.548
9060000,40,-467.485,2589.23,40.3669,0.575
9080000,35,-415.979,2575.65,36.0344,0.564467
9100000,26,-308.512,2550.64,33.3438,0.545
9120000,33,-379.617,2588.49,40.083,0.55
9140000,29,-337.531,2605.38,27.3005,0.533
9160000,36,-420.544,2609.23,26.8725,0.5525
9180000,28,-319.722,2557.03,25.1091,0.556
9200000,32,-378.796,2590.66,27.9692,0.569
9220000,31,-351.734,2583.12,36.9671,0.536
9240000,29,-339.007,2585.44,26.206,0.574
9260000,26,-296.246,2556.98,20.1615,0.554
9280000,37,-418.322,2576.97,40.5975,0.548
9300000,32,-373.284,2574.09,38.9166,0.562
9320000,30,-338.21,2589.22,25.0073,0.574
9340000,34,-392.512,2564.72,33.6527,0.527
9360000,34,-391.811,2598.95,41.0932,0.531
9380000,33,-380.722,2580.65,21.7978,0.565286
9400000,29,-340.183,2596.96,27.2065,0.52
9420000,26,-324.989,2569.63,24.8396,0.564
9440000,38,-445.291,2580.78,45.8769,0.563889
9460000,23,-277.711,2570.84,20.7785,0.554
9480000,28,-340.773,2569.38,27.9084,0.528
9500000,26,-305.423,2597.76,27.466,0.552
9520000,39,-452.503,2569.04,38.9541,0.542
9540000,27,-307.037,2587.43,22.4362,0.561
9560000,33,-393.374,2565.75,33.3118,0.571
9580000,30,-369.941,2591.66,30.9414,0.513
9600000,37,-429.368,2579.8,32.6479,0.564926
9620000,29,-339.312,2590.07,38.4227,0.549
9640000,31,-355.896,2580.67,38.3402,0.565333
9660000,32,-380.254,2584.22,36.6269,0.559
9680000,23,-262.086,2575.18,25.596,0.531
9700000,24,-272.112,2575.46,31.8372,0.505
9720000,28,-327.334,2584.58,29.0017,0.552
9740000,28,-327.008,2560.22,30.0796,0.563
9760000,29,-332.754,2580.48,29.3512,0.573
9780000,28,-325.756,2593.04,28.8699,0.503
9800000,35,-401.291,2606.66,45.3947,0.534
9820000,27,-326.517,2610.65,34.7872,0.538167
9840000,31,-353.695,2585.66,32.7768,0.542
9860000,33,-399.972,2603.19,29.185,0.562
9880000,36,-409.28,2592.47,38.7054,0.579
9900000,42,-480.794,2616.04,48.0359,0.560913
9920000,37,-421.613,2585.45,36.596,0.557
9940000,40,-450.893,2568.16,42.3276,0.5855
9960000,28,-336.298,2574.19,24.7707,0.512
9980000,33,-386.976,2589.34,46.4526,0.566
10000000,25,-292.557,2579.93,21.5447,0.509
10020000,28,-328.361,2607.4,35.0855,0.532
10040000,27,-312.529,2575,26.8002,0.537
10060000,28,-328.284,2606.06,33.7096,0.525
10080000,32,-371.472,2591.26,33.3394,0.535
10100000,32,-380.501,2608.94,31.6525,0.549
10120000,39,-464.16,2598.84,37.9676,0.559
10140000,31,-352.865,2606.7,28.8711,0.549
10160000,29,-329.021,2586.46,27.0826,0.526
10180000,35,-412.376,2600.74,30.6811,0.564
10200000,36,-417.125,2591.21,28.9922,0.55125
10220000,31,-351.958,2580.43,21.5225,0.575
10240000,27,-307.576,2580.44,26.6533,0.52225
10260000,28,-316.846,2566.27,29.8821,0.573
10280000,43,-489.746,2584.37,36.1894,0.561833
10300000,36,-408.901,2574.41,27.6144,0.56925
10320000,38,-436.453,2581.38,33.1789,0.561125
10340000,35,-397.672,2574.84,36.1905,0.565
10360000,32,-362.225,2583.22,29.4887,0.549
10380000,33,-377.422,2579.39,47.2706,0.545
10400000,29,-325.124,2593.91,26.3498,0.535667
10420000,30,-356.469,2547.39,40.1079,0.552
10440000,37,-414.828,2593.82,42.6948,0.553417
10460000,27,-312.818,2543.2,20.0524,0.525
10480000,34,-392.656,2578.56,29.5518,0.534
10500000,34,-391.996,2596.67,33.1652,0.554696
10520000,29,-344.83,2595.32,41.5166,0.498
10540000,34,-385.254,2579.14,36.4782,0.521
10560000,26,-307.67,2586.1,25.825,0.538286
10580000,23,-282.937,2569.95,36.93,0.51
10600000,25,-295.068,2580.81,35.0589,0.485
10620000,32,-363.332,2574.86,42.3856,0.555727
10640000,30,-348.66,2592.85,28.7914,0.542438
10660000,33,-383.402,2575.54,33.369,0.52
10680000,20,-247.293,2554.8,18.3561,0.516
10700000,31,-360.787,2589.54,29.9122,0.53952
10720000,23,-276.735,2564.76,34.0943,0.53475
10740000,28,-324.996,2563.55,32.8799,0.558
10760000,24,-292.204,2565,28.1308,0.512333
10780000,32,-370.881,2579.66,31.8502,0.577
10800000,30,-358.43,2587.44,25.8114,0.53
10820000,35,-403.029,2580.74,44.6131,0.582
10840000,27,-315.84,2568.26,23.2326,0.572
10860000,27,-318.46,2585.12,24.1661,0.501
10880000,37,-426.63,2607.08,32.5464,0.539
10900000,25,-302.71,2547.48,27.201,0.549
10920000,30,-345.836,2555.18,33.0461,0.58
10940000,28,-335.204,2579.36,29.6229,0.553
10960000,26,-304.031,2550.64,24.6618,0.537
10980000,33,-392.144,2589.12,30.4032,0.542
11000000,31,-366.663,2606.91,30.3322,0.544
11020000,26,-301.721,2593.46,26.2514,0.537286
11040000,22,-259.315,2563.14,25.1454,0.547
11060000,29,-340.343,2570.32,26.5891,0.554
11080000,28,-339.667,2568.68,27.3876,0.545
11100000,30,-358.687,2571.69,30.3272,0.561
11120000,34,-392.948,2605.81,33.3431,0.555455
11140000,29,-342.69,2608.34,37.0687,0.519
11160000,29,-345.403,2598.12,30.6047,0.539
11180000,32,-383.821,2590.19,37.7998,0.575
11200000,27,-327.543,2564.89,24.0607,0.52
11220000,32,-363.841,2583.71,25.0909,0.56575
11240000,28,-334.714,2607.55,26.6461,0.532
11260000,30,-358.08,2610.6,35.3523,0.5555
11280000,29,-343.985,2597.61,31.2527,0.5655
11300000,33,-368.784,2583.74,34.8701,0.568689
11320000,33,-385.593,2568.58,32.8409,0.582
11340000,36,-421.605,2597.18,44.7284,0.565265
11360000,35,-399.57,2556.41,38.4135,0.5621
11380000,30,-343.724,2563.29,37.4093,0.528
11400000,28,-319.858,2565.27,28.2022,0.56
11420000,35,-396.489,2576.76,44.255,0.602
11440000,37,-428.452,2564.04,32.5528,0.554
11460000,33,-377.681,2567.01,23.6937,0.587
11480000,28,-315.992,2568.5,22.4321,0.596
11500000,27,-318.033,2565.1,22.9676,0.521
11520000,36,-415.639,2579.31,50.0788,0.585
11540000,31,-361.931,2570.36,31.4221,0.528
11560000,30,-351.064,2577.73,35.3025,0.552
11580000,37,-419.232,2589.56,39.7639,0.554
11600000,33,-391.683,2569.89,38.8941,0.5655
11620000,26,-303.102,2581.49,25.8243,0.522167
11640000,25,-297.143,2562.87,27.4746,0.534
11660000,38,-438.437,2581.67,40.4411,0.548
11680000,27,-303.521,2571.86,29.1679,0.544
11700000,33,-384.424,2579.23,32.4718,0.5495
11720000,30,-337.74,2588.08,35.1003,0.575333
11740000,30,-332.128,2577.93,26.994,0.543
11760000,29,-327.297,2574.47,29.3244,0.571
11780000,32,-373.497,2590.59,26.0752,0.561
11800000,26,-299.466,2584,26.6379,0.524
11820000,27,-317.325,2574.88,23.7008,0.542833
11840000,31,-363.076,2596.62,39.3135,0.598
11860000,28,-333.875,2567.73,22.6154,0.544
11880000,34,-392.975,2577.39,33.5766,0.564
11900000,28,-324.266,2588,26.1509,0.556
11920000,27,-314.901,2578.94,20.7659,0.558
11940000,32,-364.53,2601.66,31.9087,0.558364
11960000,27,-313.811,2566.21,29.8417,0.563
11980000,32,-373.299,2598.12,29.5922,0.55325
12000000,32,-364.179,2601.08,25.8129,0.56
12020000,32,-366.279,2588.55,34.7774,0.57
12040000,31,-361.845,2607.5,39.0987,0.547333
12060000,24,-285.149,2584.78,19.6762,0.509
12080000,38,-444.997,2615.96,37.9637,0.594
12100000,31,-360.555,2573.45,31.3229,0.55875
12120000,29,-340.277,2573.64,24.8353,0.548
12140000,28,-325.001,2566.15,34.9015,0.538
12160000,31,-353.377,2572.75,23.4352,0.566
12180000,28,-335.67,2614.15,30.1853,0.537
12200000,24,-289.559,2582.77,30.98,0.501
12220000,31,-361.297,2595.57,34.6953,0.524
12240000,35,-402.834,2576.78,36.1369,0.566
12260000,32,-374.129,2570.81,34.7544,0.567
12280000,37,-413.511,2581.01,38.4302,0.55
12300000,36,-415.677,2584.95,39.4817,0.552
12320000,27,-324.228,2562.11,35.0219,0.507
12340000,28,-326.145,2584.25,24.8448,0.562
12360000,36,-423.156,2586.64,32.508,0.558429
12380000,25,-291.462,2576.94,29.7115,0.541375
12400000,25,-289.275,2566.58,20.5089,0.557
12420000,31,-355.118,2569.88,25.82,0.555
12440000,27,-317.165,2568.27,32.9641,0.533
12460000,30,-348.136,2572.72,36.5916,0.559
12480000,28,-333.37,2594.81,30.4168,0.538
12500000,30,-351.548,2557.06,27.3985,0.5432
12520000,24,-291.18,2562.51,23.671,0.528
12540000,36,-417.358,2594.47,37.6485,0.573333
12560000,23,-277.121,2569.75,15.3042,0.53525
12580000,34,-406.911,2585.82,31.8584,0.560475
12600000,27,-318.548,2566.7,35.517,0.544
12620000,28,-330.269,2559.85,24.0611,0.5521
12640000,33,-374.674,2573.99,25.997,0.597
12660000,38,-428.005,2606.26,29.6113,0.57
12680000,32,-364.214,2616.77,36.2061,0.529
12700000,26,-322.308,2591.57,29.5933,0.517
12720000,24,-289.214,2578.91,35.9046,0.508
12740000,27,-325.507,2572.43,21.4631,0.555
12760000,29,-331.086,2602.99,27.8263,0.532
12780000,32,-361.826,2607.59,30.1208,0.575
12800000,30,-343.282,2609.5,34.0811,0.549
12820000,25,-295.507,2578.81,27.7327,0.545
12840000,38,-426.243,2617.69,47.5727,0.558
12860000,32,-363.942,2585.4,33.8095,0.559
12880000,25,-289.182,2600.37,23.3244,0.527
12900000,30,-351.622,2593.48,32.1663,0.545
12920000,28,-322.464,2569.11,21.3998,0.543
12940000,29,-341.047,2560.26,33.4367,0.566
12960000,33,-378.518,2590.14,29.9933,0.579
12980000,27,-309.925,2583.57,20.7327,0.546667
13000000,35,-401.969,2563.1,33.3214,0.577
13020000,25,-295.758,2574.28,20.2353,0.530333
13040000,22,-269.024,2580.6,27.2806,0.507
13060000,27,-327.089,2580.16,26.6436,0.496
13080000,31,-366.264,2583.11,39.9958,0.566
13100000,31,-365.638,2591.82,40.9814,0.546
13120000,32,-385.151,2601.73,31.0838,0.567429
13140000,26,-316.359,2574.56,31.528,0.547
13160000,29,-341.4,2566.66,36.6394,0.569
13180000,28,-326.989,2595.56,31.6232,0.564
13200000,27,-317.633,2569.46,32.3415,0.565
13220000,34,-386.988,2577.95,29.7662,0.552818
13240000,33,-388.275,2561.79,28.1912,0.56475
13260000,30,-348.942,2592.45,28.4752,0.55175
13280000,28,-326.117,2583.04,35.7191,0.569
13300000,30,-352.558,2591.91,28.9897,0.552
13320000,34,-376.154,2572.35,28.8407,0.591
13340000,32,-367.942,2574.04,32.8265,0.522
13360000,36,-418.329,2590.73,32.4069,0.549
13380000,36,-426.728,2587.89,36.3658,0.541
13400000,30,-345.699,2587.76,37.5585,0.523
13420000,29,-339.703,2581.15,29.6641,0.515
13440000,34,-389.204,2594.28,40.9319,0.538
13460000,31,-364.28,2574.92,30.2084,0.574
13480000,29,-340.781,2566.86,32.3643,0.512
13500000,30,-347.764,2582.21,31.1347,0.571
13520000,32,-382.019,2596.09,47.8352,0.564
13540000,27,-317.87,2569.37,20.856,0.527
13560000,25,-285.886,2576.97,25.9896,0.525
13580000,26,-310.769,2584.98,29.1219,0.538
13600000,31,-351.619,2588.9,38.1936,0.550333
13620000,28,-325.322,2568.59,40.0808,0.5792
13640000,29,-336.764,2580.6,29.4223,0.604
13660000,29,-332.617,2571.2,28.0093,0.511
13680000,34,-396.75,2586.65,36.737,0.526
13700000,29,-335.903,2567.68,47.7001,0.561
13720000,31,-365.181,2606.71,26.5998,0.560409
13740000,36,-411.468,2600.11,32.8767,0.582
13760000,26,-301.059,2573.89,26.4526,0.54175
13780000,30,-339.801,2580.49,22.7881,0.554
13800000,39,-450.32,2592.27,41.2709,0.544
13820000,28,-318.334,2562.59,35.4635,0.543
13840000,27,-311.544,2575.72,24.1861,0.54
13860000,29,-325.72,2577.72,23.1233,0.561
13880000,25,-290.358,2552.18,23.0683,0.518
13900000,22,-271.093,2562.6,29.4095,0.531
13920000,35,-398.193,2565.15,39.1768,0.5494
13940000,32,-360.993,2582.39,31.1115,0.567
13960000,33,-388.058,2578.65,38.9148,0.551667
13980000,42,-477.345,2570.73,36.8896,0.573
14000000,33,-377.589,2577.53,28.0086,0.531
14020000,35,-404.363,2580.63,44.5008,0.573
14040000,29,-333.182,2574.05,44.0687,0.531
14060000,37,-435.997,2562.65,35.0268,0.556667
14080000,20,-250.352,2566.38,17.6687,0.519
14100000,23,-261.946,2552.77,22.7529,0.499
14120000,26,-291.33,2537.9,34.7171,0.525
14140000,27,-310.108,2560.91,22.5788,0.536
14160000,28,-329.117,2566.87,36.2569,0.527
14180000,23,-274.601,2561.96,32.7145,0.515
14200000,34,-387.916,2591.16,34.9962,0.525
14220000,29,-346.727,2609.18,35.8477,0.538312
14240000,33,-393.561,2595.68,31.3251,0.5595
14260000,30,-367.043,2573.08,32.9007,0.561
14280000,38,-427.485,2570.8,37.0231,0.582
14300000,31,-358.445,2589.91,27.4744,0.544
14320000,29,-340.174,2576.82,47.0493,0.561
14340000,31,-359.783,2577.82,29.7433,0.58
14360000,35,-401.678,2588.55,43.8382,0.551667
14380000,33,-376.046,2582.84,36.5763,0.548
14400000,39,-437.558,2571.54,31.2609,0.5355
14420000,36,-404.755,2584.03,34.5544,0.557
14440000,30,-335.713,2591.03,33.2729,0.552
14460000,40,-468.165,2575.81,42.707,0.581444
14480000,35,-391.57,2564.1,29.5739,0.569
14500000,28,-330.618,2583.45,20.1771,0.54
14520000,25,-302.49,2576,20.607,0.505
14540000,28,-326.618,2569.03,27.6633,0.559623
14560000,34,-392.156,2567,34.1986,0.544714
14580000,27,-314.775,2591.95,24.9529,0.491
14600000,30,-359.575,2580.95,27.7581,0.555
14620000,34,-396.317,2594.2,35.671,0.586
14640000,34,-394.03,2588.95,22.5536,0.573
14660000,34,-402.497,2596.08,47.5142,0.5245
14680000,31,-360.236,2598.74,23.7831,0.555
14700000,34,-391.701,2608.9,25.2326,0.567
14720000,34,-395.509,2612.16,28.8251,0.55
14740000,27,-317.243,2609.56,24.9447,0.501
14760000,29,-329.176,2583.5,36.3804,0.594
14780000,39,-451.518,2607.94,59.0211,0.565333
14800000,26,-307.205,2565.5,17.2889,0.503
14820000,41,-466.623,2590.25,44.7612,0.562
14840000,36,-415.017,2601.38,49.0553,0.57
14860000,36,-409.072,2589.52,38.5361,0.571
14880000,31,-360.324,2614.63,15.4077,0.541
14900000,30,-349.53,2599.38,27.8388,0.578
14920000,38,-430.401,2572.24,36.2898,0.62
14940000,36,-416.735,2610.35,43.8976,0.57
14960000,31,-361.683,2590.52,24.5906,0.558
14980000,39,-444.224,2623.43,35.5675,0.558
15000000,31,-356.086,2606.85,34.2649,0.5505
15020000,29,-338.178,2587.56,29.834,0.564
15040000,29,-337.27,2579.95,31.8453,0.547
15060000,34,-407.327,2601.98,31.6769,0.564
15080000,34,-388.495,2601.67,35.2688,0.592
15100000,29,-336.741,2590.41,32.7846,0.553
15120000,32,-363.154,2580.16,34.0937,0.545
15140000,49,-545.422,2603.34,41.9632,0.585
15160000,37,-419.59,2568.49,31.6865,0.561
15180000,35,-408.789,2582.69,37.7531,0.57
15200000,30,-357.933,2596.75,30.5607,0.53
15220000,30,-359.521,2556.52,37.9425,0.559833
15240000,28,-342.679,2578.16,30.8272,0.508417
15260000,27,-307.532,2579.34,34.5149,0.595
15280000,28,-343.945,2563.84,27.7203,0.53
15300000,34,-392.153,2585.4,28.1549,0.552
15320000,31,-363.087,2554.26,33.9592,0.535
15340000,31,-359.147,2592.65,21.9094,0.536
15360000,24,-282.457,2574.53,25.5815,0.538
15380000,27,-321.391,2570.35,35.1288,0.526
15400000,30,-348.977,2578.41,31.6652,0.551
15420000,25,-290.409,2565.47,27.3378,0.567
15440000,26,-293.161,2559.1,20.4493,0.522
15460000,24,-287.635,2564.91,16.622,0.5155
15480000,32,-370.541,2598.18,23.3643,0.53
15500000,38,-429.817,2601.82,39.5188,0.559389
15520000,32,-374.882,2604.04,37.9735,0.5634
15540000,30,-352.587,2573.82,28.163,0.571
15560000,26,-317.97,2573.08,23.7094,0.523
15580000,24,-282.527,2578.36,20.7696,0.53975
15600000,22,-262.166,2545.84,16.1966,0.501
15620000,20,-239.25,2572.7,23.7919,0.496
15640000,26,-294.7,2552.53,22.3364,0.534
15660000,26,-305.33,2604.03,23.9157,0.537
15680000,30,-349.438,2584.85,24.6835,0.551
15700000,35,-399.506,2581.97,31.0892,0.57492
15720000,37,-433.576,2566.53,35.8431,0.57
15740000,27,-312.663,2594.84,29.1225,0.517
15760000,31,-372.498,2596.17,35.2492,0.555
15780000,25,-301.792,2586.82,30.571,0.547769
15800000,27,-313.631,2576.65,29.7391,0.508
15820000,25,-296.607,2593.31,17.6042,0.555
15840000,29,-341.434,2610.33,22.9613,0.53
15860000,31,-365.557,2599.29,23.3327,0.570722
15880000,26,-309.561,2573.55,27.3889,0.547
15900000,27,-317.608,2605.77,41.1323,0.506
15920000,29,-325.324,2593.46,24.2505,0.546
15940000,31,-350.282,2572.77,36.0191,0.554
15960000,36,-409.016,2564.33,43.5593,0.558375
15980000,39,-429.224,2584.81,29.9387,0.61
16000000,30,-346.84,2608.11,36.7238,0.556
16020000,39,-444.84,2581.07,62.4912,0.58813
16040000,32,-364.604,2614.12,25.5382,0.5756
16060000,26,-304.541,2595.21,37.3824,0.51
16080000,30,-360.624,2591.03,36.5576,0.554882
16100000,21,-257.918,2558.49,19.1395,0.483
16120000,36,-417.697,2582.17,32.437,0.561
16140000,31,-362.829,2595.77,37.3488,0.554
16160000,26,-306.188,2573.78,21.8411,0.538
16180000,29,-349.241,2602.01,27.1209,0.509
16200000,25,-306.265,2575.03,25.2739,0.542667
16220000,30,-350.825,2608.08,35.6016,0.533
16240000,38,-445.518,2573.56,35.2346,0.564538
16260000,39,-439.571,2589.27,46.8157,0.573
16280000,33,-376.314,2630.43,40.1805,0.501
16300000,41,-466.501,2604.34,47.8884,0.575
16320000,27,-318.203,2605.47,25.0571,0.507
16340000,30,-349.91,2593.54,25.1296,0.513
16360000,35,-409.644,2605.67,35.3179,0.54
16380000,31,-365.007,2559.98,36.2924,0.578
16400000,40,-468.608,2607.21,37.8388,0.536
16420000,31,-361.353,2582.96,27.3689,0.538
16440000,39,-442.445,2602.89,35.1305,0.55908
16460000,25,-300.585,2583.15,25.8919,0.517
16480000,31,-375.808,2582.22,31.337,0.548
16500000,27,-317.991,2569.23,31.6073,0.556926
16520000,30,-345.665,2576.36,25.727,0.564
16540000,38,-439.454,2611.62,42.5147,0.615
16560000,24,-292.337,2583.1,24.0652,0.536
16580000,31,-361.456,2584.47,42.53,0.56
16600000,31,-354.193,2582.96,38.2414,0.535
16620000,27,-314.917,2578.75,22.8801,0.553
16640000,31,-350.078,2572.56,32.9399,0.578
16660000,29,-336.613,2576.64,43.9234,0.548
16680000,31,-350.324,2594.07,44.2708,0.57
16700000,26,-306.081,2582.33,19.1295,0.57
16720000,38,-432.347,2593.04,31.3435,0.565615
16740000,29,-338.315,2594.66,25.603,0.5435
16760000,32,-361.709,2578.44,32.6208,0.57
16780000,35,-396.699,2603.83,29.7322,0.556
16800000,33,-369.209,2599.39,44.3826,0.567444
16820000,33,-379.404,2597.13,35.628,0.555
16840000,36,-412.991,2598.8,31.9744,0.575727
16860000,33,-384.33,2577.37,38.2795,0.564857
16880000,26,-292.815,2582.97,38.9732,0.544
16900000,31,-351.488,2598.69,34.719,0.526
16920000,27,-303.889,2580.91,21.3735,0.536
16940000,37,-416.979,2593.36,38.6723,0.557
16960000,22,-260.261,2576.91,20.6169,0.527
16980000,31,-345.966,2553.91,29.5529,0.5805
17000000,36,-408.899,2550.99,41.9415,0.591
17020000,23,-269.313,2545.99,21.6714,0.511
17040000,40,-450.971,2577.4,36.5252,0.584
17060000,24,-274.115,2533.08,22.5667,0.539
17080000,23,-265.001,2539.63,24.0635,0.551
17100000,31,-362.19,2606.15,31.2767,0.54
17120000,38,-436.725,2589.8,39.2572,0.571
17140000,32,-367.122,2573.29,35.8557,0.577
17160000,26,-301.338,2572.1,23.6939,0.528
17180000,36,-415.746,2562.04,26.2853,0.549
17200000,36,-413.987,2594.08,33.5966,0.564
17220000,29,-340.704,2590.68,24.0554,0.578094
17240000,27,-309.995,2577.17,20.6918,0.571
17260000,25,-293.178,2600.13,20.6764,0.54
17280000,25,-299.559,2586.51,23.768,0.501
17300000,33,-375.886,2608.22,44.1226,0.559
17320000,29,-344.76,2612.72,24.7503,0.531
17340000,34,-385.248,2580.19,21.6953,0.557
17360000,30,-351.703,2614.14,26.9019,0.568
17380000,30,-357.512,2606.97,39.8829,0.54175
17400000,42,-482.177,2598.6,37.612,0.61
17420000,33,-392.572,2617.08,39.5739,0.543
17440000,33,-395.67,2612.33,37.6705,0.494
17460000,32,-375.611,2615.97,23.3812,0.557
17480000,29,-339.178,2565.74,22.7455,0.547
17500000,33,-388.23,2572.6,33.2391,0.556
17520000,29,-336.83,2572.69,39.0024,0.556
17540000,29,-322.099,2560.86,24.6927,0.603
17560000,37,-424.704,2592.98,26.2076,0.56275
17580000,26,-304.545,2581.64,35.6205,0.529
17600000,35,-399.264,2581.06,46.1569,0.581667
17620000,26,-310.042,2575.62,25.7947,0.554
17640000,32,-383.303,2593.73,27.4434,0.566667
17660000,22,-254.658,2566.24,25.9259,0.513
17680000,35,-399.464,2590.73,49.1911,0.561286
17700000,31,-359.607,2599.11,27.4547,0.555
17720000,30,-352.151,2614.7,21.3713,0.527
17740000,31,-358.079,2598.24,44.0341,0.568
17760000,31,-364.968,2575.5,23.1769,0.567
17780000,41,-461.669,2568.87,48.1708,0.624
17800000,36,-415.605,2595.05,27.9897,0.567
17820000,31,-360.898,2587.36,36.7563,0.569
17840000,29,-331.647,2572.18,27.0911,0.559
17860000,34,-402.681,2576.85,47.9317,0.552
17880000,28,-332.782,2589.88,21.4409,0.519
17900000,32,-377.04,2594.75,41.7493,0.533
17920000,29,-342.668,2597.64,30.8456,0.539
17940000,24,-289.324,2613.41,29.6154,0.523
17960000,34,-390.023,2592.89,37.3348,0.538
17980000,36,-407.843,2611.74,36.2404,0.578
18000000,41,-470.314,2602.74,48.3814,0.593
18020000,33,-367.034,2613.78,26.1492,0.543
18040000,32,-370.365,2629.82,33.1109,0.537
18060000,40,-459.594,2594.59,27.0975,0.567444
18080000,40,-455.815,2602.93,39.3928,0.561
18100000,34,-393.449,2616.45,36.5447,0.529
18120000,37,-428.117,2600.63,41.168,0.565
18140000,33,-376.578,2589.47,30.0511,0.552444
18160000,29,-339.918,2556.6,27.7174,0.561
18180000,30,-344.304,2577.49,38.7805,0.526
18200000,26,-311.854,2569.72,28.8956,0.555
18220000,27,-312.073,2560.87,22.5986,0.571
18240000,30,-354.675,2610,31.4785,0.505
18260000,36,-410.47,2582.55,34.3664,0.532
18280000,33,-382.865,2564.84,46.4248,0.543
18300000,39,-431.527,2594.58,47.0565,0.573
18320000,35,-399.441,2588.83,34.7921,0.579333
18340000,37,-416.123,2581.94,45.1192,0.5805
18360000,32,-365.58,2569.09,34.6978,0.526
18380000,32,-363.958,2563.78,22.5033,0.568
18400000,34,-385.79,2573.91,43.2347,0.565
18420000,36,-420.271,2601.28,44.1523,0.562
18440000,38,-434.809,2591.76,37.761,0.579
18460000,31,-360.216,2584.29,36.268,0.526
18480000,33,-383.501,2596.36,32.5339,0.551
18500000,29,-323.124,2570.89,30.663,0.511
18520000,35,-402.632,2603.37,37.5053,0.571
18540000,33,-374.559,2592.87,34.8351,0.585
18560000,34,-384.485,2577.33,38.2808,0.548769
18580000,31,-359.58,2573.77,37.4382,0.587
18600000,26,-297.639,2559.37,28.7209,0.558
18620000,26,-302.581,2579.41,27.0964,0.569
18640000,26,-300.602,2566.62,25.7771,0.527909
18660000,25,-287.567,2555.41,28.5339,0.596
18680000,34,-392.221,2596,38.1125,0.543
18700000,26,-301.045,2580.22,23.9498,0.562
18720000,32,-365.805,2568.29,40.1623,0.558
18740000,35,-400.548,2590.89,31.9612,0.555517
18760000,29,-333.006,2583.7,27.6786,0.545714
18780000,32,-368.044,2550.01,23.0656,0.556
18800000,36,-413.096,2589.3,38.362,0.558
18820000,27,-310.543,2596.64,29.0971,0.546
18840000,31,-356.703,2583.02,36.1316,0.515
18860000,37,-421.047,2597.35,39.2309,0.562
18880000,31,-354.576,2586.27,30.334,0.531
18900000,30,-347.504,2584.61,38.1717,0.524
18920000,39,-448.828,2588.38,50.2837,0.5765
18940000,24,-278.828,2572.93,29.7225,0.547
18960000,25,-297.617,2600.28,23.7395,0.518
18980000,26,-314.187,2589.52,34.5046,0.514
19000000,29,-338.074,2581.36,35.9596,0.525
19020000,32,-364.776,2597.95,33.6815,0.549
19040000,34,-395.955,2585.88,37.8845,0.561
19060000,29,-336.909,2587.59,25.1047,0.511
19080000,33,-384.007,2610.78,43.2299,0.56825
19100000,33,-392.674,2562.09,27.3988,0.539
19120000,28,-329.771,2577.81,24.9789,0.544
19140000,25,-288.748,2555.67,30.1479,0.537167
19160000,31,-351.941,2591.54,32.4337,0.536
19180000,26,-306.213,2549.1,22.4777,0.519
19200000,31,-366.579,2619.84,28.3694,0.560182
19220000,29,-332.195,2585.3,25.2961,0.536
19240000,32,-372.261,2582.93,36.1073,0.551
19260000,33,-375.19,2590.14,29.8169,0.567091
19280000,26,-314.567,2579.45,33.8844,0.488
19300000,30,-358.144,2598.08,29.5699,0.522
19320000,24,-286.568,2593.39,29.8761,0.512
19340000,36,-411.793,2586.41,33.966,0.582
19360000,32,-372.567,2584.98,24.7107,0.54
19380000,27,-314.873,2576.82,24.0387,0.550333
19400000,26,-309.663,2593.74,26.0247,0.516
19420000,29,-337.785,2589.08,34.0869,0.542
19440000,31,-357.462,2568.96,30.1223,0.567
19460000,29,-326.567,2568.57,27.5098,0.566
19480000,35,-396.528,2576.05,31.027,0.591
19500000,34,-391.643,2593.03,34.898,0.564
19520000,35,-394.654,2558.28,34.473,0.542
19540000,29,-338.383,2576.03,27.9235,0.527
19560000,29,-343.297,2595.91,36.8415,0.502
19580000,45,-514.21,2611.51,51.6476,0.58
19600000,29,-347.228,2605.75,36.927,0.535
19620000,33,-385.883,2586.78,45.0977,0.544
19640000,39,-442.55,2608.97,39.2789,0.572
19660000,29,-354.223,2576.85,35.7769,0.548
19680000,27,-321.319,2584.21,26.6117,0.512
19700000,30,-351.642,2589.97,30.1774,0.594
19720000,30,-351.663,2574.56,26.5205,0.562
19740000,28,-321.012,2579.73,28.8566,0.5572
19760000,34,-391.019,2561.14,36.5099,0.554143
19780000,39,-438.283,2602.27,44.0911,0.572
19800000,24,-281.48,2555.45,28.9106,0.539
19820000,29,-338.134,2607.52,28.3119,0.563
19840000,32,-366.762,2605.35,29.7201,0.576
19860000,34,-377.296,2584.64,39.4548,0.547
19880000,21,-248.702,2573.48,16.6127,0.505
19900000,30,-347.871,2574.76,29.2623,0.542
19920000,28,-338.259,2587.56,18.4556,0.534
19940000,30,-347.281,2590.69,20.8287,0.561
19960000,25,-291.262,2572.4,29.1632,0.529
19980000,36,-404.132,2577.94,29.5726,0.572
20000000,28,-317.429,2582.49,31.0422,0.553632
20020000,42,-480.122,2533.36,39.7351,0.5635
20040000,30,-344.18,2578.74,37.6303,0.564
20060000,32,-368.015,2572.41,36.7172,0.547
20080000,34,-392.229,2566.09,41.4359,0.553
20100000,23,-270.119,2549.33,32.333,0.538
20120000,26,-301.916,2580.48,27.218,0.536
20140000,30,-366.656,2578.86,29.0877,0.512
20160000,35,-396.52,2569.53,31.7001,0.564
20180000,41,-461.477,2591.18,37.6243,0.599
20200000,35,-402.977,2617.97,46.9807,0.535
20220000,22,-268.198,2561.14,39.7673,0.518
20240000,36,-414.551,2597.54,29.1465,0.555
20260000,30,-345.514,2552.09,35.1336,0.5605
20280000,28,-327.267,2555.07,22.7471,0.532
20300000,32,-369.558,2582.29,34.0768,0.574
20320000,27,-310.103,2607.94,33.5626,0.573065
20340000,27,-305.603,2554.92,31.7219,0.579
20360000,33,-367.155,2545.96,30.0035,0.595
20380000,31,-360.51,2582.02,35.5267,0.533
20400000,35,-403.18,2566.25,35.4783,0.557
20420000,31,-355.158,2571.12,31.571,0.534
20440000,29,-325.764,2565.42,35.4219,0.56
20460000,39,-446.506,2590.93,24.7863,0.57
20480000,35,-399.104,2562.04,39.1619,0.561
20500000,26,-307.479,2568.08,35.072,0.555
20520000,31,-353.377,2620.97,36.3425,0.555
20540000,31,-347.306,2552.05,25.2685,0.574
20560000,39,-445.393,2614.67,52.0814,0.536
20580000,25,-292.439,2571.69,28.0559,0.525
20600000,36,-420.105,2589.28,37.6001,0.56
20620000,30,-363.42,2604.7,34.124,0.5
20640000,28,-330.385,2577.66,24.0307,0.569
20660000,41,-470.815,2606.24,45.9694,0.564182
20680000,21,-259.356,2542.87,24.0768,0.505
20700000,23,-268.534,2554.42,36.5204,0.528
20720000,35,-405.277,2609.89,43.4757,0.543
20740000,31,-353.344,2601.66,27.4421,0.555
20760000,30,-343.487,2599.39,32.1056,0.551222
20780000,31,-361.036,2586.04,30.8177,0.533
20800000,37,-427.662,2579.7,35.2004,0.573023
20820000,33,-390.491,2602.25,33.3413,0.534
20840000,30,-358.031,2611.06,35.7956,0.554
20860000,31,-359.811,2590.95,23.3983,0.557
20880000,34,-388.084,2565.23,25.3037,0.585
20900000,32,-368.833,2595.25,37.7379,0.561
20920000,40,-452.702,2612.47,35.2561,0.52
20940000,30,-343.956,2583.66,27.9179,0.559
20960000,38,-427.516,2613.21,42.1766,0.542
20980000,34,-389.622,2584.2,29.3925,0.539
21000000,31,-347.42,2600.71,25.2004,0.532
21020000,28,-322.292,2587.33,24.0889,0.521
21040000,26,-307.773,2563.29,27.0822,0.538
21060000,26,-301.654,2578.93,30.2331,0.531778
21080000,25,-288.252,2575.41,25.1002,0.545
21100000,37,-414.374,2564.34,52.9102,0.565
21120000,21,-242.878,2546.49,15.6291,0.547
21140000,25,-287.314,2539.71,38.8157,0.531
21160000,26,-296.542,2560.99,28.6464,0.542
21180000,34,-395.299,2593.09,32.9947,0.572
21200000,32,-370.369,2592.74,31.069,0.576
21220000,24,-293.062,2571.84,22.575,0.549
21240000,23,-275.963,2567.81,28.6247,0.555
21260000,28,-345.12,2600.05,34.0358,0.505
21280000,29,-329.562,2585.14,37.9163,0.584
21300000,25,-281.818,2592.33,26.1901,0.525
21320000,34,-385.404,2589.96,25.9845,0.576
21340000,30,-341.038,2591.25,43.6725,0.552
21360000,31,-348.368,2570.78,30.4263,0.577
21380000,35,-403.928,2581.85,32.2592,0.594
21400000,32,-363.06,2592.84,28.33,0.579
21420000,27,-325.494,2584.92,33.9572,0.532
21440000,31,-352.538,2563.97,39.1614,0.559083
21460000,31,-356.498,2596.83,32.6979,0.587
21480000,30,-344.166,2598.66,25.2361,0.549818
21500000,34,-399.819,2566.8,35.9617,0.570538
21520000,32,-367.396,2590.65,31.1661,0.58
21540000,25,-303.334,2607.61,40.3846,0.536
21560000,32,-382.453,2596.81,37.5294,0.549
21580000,23,-267.626,2567.27,23.7915,0.521
21600000,23,-280.254,2585.64,19.4531,0.499
21620000,31,-366.929,2571.12,26.2654,0.558
21640000,27,-308.313,2585.37,30.8631,0.566
21660000,24,-283.635,2572.49,25.8487,0.533
21680000,31,-356.496,2575.5,38.9072,0.565167
21700000,34,-404.25,2588.21,42.8369,0.56
21720000,30,-341.625,2580.08,24.4807,0.536
21740000,29,-329.12,2583.59,36.9013,0.568
21760000,25,-297.164,2574.09,24.864,0.518333
21780000,32,-365.77,2587.23,25.2787,0.5468
21800000,30,-344.993,2587.54,28.2556,0.539
21820000,21,-256.996,2581.35,12.7303,0.487
21840000,34,-393.336,2573.45,37.097,0.581
21860000,36,-411.723,2586.39,41.6554,0.572
21880000,29,-343.646,2593.66,26.758,0.51925
21900000,27,-317.148,2573.82,29.0318,0.586
21920000,29,-351.836,2572.95,23.4774,0.537214
21940000,27,-317.712,2573.02,20.5764,0.564
21960000,30,-343.238,2584.91,41.2131,0.564
21980000,27,-318.623,2576.45,26.3638,0.545
22000000,33,-387.032,2599.16,28.7414,0.5585
22020000,30,-349.738,2586.26,26.0128,0.532
22040000,28,-336.873,2571.85,27.9274,0.519
22060000,31,-359.632,2587.23,38.8827,0.579
22080000,27,-318.369,2583.27,29.9238,0.547
22100000,26,-306.831,2602.15,18.8085,0.518
22120000,27,-325.342,2596.87,31.9288,0.545
22140000,39,-460.962,2603.38,44.1858,0.579
22160000,29,-350.616,2600.76,25.4485,0.492
22180000,26,-314.475,2605.16,34.4967,0.48
22200000,36,-431.279,2601.63,31.0682,0.535
22220000,36,-423.222,2608.16,37.0752,0.552
22240000,35,-405.829,2597.38,49.4689,0.548
22260000,46,-531.778,2592.98,46.4611,0.561
22280000,40,-459.853,2601.47,32.2235,0.522
22300000,36,-417.827,2620.2,34.4088,0.53
22320000,38,-438.237,2600.45,48.3903,0.554762
22340000,32,-377.582,2607.85,43.5988,0.536
22360000,32,-376.514,2637.74,34.9262,0.504
22380000,33,-381.497,2620.48,28.4693,0.53
22400000,36,-411.437,2590.86,42.2528,0.562
22420000,37,-437.521,2598.44,39.7997,0.536
22440000,33,-381.477,2606.18,45.721,0.526294
22460000,44,-508.995,2590.68,46.3605,0.561542
22480000,33,-384.503,2598.06,31.1323,0.557
22500000,29,-368.356,2620.66,26.3381,0.517
22520000,36,-412.967,2592.93,29.0759,0.581
22540000,38,-433.971,2620.64,34.3803,0.5235
22560000,38,-432.272,2602.27,41.8804,0.548
22580000,36,-408.812,2588.95,34.9178,0.551
22600000,34,-384.998,2612.58,40.0369,0.542
22620000,40,-461.074,2586.95,52.1217,0.562
22640000,29,-343.763,2610.78,24.5732,0.5355
22660000,30,-353.727,2597.61,32.258,0.586
22680000,28,-324.567,2581.4,20.969,0.584
22700000,32,-366.257,2605.7,31.766,0.553
22720000,32,-370.745,2622.6,32.0997,0.492
22740000,33,-373.132,2601.79,32.4089,0.527
22760000,26,-299.392,2605.97,20.7236,0.525
22780000,34,-393.36,2574.75,28.7551,0.55
22800000,32,-367.763,2595.14,34.3401,0.531
22820000,32,-364.562,2565.14,31.8261,0.5652
22840000,33,-373.959,2581.15,39.3623,0.55
22860000,39,-443.285,2575.82,30.6138,0.566385
22880000,27,-306.091,2610.13,29.1949,0.559
22900000,41,-460.722,2603.33,29.6096,0.58
22920000,35,-405.19,2576.84,31.614,0.592
22940000,34,-385.153,2569.02,30.6172,0.581
22960000,36,-406.718,2592.6,35.1131,0.564
22980000,35,-407.306,2591.31,40.9393,0.568
23000000,37,-432.2,2594.51,40.175,0.549
23020000,30,-344.039,2606.34,35.97,0.53
23040000,35,-398.884,2594.52,50.5745,0.518
23060000,29,-325.012,2590.4,26.3717,0.548
23080000,29,-339.486,2612.03,33.9755,0.521
23100000,30,-349.649,2583.56,28.4219,0.5515
23120000,27,-314.427,2577.12,27.0161,0.526
23140000,28,-319.718,2580.69,35.5424,0.548
23160000,28,-316.864,2589.87,37.7977,0.576
23180000,39,-446.902,2600,39.4749,0.571
23200000,30,-348.948,2580.66,25.0785,0.596
23220000,31,-372.445,2591.42,41.9003,0.523
23240000,35,-401.281,2601.51,32.1412,0.570333
23260000,40,-463.324,2588.75,37.8751,0.564605
23280000,37,-421.126,2601.39,30.4379,0.581
23300000,36,-426.157,2601.64,35.3935,0.539
23320000,35,-397.852,2586.08,37.2595,0.558
23340000,32,-380.502,2607.63,28.4652,0.535
23360000,33,-395.243,2581.47,37.4551,0.561
23380000,39,-451.698,2597.65,40.5618,0.555667
23400000,29,-332.426,2591.79,29.4941,0.541
23420000,26,-299.797,2586.34,26.4112,0.501
23440000,27,-317.943,2589.67,24.2627,0.557625
23460000,35,-393.138,2593.12,31.2766,0.548
23480000,29,-327.183,2579.37,31.8321,0.549333
23500000,26,-301.061,2598.97,24.9809,0.562
23520000,31,-355.113,2601.14,23.4509,0.546
23540000,37,-421.302,2596.69,38.0363,0.594
23560000,33,-381.601,2585.02,30.9336,0.542
23580000,30,-337.672,2594.41,33.2338,0.547
23600000,30,-349.577,2594.48,24.9253,0.553
23620000,33,-365.252,2587.74,29.818,0.546917
23640000,28,-320.16,2589.56,31.3765,0.541818
23660000,31,-367.718,2587.74,31.8048,0.549
23680000,32,-372.454,2589.99,31.3852,0.536
23700000,26,-290.875,2587.29,25.0522,0.492
23720000,30,-342.729,2589.91,35.2718,0.559786
23740000,28,-319.229,2593.96,33.319,0.558
23760000,30,-338.204,2569.65,33.7373,0.541
23780000,38,-435.041,2582.25,38.8116,0.582
23800000,31,-352.96,2591.11,29.9697,0.548
23820000,28,-326.141,2602.21,27.1101,0.525
23840000,34,-383.155,2592.27,31.505,0.565
23860000,34,-392.588,2583.05,36.336,0.543
23880000,27,-317.544,2578.41,29.8059,0.5305
23900000,36,-426.417,2586.85,38.8091,0.524
23920000,37,-429.336,2611.98,41.3406,0.57425
23940000,26,-300.862,2577.31,29.6147,0.547
23960000,31,-381.514,2599.38,42.4729,0.5235
23980000,31,-356.331,2595.3,25.8985,0.54
24000000,36,-411.048,2619.83,32.8095,0.567
24020000,34,-387.139,2574.96,30.9971,0.575
24040000,34,-392.198,2594.1,33.834,0.562
24060000,31,-349.187,2538.54,41.7494,0.511
24080000,32,-383.557,2589.56,29.3282,0.525
24100000,32,-369.904,2587.5,29.2852,0.572305
24120000,23,-272.637,2567.4,23.7422,0.537
24140000,31,-365.134,2578.52,32.4798,0.56
24160000,26,-304.334,2590.01,22.2956,0.5495
24180000,35,-409.325,2592.24,37.4008,0.551
24200000,25,-299.385,2600.14,18.632,0.52125
24220000,37,-427.51,2585.04,31.4089,0.55375
24240000,42,-480.041,2608.61,40.4944,0.559757
24260000,41,-478.269,2604.65,55.6588,0.551
24280000,31,-374.015,2604.93,46.9492,0.533167
24300000,37,-421.983,2600.37,29.1219,0.5425
24320000,40,-459.441,2594.61,34.3884,0.581
24340000,28,-336.97,2602.29,28.9369,0.554
24360000,27,-318.557,2593.57,32.8547,0.548
24380000,31,-358.647,2572.93,36.2914,0.543
24400000,28,-330.379,2602.39,21.473,0.527
24420000,38,-434.742,2592.89,43.0993,0.577
24440000,34,-388.732,2597.94,42.6545,0.570333
24460000,32,-374.164,2578.86,40.6692,0.574
24480000,30,-344.612,2583.85,29.1572,0.53
24500000,38,-437.055,2593.43,43.6445,0.567
24520000,34,-405.852,2582.28,37.3881,0.545
24540000,35,-402.681,2599.25,27.7939,0.544
24560000,39,-454.531,2595.19,38.3889,0.57
24580000,35,-392.861,2603.46,31.1109,0.558
24600000,28,-321.405,2545.56,26.3663,0.535667
24620000,29,-346.955,2595.04,29.2261,0.546
24640000,32,-364.209,2575.46,28.075,0.543923
24660000,30,-350.981,2569.72,24.6724,0.563
24680000,27,-312.751,2569.36,28.5712,0.559
24700000,30,-352.807,2573.6,19.3349,0.551
24720000,30,-349.194,2563.3,26.6753,0.575
24740000,31,-360.83,2568.85,29.781,0.55925
24760000,31,-352.289,2588.43,29.4878,0.557
24780000,24,-275.264,2581.86,25.1961,0.567667
24800000,33,-377.146,2568.32,43.7891,0.573
24820000,30,-349.082,2568.22,31.6222,0.553
24840000,27,-309.8,2565.6,18.9999,0.552
24860000,21,-247.63,2572.61,15.9979,0.496
24880000,31,-358.589,2560.25,26.2944,0.565
24900000,34,-397.531,2564.72,40.3953,0.579
24920000,33,-378.289,2597.34,32.0113,0.539
24940000,31,-363.502,2576.38,31.2488,0.5335
24960000,42,-471.554,2557.4,43.2783,0.584548
24980000,25,-298.384,2573.17,18.7043,0.558
25000000,30,-341.744,2576.87,31.0587,0.575
25020000,32,-380.173,2599.34,32.6828,0.547556
25040000,40,-461.045,2567.61,56.239,0.555286
25060000,30,-344.85,2600.91,27.1093,0.528182
25080000,29,-353.749,2575.61,29.4792,0.505
25100000,38,-446.311,2578.6,38.352,0.569333
25120000,37,-435.756,2585.6,38.1355,0.606
25140000,30,-346.226,2600.98,34.4084,0.515
25160000,26,-306.141,2568.41,23.9462,0.536
25180000,35,-400.28,2603.7,33.1301,0.587
25200000,28,-330.917,2586.91,26.153,0.558765
25220000,35,-417.205,2566.49,24.2132,0.572
25240000,36,-419.054,2577.67,32.3646,0.5452
25260000,36,-421.906,2623.16,31.5731,0.569
25280000,26,-300.609,2574.07,33.149,0.55
25300000,31,-365.241,2595.01,45.9414,0.572
25320000,33,-389.662,2616.14,38.3091,0.513
25340000,35,-412.339,2598.69,35.2422,0.549294
25360000,20,-243.949,2557.19,26.115,0.504
25380000,25,-299.089,2577.11,29.5237,0.577
25400000,41,-468.143,2602.47,40.9779,0.553
25420000,31,-370.079,2589.67,45.5098,0.527
25440000,30,-349.552,2592.83,32.7564,0.555
25460000,33,-377.623,2600.97,31.6957,0.522
25480000,33,-389.023,2616.92,38.064,0.555
25500000,36,-410.021,2602.71,34.4131,0.557
25520000,25,-299.41,2588.86,20.9166,0.563
25540000,26,-307.564,2582.2,18.7021,0.539
25560000,43,-485.118,2618.59,48.9718,0.568
25580000,30,-338.062,2606.8,31.5391,0.55
25600000,31,-358.01,2571.77,37.2746,0.576
25620000,42,-484.44,2600.14,44.2268,0.551
25640000,32,-366.511,2608.36,32.094,0.523
25660000,25,-287.463,2586.28,32.7075,0.508
25680000,28,-325.638,2576.47,36.4765,0.543333
25700000,31,-361.666,2601.55,27.2755,0.559882
25720000,33,-373.076,2550.8,30.0784,0.56
25740000,29,-330.221,2589.03,34.8912,0.5805
25760000,29,-333.456,2595.83,34.2979,0.55
25780000,28,-323.364,2560.16,29.4108,0.563
25800000,24,-291.167,2555.29,14.6054,0.515
25820000,28,-338.289,2557.8,24.2773,0.554083
25840000,24,-278.867,2567.99,20.7935,0.537
25860000,29,-336.573,2590.11,31.8133,0.55
25880000,25,-300.112,2572.61,24.2867,0.512
25900000,24,-279.929,2583.04,25.1392,0.560397
25920000,38,-437.071,2588.18,34.1649,0.577
25940000,34,-381.937,2579.49,30.7661,0.572367
25960000,36,-416.931,2588,35.6744,0.58
25980000,30,-353.601,2574.57,27.5527,0.5268
26000000,28,-321.949,2568.62,23.2498,0.502
26020000,26,-316.047,2574.46,29.9867,0.528
26040000,31,-354.08,2585.92,40.3664,0.525
26060000,32,-369.808,2588.51,20.4184,0.569
26080000,32,-374.797,2590.26,30.331,0.562
26100000,31,-361.197,2575.5,32.9274,0.556
26120000,26,-302.662,2572.69,23.674,0.565
26140000,31,-350.046,2563.79,29.3051,0.555
26160000,29,-329.833,2572.46,25.2787,0.552286
26180000,27,-306.845,2580.51,25.3778,0.539
26200000,33,-369.882,2585.99,29.0208,0.558
26220000,31,-351.731,2594.57,26.4538,0.555
26240000,31,-362.081,2588.59,35.0358,0.552
26260000,33,-383.771,2590.26,31.5074,0.562
26280000,32,-369.101,2583.88,37.3776,0.546
26300000,32,-368.27,2586,44.2719,0.575
26320000,26,-304.813,2567.85,28.5987,0.526
26340000,39,-448,2584.7,37.1183,0.575559
26360000,37,-431.767,2614.57,37.0789,0.567
26380000,36,-425.856,2600.24,35.8979,0.566692
26400000,35,-410.224,2594.7,29.7886,0.565
26420000,37,-421.705,2592.74,30.6418,0.572667
26440000,32,-369.092,2594.4,29.9309,0.557
26460000,31,-353.444,2608.68,22.4752,0.519
26480000,33,-370.677,2580.33,31.9276,0.55669
26500000,26,-296.074,2587.39,24.2333,0.501
26520000,33,-370.489,2607.5,35.0759,0.555
26540000,40,-462.682,2564.2,37.262,0.589333
26560000,30,-358.964,2567.67,26.1796,0.5705
26580000,34,-385.061,2557.7,39.7267,0.5495
26600000,32,-370.947,2586.7,27.4864,0.535
26620000,27,-316.75,2577.32,21.7366,0.524
26640000,27,-309.773,2552.9,31.8466,0.5505
26660000,35,-415.385,2556.23,37.7946,0.559
26680000,36,-411.629,2580.34,47.9122,0.57
26700000,41,-477.807,2578.06,37.5775,0.5675
26720000,34,-410.696,2570.8,31.7541,0.567
26740000,30,-363.712,2583.24,28.2776,0.553
26760000,34,-390.68,2633.74,24.6718,0.521
26780000,35,-397.881,2561.53,38.4027,0.538
26800000,25,-287.765,2546.28,25.5625,0.534
26820000,29,-333.971,2550.35,24.3851,0.5385
26840000,24,-278.167,2564.19,24.0246,0.536
26860000,25,-297.004,2539.76,19.1892,0.543
26880000,37,-415.607,2569.98,32.2454,0.53
26900000,31,-355.384,2552.13,31.8701,0.582
26920000,32,-381.844,2552.09,30.1482,0.56675
26940000,33,-377.445,2558.16,33.794,0.563
26960000,29,-330.633,2573.4,29.4114,0.563
26980000,30,-348.591,2557.06,25.4673,0.554
27000000,28,-326.001,2589.29,34.6765,0.569636
27020000,28,-328.947,2595.21,20.7171,0.518
27040000,28,-316.653,2550.54,21.6931,0.57
27060000,34,-381.004,2576.25,42.9194,0.515
27080000,38,-436.791,2601.41,31.6033,0.5604
27100000,25,-290.65,2559.61,30.254,0.534
27120000,35,-409.501,2569.82,30.2699,0.577349
27140000,27,-314.616,2561.48,32.5967,0.521
27160000,33,-365.949,2569.48,44.003,0.577
27180000,32,-374.464,2573.03,29.5006,0.554
27200000,35,-406.005,2567.86,33.9732,0.551
27220000,31,-366.973,2581.14,37.6673,0.57
27240000,36,-412.597,2587.86,35.2727,0.579273
27260000,35,-396.147,2576.94,29.3465,0.58325
27280000,36,-423.516,2586.9,49.3009,0.554
27300000,24,-275.886,2571.11,27.1572,0.517
27320000,37,-412.262,2598.74,28.5093,0.547
27340000,28,-327.345,2571.43,33.9488,0.525
27360000,23,-277.541,2576.28,30.1038,0.507
27380000,35,-399.106,2571.95,45.376,0.565667
27400000,32,-372.401,2577.7,45.6794,0.541158
27420000,33,-389.33,2595.45,39.3937,0.545238
27440000,37,-428.16,2596.17,45.2935,0.554
27460000,37,-427.157,2568.45,40.0076,0.6
27480000,31,-362.231,2599.7,27.4282,0.559
27500000,29,-350.254,2614.98,23.6824,0.55
27520000,34,-400.324,2607.93,32.2438,0.515
27540000,33,-381.714,2584.39,36.1781,0.6
27560000,30,-346.487,2557.57,30.5251,0.572
27580000,27,-313.238,2590.2,36.7597,0.532
27600000,29,-348.742,2566.26,33.6747,0.57392
27620000,33,-376.103,2575.58,26.0895,0.542
27640000,38,-436.533,2585.93,48.2113,0.551
27660000,26,-305.54,2557.72,23.9349,0.566
27680000,31,-363.162,2586.63,26.7632,0.548
27700000,38,-446.86,2595.24,35.5152,0.55775
27720000,34,-392.981,2543.55,45.5937,0.584
27740000,29,-342.243,2558.72,21.5719,0.562
27760000,29,-332.499,2565.98,28.0297,0.55
27780000,29,-329.982,2563.12,33.0245,0.564
27800000,33,-383.435,2622.63,29.7058,0.54125
27820000,26,-310.971,2555.66,28.3855,0.561
27840000,34,-386.768,2586,30.3723,0.556273
27860000,26,-292.436,2584.63,27.7855,0.56
27880000,29,-340.835,2589.56,28.8065,0.546
27900000,28,-323.474,2565.25,32.7844,0.575
27920000,26,-310.21,2556.93,34.0237,0.531
27940000,30,-345.375,2585.48,32.9221,0.547
27960000,34,-388.844,2576.05,41.8933,0.575
27980000,38,-435.797,2610.15,40.7841,0.562
28000000,31,-356.515,2575.97,32.7833,0.575
28020000,26,-314.79,2560.78,24.948,0.539
28040000,36,-420.904,2614.57,36.3755,0.541
28060000,24,-284.23,2587.86,16.3391,0.528
28080000,28,-333.479,2588.13,22.2081,0.519
28100000,32,-358.262,2562.86,34.1117,0.576
28120000,27,-324.632,2570.82,21.07,0.542
28140000,31,-359.199,2574.65,39.9817,0.551
28160000,32,-371.055,2562.67,17.4875,0.586
28180000,28,-320.39,2579.66,36.1099,0.567
28200000,29,-338.969,2584.86,26.001,0.538
28220000,41,-470.346,2575.58,51.1507,0.582
28240000,28,-329.006,2568.82,35.3854,0.543
28260000,28,-318.906,2574.03,27.4771,0.532
28280000,24,-281.802,2576.65,24.0543,0.521
28300000,26,-312.275,2588.78,26.294,0.554
28320000,34,-383.241,2580.19,31.1117,0.544
28340000,24,-279.157,2568.3,19.2875,0.513
28360000,28,-324.967,2575.64,21.1957,0.55
28380000,29,-347.661,2588.91,28.0895,0.555
28400000,39,-437.23,2596.82,38.2618,0.585
28420000,25,-295.06,2549.78,22.0306,0.522
28440000,35,-408.239,2586.4,35.1743,0.578
28460000,29,-330.3,2579.21,31.6543,0.534
28480000,28,-335.122,2577.41,23.5094,0.5335
28500000,21,-252.997,2577.56,14.3552,0.526
28520000,30,-340.6,2562.76,32.7556,0.53725
28540000,27,-314.622,2598.52,25.4568,0.555
28560000,37,-432.343,2575.81,36.479,0.578
28580000,27,-311.122,2573.72,21.9453,0.551636
28600000,29,-330.292,2559.98,31.2963,0.572
28620000,28,-323.248,2558.24,23.4738,0.516
28640000,34,-387.627,2575.99,41.8481,0.563
28660000,30,-363.873,2582.97,29.7922,0.528
28680000,23,-266.3,2546.88,26.6297,0.540643
28700000,25,-293.901,2579.5,22.1082,0.534
28720000,34,-373.399,2558.35,45.3106,0.574625
28740000,29,-328.932,2566.02,30.9507,0.54
28760000,28,-332.081,2591.19,21.644,0.549
28780000,32,-365.216,2564.96,40.1952,0.543
28800000,37,-421.635,2592.65,33.3908,0.568
28820000,27,-321.265,2596.07,24.3975,0.549
28840000,32,-373.193,2581.04,40.4897,0.558
28860000,29,-333.315,2555.66,28.3338,0.557
28880000,31,-357.959,2581.33,35.2066,0.509
28900000,32,-364.406,2569.5,38.0322,0.572
28920000,37,-419.906,2569.06,35.4174,0.541
28940000,31,-357.913,2572.46,36.7038,0.557429
28960000,32,-365.167,2586.44,27.8866,0.5625
28980000,32,-375.254,2590.71,33.033,0.543
29000000,31,-349.912,2583.23,23.8847,0.558
29020000,34,-394.838,2584.54,34.4971,0.545
29040000,34,-390.527,2586.58,44.8463,0.541
29060000,27,-302.165,2562.87,23.3383,0.554
29080000,37,-414.79,2551.42,36.3597,0.5373
29100000,32,-377.846,2584.01,42.1207,0.545353
29120000,38,-443.692,2574.04,37.7372,0.539462
29140000,29,-343.655,2574.84,33.4542,0.562
29160000,26,-316.416,2588.4,22.0781,0.536462
29180000,36,-409.898,2564.44,29.0168,0.546
29200000,33,-400.27,2582.6,37.325,0.531
29220000,27,-323.882,2593.82,28.169,0.528
29240000,29,-344.553,2584.24,37.2227,0.567
29260000,30,-357.257,2590.56,26.354,0.569333
29280000,30,-351.35,2581.2,29.4307,0.541
29300000,28,-320.476,2578.83,24.3595,0.551
29320000,29,-342.247,2569.2,23.4874,0.535
29340000,32,-363.371,2586.05,31.5496,0.564
29360000,28,-329.476,2581.73,34.8509,0.497
29380000,27,-322.508,2585.74,24.9164,0.532333
29400000,38,-434.576,2614.75,44.37,0.541
29420000,28,-322.52,2600.11,31.3581,0.54775
29440000,25,-289.012,2590.71,16.9953,0.545769
29460000,36,-412.497,2598.46,32.6626,0.5694
29480000,34,-392.861,2614.72,33.7348,0.574
29500000,32,-378.722,2582.24,32.8395,0.585
29520000,38,-450.45,2589.66,58.1907,0.574
29540000,30,-350.528,2592.96,35.2004,0.547
29560000,30,-349.538,2571.47,43.7243,0.564364
29580000,32,-369.905,2576.26,27.9954,0.532
29600000,31,-358.791,2593.15,26.8944,0.517
29620000,32,-371.618,2565.57,25.1751,0.545
29640000,31,-348.58,2591.64,32.7557,0.529
29660000,27,-309.12,2587.77,30.4958,0.544
29680000,28,-324.243,2563.41,38.041,0.538333
29700000,40,-450.265,2579.56,31.4109,0.594
29720000,29,-345.153,2574.11,25.3012,0.527
29740000,35,-403.085,2598.5,40.5444,0.549143
29760000,34,-391.916,2590.77,32.6464,0.549
29780000,26,-301.26,2585.87,31.4671,0.545
29800000,27,-329.061,2565.26,22.7989,0.565
29820000,32,-369.761,2574.21,42.1506,0.557
29840000,35,-407.372,2585.32,22.7406,0.583
29860000,29,-341.995,2552.64,22.6873,0.55152
29880000,34,-388.818,2583.55,30.1768,0.565
29900000,26,-300.591,2574.22,24.098,0.546
29920000,22,-259.35,2572.35,23.8319,0.507
29940000,35,-400.531,2601.68,30.8219,0.577
29960000,32,-366.897,2566.95,31.5445,0.537
29980000,26,-304.717,2577.42,17.6946,0.562
