generation,N_shifts,logPrior,logLik,eventRate,acceptRate
0,0,-16.3554,-9030.36,500,0
20000,1,-27.9169,2221.03,0.186202,0.532
40000,9,-113.726,2290.1,12.2938,0.614857
60000,13,-155.377,2313.65,5.99976,0.6208
80000,15,-176.588,2320.07,16.4826,0.608
100000,14,-162.872,2359.33,14.5279,0.587333
120000,10,-131.076,2365.28,7.61293,0.522
140000,20,-242.881,2397.31,26.0767,0.5885
160000,7,-95.9473,2341.07,8.50138,0.5884
180000,12,-151.819,2382.37,13.3646,0.585
200000,16,-205.414,2399.08,11.0587,0.573
220000,13,-167.95,2403.65,14.6892,0.58
240000,16,-196.378,2407.73,8.16812,0.557
260000,16,-199.994,2407.89,16.0737,0.565
280000,15,-186.245,2423.53,20.1129,0.571
300000,14,-174.448,2422.57,14.5357,0.539
320000,19,-235.091,2460.25,25.7189,0.555
340000,34,-391.894,2458.35,35.8137,0.597
360000,23,-292.874,2441.79,24.1674,0.5675
380000,27,-343.961,2505.1,12.9803,0.579
400000,25,-302.366,2484.25,30.7431,0.568667
420000,21,-251.76,2455.19,22.0013,0.583
440000,30,-362.097,2503.9,26.6056,0.581
460000,27,-325.568,2511.02,24.2143,0.57475
480000,28,-332.685,2484.27,30.7388,0.565
500000,32,-377.379,2502.2,28.4523,0.583
520000,21,-258.554,2480.07,25.6969,0.524
540000,25,-291.628,2481.54,20.4758,0.563
560000,25,-316.332,2497.34,29.3194,0.551
580000,27,-328.805,2477.61,27.8627,0.58625
600000,31,-372.864,2476.01,40.888,0.587
620000,28,-340.577,2514.15,29.3666,0.594571
640000,28,-340.296,2513.14,28.0655,0.532
660000,26,-312.757,2490.28,21.8584,0.579
680000,24,-291.697,2489.18,30.1217,0.569
700000,30,-361.659,2540.38,27.1386,0.5818
720000,30,-351.249,2483.91,26.8343,0.609
740000,28,-326.698,2488.59,30.4812,0.598
760000,24,-285.852,2506.71,20.7674,0.58
780000,32,-387.814,2518.4,39.3141,0.553
800000,27,-333.033,2525.02,28.1129,0.567
820000,24,-312.478,2528.44,21.9337,0.557813
840000,35,-409.178,2510.85,31.4007,0.574
860000,28,-324.856,2503.66,24.1111,0.612
880000,28,-329.583,2522.01,22.1074,0.568
900000,34,-412.475,2539.43,27.8883,0.594
920000,32,-370.361,2490.85,32.9366,0.605
940000,26,-311.154,2497.6,30.3693,0.555
960000,35,-420.952,2513.86,29.0278,0.611933
980000,27,-334.237,2511.92,31.4715,0.565
1000000,40,-468.105,2513.61,39.6241,0.583235
1020000,32,-390.339,2547.6,32.0985,0.576
1040000,32,-382.717,2526.11,35.1706,0.584
1060000,30,-353.883,2502.95,28.5899,0.596
1080000,29,-330.654,2488.4,30.8646,0.61
1100000,28,-342.047,2504.62,26.2105,0.574
1120000,27,-320.163,2495.19,24.6225,0.58
1140000,33,-391.945,2547.13,26.3243,0.583444
1160000,23,-279.122,2518.73,19.8684,0.567
1180000,27,-326.743,2526.84,17.5238,0.543
1200000,26,-317.415,2536,28.1291,0.585
1220000,29,-343.928,2521.02,32.621,0.554
1240000,24,-282.936,2488.56,34.9648,0.56
1260000,28,-343.28,2491.8,19.8999,0.566
1280000,34,-399.043,2538.85,30.6521,0.616
1300000,24,-307.574,2492,24.7935,0.562
1320000,23,-291.817,2490.04,21.8678,0.549
1340000,33,-394.576,2526.91,34.0657,0.575
1360000,35,-417.653,2535.8,51.6703,0.591
1380000,28,-328.707,2489.71,29.0403,0.594
1400000,26,-308.861,2515.11,31.1819,0.579
1420000,37,-428.138,2527.47,42.0191,0.579
1440000,30,-360.975,2501.43,28.4151,0.56
1460000,28,-331.774,2475.66,32.5685,0.5705
1480000,28,-342.189,2526.06,31.2388,0.57
1500000,37,-431.221,2546.41,40.626,0.618
1520000,29,-344.176,2503.87,34.859,0.525
1540000,38,-424.982,2470.66,28.6749,0.590333
1560000,23,-269.786,2455.4,19.9424,0.566
1580000,20,-249.559,2492.52,20.7082,0.549
1600000,23,-286.158,2491.54,20.7639,0.55
1620000,32,-377.53,2520.37,33.5349,0.555
1640000,29,-347.263,2514.53,32.7786,0.564
1660000,22,-259.571,2498.12,16.2142,0.585
1680000,22,-268.092,2517.67,18.7095,0.552667
1700000,26,-314.606,2495.2,21.9116,0.573
1720000,25,-302.569,2495.35,34.3448,0.575
1740000,37,-435.559,2492.16,31.3093,0.588
1760000,24,-286.38,2484.3,22.9372,0.56
1780000,40,-470.981,2500.58,36.1609,0.578714
1800000,30,-358.289,2490.05,23.5769,0.604
1820000,23,-267.114,2500.31,18.2046,0.566
1840000,24,-296.554,2497.82,30.7957,0.554
1860000,25,-301.732,2491.88,32.8755,0.583
1880000,25,-297.125,2487.94,36.4136,0.577
1900000,18,-223.481,2478.75,20.5923,0.538
1920000,21,-262.411,2478.74,17.1095,0.555
1940000,27,-318.162,2505.42,21.6386,0.578167
1960000,38,-446.067,2531.33,58.3953,0.626
1980000,31,-389.434,2521.52,24.079,0.572
2000000,32,-382.69,2530.93,30.2831,0.612
2020000,31,-376.511,2515.76,29.1907,0.586444
2040000,31,-384.164,2536.11,34.6781,0.545
2060000,32,-402.628,2522.11,38.8917,0.5886
2080000,28,-329.752,2500.16,28.034,0.592333
2100000,25,-308.914,2519.61,23.1115,0.585
2120000,24,-297.551,2515.28,29.9059,0.54
2140000,28,-339.184,2490.86,28.6797,0.5765
2160000,39,-460.749,2530.52,44.0483,0.590091
2180000,24,-297.781,2494.28,21.7206,0.553
2200000,26,-314.227,2524.73,18.162,0.576
2220000,31,-359.594,2515.57,28.34,0.583
2240000,28,-332.78,2495.09,36.2617,0.541
2260000,27,-323.592,2494.01,25.8932,0.595
2280000,33,-376.755,2501.73,22.4788,0.608
2300000,26,-307.854,2502.59,18.3792,0.568
2320000,23,-278.251,2501.36,25.1616,0.570273
2340000,29,-369.182,2519.55,25.6498,0.583
2360000,38,-433.077,2507.13,37.4478,0.586706
2380000,24,-306.892,2503.74,23.7861,0.59975
2400000,40,-467.811,2520.41,46.6429,0.586
2420000,32,-375.579,2520.38,36.1287,0.570333
2440000,29,-339.478,2508.26,32.7065,0.592333
2460000,28,-327.977,2502.08,14.8955,0.603
2480000,33,-393.516,2530.09,26.801,0.581
2500000,32,-379.592,2504.38,32.8777,0.600333
2520000,26,-295.377,2481.18,31.4951,0.543
2540000,28,-331.337,2496.38,28.679,0.581
2560000,25,-301.432,2507.66,20.6112,0.534
2580000,28,-330.421,2488.67,27.7198,0.571714
2600000,27,-317.133,2475.95,25.2369,0.5935
2620000,32,-373.551,2495.27,27.615,0.5875
2640000,29,-347.271,2521.21,33.9651,0.572
2660000,28,-338.94,2496.5,27.9636,0.612
2680000,23,-278.141,2478.66,26.6201,0.576
2700000,22,-267.768,2497.52,28.2016,0.545
2720000,29,-352.606,2495.92,39.9527,0.603
2740000,34,-413.845,2541.28,32.846,0.6007
2760000,29,-341.597,2503.87,38.6771,0.5635
2780000,24,-299.564,2509.28,24.3184,0.564
2800000,31,-368.757,2515.93,27.1353,0.568
2820000,25,-305.185,2500.4,17.73,0.537
2840000,27,-337.397,2520.2,31.3827,0.586
2860000,29,-348.362,2510.62,25.5145,0.591
2880000,27,-339.422,2500.35,30.1523,0.578955
2900000,31,-375.545,2481.94,41.1377,0.599
2920000,26,-326.536,2495,51.0345,0.586
2940000,27,-329.282,2490.79,36.6103,0.578143
2960000,27,-312.079,2471.02,36.7611,0.57
2980000,25,-288.623,2498.92,23.7554,0.569
3000000,36,-422.412,2488.62,40.9196,0.6
3020000,39,-455.615,2512.68,40.7971,0.595
3040000,23,-284.409,2493.33,22.6109,0.556
3060000,28,-335.871,2503.23,37.259,0.596125
3080000,31,-362.37,2495.93,33.6341,0.573714
3100000,30,-353.538,2523.39,36.4333,0.564
3120000,39,-456.254,2508.28,51.2847,0.594774
3140000,37,-443.414,2530.89,33.5476,0.611
3160000,30,-346.619,2494.91,34.4982,0.606
3180000,29,-337.164,2507.18,40.4084,0.57
3200000,35,-428.563,2499.89,37.8637,0.591
3220000,44,-499.05,2526.23,40.1161,0.589545
3240000,25,-295.257,2524.99,19.9814,0.551
3260000,27,-342.07,2521.84,23.0225,0.557
3280000,29,-349.318,2509.18,18.9871,0.5995
3300000,24,-313.744,2520.56,28.0436,0.553
3320000,26,-324.349,2523.33,28.7394,0.599667
3340000,28,-339.037,2515.8,17.0569,0.588556
3360000,35,-410.396,2509.06,36.8612,0.597667
3380000,24,-291.922,2517.47,20.9496,0.532
3400000,34,-398.563,2533.14,42.5176,0.5946
3420000,33,-400.817,2522.97,36.7272,0.582857
3440000,26,-321.937,2537.13,27.6845,0.574
3460000,24,-301.338,2514.27,29.4983,0.595
3480000,26,-318.09,2518.37,20.5891,0.585
3500000,31,-365.674,2512.83,36.7996,0.59
3520000,39,-449.574,2513.94,41.2632,0.58
3540000,35,-418.807,2517.64,34.9866,0.599
3560000,29,-344.532,2515.07,27.3266,0.544333
3580000,29,-356.731,2525.87,32.3909,0.543
3600000,28,-328.151,2489.77,26.8597,0.573
3620000,25,-310.947,2513.33,24.6066,0.587
3640000,31,-370.855,2505,27.3882,0.604
3660000,35,-412.67,2504.88,28.1785,0.591037
3680000,26,-306.3,2483.88,28.8584,0.599
3700000,34,-397.343,2493.87,52.9171,0.599
3720000,31,-377.521,2494.36,23.2094,0.59
3740000,20,-254.382,2484.54,15.6304,0.57
3760000,23,-283.302,2483.12,20.4107,0.546667
3780000,25,-302.883,2486.71,30.7638,0.5786
3800000,26,-312.196,2489.2,29.6556,0.565
3820000,24,-295.053,2523.16,32.5782,0.542
3840000,26,-311.602,2484,23.7351,0.593091
3860000,22,-267.183,2513.3,21.8358,0.54225
3880000,33,-396.971,2497.73,31.2175,0.579
3900000,24,-293.557,2494.99,31.3391,0.574
3920000,30,-369.537,2507.8,33.5574,0.533
3940000,25,-298.555,2503.42,25.3984,0.549
3960000,31,-373.268,2501.04,30.5841,0.5878
3980000,25,-304.436,2505.22,24.7069,0.563333
4000000,33,-381.495,2502.81,26.4067,0.576
4020000,31,-370.572,2522.39,27.0276,0.599
4040000,30,-356.194,2504.21,28.1766,0.556
4060000,25,-302.884,2511.13,33.4375,0.572
4080000,27,-322.361,2495.81,23.3764,0.603
4100000,26,-311.739,2511.45,21.4911,0.5925
4120000,24,-293.266,2491.58,32.1269,0.581
4140000,34,-405.14,2487.55,33.0248,0.615
4160000,29,-349.243,2526.49,32.7877,0.573286
4180000,27,-323.611,2508.55,28.5095,0.582
4200000,29,-348.955,2473.63,46.7274,0.57
4220000,36,-422.567,2513.08,46.4224,0.6084
4240000,29,-348.856,2510.62,28.236,0.578125
4260000,21,-253.091,2478.37,20.9441,0.545
4280000,30,-339.425,2471.57,22.9117,0.61
4300000,25,-310.703,2523.93,16.2504,0.561
4320000,26,-317.936,2500.76,22.5966,0.584333
4340000,29,-341.933,2489.46,33.0571,0.6
4360000,26,-316.437,2486.17,29.3968,0.602
4380000,21,-260.928,2472.91,24.1742,0.557
4400000,32,-384.093,2503.33,27.6276,0.596
4420000,29,-351.849,2489.18,31.7212,0.566
4440000,27,-327.931,2499.88,32.4372,0.587
4460000,34,-399.998,2520.41,28.3628,0.586
4480000,29,-355.476,2507.87,19.7042,0.57325
4500000,32,-373.444,2524.19,32.9126,0.577
4520000,33,-401.569,2500.26,29.9809,0.589
4540000,30,-360.365,2536.46,38.5976,0.568
4560000,30,-363.413,2511.96,22.9412,0.578
4580000,33,-412.014,2536.2,34.8862,0.586
4600000,31,-376.147,2498.1,25.8407,0.579
4620000,30,-369.745,2499.74,34.033,0.5656
4640000,27,-331.842,2512.29,28.9101,0.558
4660000,31,-380.652,2542.3,29.3347,0.584
4680000,33,-404.865,2536.19,47.7791,0.573187
4700000,32,-378.1,2516.78,31.8749,0.607
4720000,34,-412.484,2537.62,31.9739,0.59
4740000,27,-329.448,2542.64,25.647,0.541
4760000,23,-281.736,2516.17,23.7131,0.55
4780000,31,-367.576,2513.49,36.2201,0.579
4800000,26,-315.413,2510.06,27.9756,0.573333
4820000,36,-421.537,2502.99,27.7782,0.604
4840000,30,-358.676,2513.12,39.031,0.557
4860000,27,-320.559,2506.67,26.5441,0.576
4880000,30,-359.739,2521.23,34.5509,0.557
4900000,21,-248.271,2462.99,20.4012,0.556
4920000,34,-395.111,2467.17,31.464,0.584
4940000,25,-297.922,2495.33,28.8554,0.587
4960000,23,-272.935,2486.4,21.7427,0.597
4980000,20,-247.766,2492.74,23.7794,0.582
5000000,27,-314.34,2510.69,29.1747,0.564
5020000,23,-279.798,2513.51,28.1281,0.5485
5040000,33,-392.412,2503.98,40.0086,0.55
5060000,28,-338.294,2515.81,31.5467,0.586
5080000,38,-440.066,2539.59,33.8311,0.607
5100000,41,-473.988,2558.58,34.6193,0.594
5120000,22,-267.461,2508.43,22.5545,0.557
5140000,29,-356.451,2498.32,26.3252,0.606
5160000,26,-327.181,2502.63,43.3055,0.5665
5180000,31,-377.451,2529.72,39.0036,0.5665
5200000,31,-381.48,2498.18,30.8759,0.592
5220000,30,-354.252,2498.12,26.1655,0.575
5240000,31,-372.341,2495.98,30.975,0.598667
5260000,35,-417.796,2487.11,38.7997,0.573
5280000,37,-442.815,2522.93,39.7176,0.583
5300000,20,-252.037,2473.83,24.6574,0.556
5320000,37,-433.636,2521.11,31.2806,0.594556
5340000,25,-313.221,2478.48,28.8682,0.54
5360000,30,-361.306,2522.84,39.6401,0.563
5380000,25,-312.379,2504.92,20.748,0.555625
5400000,25,-306.364,2521.9,39.9005,0.579
5420000,34,-416.545,2517.22,34.8061,0.581
5440000,28,-353.082,2539.5,34.0117,0.5823
5460000,32,-387.684,2521.36,40.1632,0.577
5480000,29,-348.951,2553.23,44.559,0.584
5500000,32,-390.205,2501.97,38.1478,0.587727
5520000,33,-399.824,2538.69,42.2871,0.566
5540000,30,-358.831,2512.59,27.1861,0.621
5560000,35,-420.557,2521.02,41.2876,0.5865
5580000,32,-390.477,2523.06,33.87,0.591
5600000,26,-326.028,2523.92,24.8875,0.566
5620000,29,-364.526,2526.48,17.9307,0.594
5640000,33,-400.934,2514.28,28.4354,0.579
5660000,24,-287.859,2496.3,25.5954,0.541
5680000,30,-350.694,2509.49,35.8646,0.587
5700000,21,-268.796,2515.62,20.6511,0.56
5720000,29,-356.182,2501.79,16.8065,0.578
5740000,27,-349.2,2530.67,30.2445,0.551
5760000,32,-378.138,2524.47,24.4068,0.592
5780000,23,-286.721,2484.38,26.5197,0.572
5800000,29,-358.871,2534.74,38.0579,0.569
5820000,32,-380.318,2510.39,44.9926,0.553
5840000,23,-279.435,2492.18,21.3391,0.58
5860000,24,-301.854,2529.92,30.5503,0.582
5880000,19,-240.54,2481.43,24.1597,0.547
5900000,23,-291.245,2515.73,21.4376,0.546
5920000,27,-320.073,2501.84,34.0194,0.554
5940000,36,-422.686,2517.73,31.4188,0.597
5960000,30,-358.566,2533.85,29.6254,0.567
5980000,32,-380.924,2505.83,23.4768,0.55
6000000,25,-298.277,2469.37,37.0586,0.576
6020000,23,-289.232,2519.67,20.7744,0.562
6040000,28,-342.649,2524.61,37.3141,0.597
6060000,22,-271.276,2485.56,15.976,0.557
6080000,28,-336.138,2496.5,31.8117,0.554
6100000,22,-273.404,2479.39,23.1286,0.593
6120000,25,-297.037,2489.52,28.4735,0.5774
6140000,24,-277.279,2472.86,27.7305,0.584
6160000,28,-328.277,2483.97,29.746,0.609
6180000,33,-392.456,2502.62,24.525,0.603
6200000,24,-291.491,2507.01,25.1244,0.599
6220000,21,-250.969,2475.9,19.4663,0.519
6240000,31,-356.834,2496.46,32.6576,0.569
6260000,26,-319.728,2516.27,19.228,0.569
6280000,34,-401.139,2513.9,28.8383,0.588
6300000,36,-425.212,2514.35,45.7133,0.589
6320000,29,-346.326,2500.43,20.6181,0.561
6340000,27,-323.351,2515.76,30.8063,0.56
6360000,28,-332.227,2494.92,30.8378,0.57275
6380000,29,-347.676,2500.45,25.6319,0.529
6400000,25,-303.034,2486.72,24.6526,0.5725
6420000,40,-457.211,2494.36,32.9259,0.603
6440000,27,-312.298,2505.87,29.5095,0.590389
6460000,31,-372.627,2526.7,38.4174,0.578
6480000,26,-309.124,2512.75,25.0423,0.576
6500000,24,-285.165,2500.54,31.8888,0.551
6520000,30,-348.684,2533.91,29.2755,0.585
6540000,25,-300.692,2492.96,23.1235,0.552
6560000,35,-408.907,2541.1,39.7564,0.598
6580000,32,-384.117,2535.39,26.16,0.597
6600000,23,-283.963,2511.09,29.0847,0.568
6620000,29,-345.634,2523.05,30.7232,0.593455
6640000,34,-427.553,2530.38,40.6284,0.594857
6660000,24,-290.636,2497.76,24.5642,0.563375
6680000,27,-325.255,2518.88,16.3036,0.578
6700000,27,-323.979,2517.99,22.0422,0.595
6720000,24,-300.265,2512.03,29.6237,0.566
6740000,26,-323.561,2521.03,19.0419,0.593
6760000,27,-329.016,2503.06,30.6303,0.571091
6780000,28,-344.376,2495.16,36.9272,0.582
6800000,22,-268.372,2505.16,22.3996,0.554
6820000,25,-306.76,2511.12,22.2879,0.553
6840000,26,-315.181,2504.73,33.8051,0.59
6860000,28,-343.192,2503.13,27.7309,0.592
6880000,34,-392.007,2499.88,26.3503,0.611
6900000,32,-372.438,2508.99,33.7233,0.578
6920000,24,-300.321,2510.52,20.1495,0.56975
6940000,21,-267.561,2523.85,22.2789,0.519
6960000,23,-284.728,2517.33,22.2299,0.564
6980000,23,-277.965,2478.04,18.7411,0.582
7000000,22,-265.309,2489.44,18.4006,0.595
7020000,21,-265.666,2495.68,22.9483,0.59
7040000,36,-430.618,2513.6,30.9562,0.598
7060000,28,-341.051,2512,25.0502,0.573
7080000,26,-318.426,2515.56,19.4309,0.565
7100000,29,-341.985,2499.16,20.7486,0.563
7120000,29,-350.314,2533.56,21.9764,0.581
7140000,35,-402.756,2500.21,38.6432,0.592667
7160000,26,-320.179,2525.39,26.6724,0.545
7180000,27,-323.509,2519.09,32.1506,0.601
7200000,28,-321.189,2512.5,23.1659,0.571667
7220000,23,-284.678,2508.83,28.5817,0.562
7240000,39,-457.988,2519.83,51.0868,0.564
7260000,36,-420.741,2512.35,34.4119,0.595
7280000,33,-385.586,2521.28,22.1356,0.592
7300000,26,-323.052,2513.13,24.6646,0.566
7320000,22,-288.557,2499.44,22.963,0.558455
7340000,22,-284.566,2504.42,26.2613,0.55
7360000,27,-319.656,2518.2,34.0194,0.565
7380000,28,-342.317,2507.84,24.8909,0.593
7400000,27,-323.796,2494.95,36.1468,0.583583
7420000,29,-353.182,2508.68,34.1392,0.578
7440000,27,-333.942,2527.18,33.0461,0.587313
7460000,32,-386.738,2511.59,36.7095,0.582
7480000,27,-334.4,2519.1,23.5703,0.607
7500000,39,-465.291,2508.6,37.6261,0.593
7520000,26,-319.006,2537.3,16.3577,0.58
7540000,25,-311.831,2484.12,27.8613,0.554
7560000,36,-425.046,2537.18,42.8173,0.571
7580000,31,-366.765,2530.27,29.4514,0.573833
7600000,27,-316.353,2516.12,26.6815,0.581
7620000,32,-385.708,2517.17,30.8544,0.569125
7640000,29,-352.01,2513.14,25.6199,0.536
7660000,38,-434.296,2513,36.5364,0.595
7680000,30,-363.62,2523.99,24.4245,0.538
7700000,31,-378.331,2515.17,30.4209,0.592455
7720000,23,-285.677,2534.33,15.6765,0.58
7740000,33,-397.07,2522.92,37.9917,0.612
7760000,28,-333.912,2515.34,27.0616,0.562
7780000,23,-292.582,2509.03,17.2901,0.553
7800000,24,-292.996,2514.77,24.4711,0.562625
7820000,27,-334.172,2518.44,29.0282,0.582
7840000,31,-370.725,2506.74,34.4105,0.583
7860000,29,-356.536,2509.25,28.9297,0.572
7880000,31,-359.668,2500.73,31.6192,0.577
7900000,27,-327.256,2512.55,20.5362,0.555
7920000,24,-311.672,2508.59,28.9403,0.588
7940000,31,-371.752,2523.53,26.0514,0.599
7960000,26,-331.177,2519.78,19.3465,0.54
7980000,32,-382.844,2496.48,22.9225,0.584
8000000,24,-290.967,2514.75,21.0243,0.552
8020000,30,-376.481,2519.68,30.0842,0.587429
8040000,26,-320.185,2500.1,21.8873,0.5705
8060000,24,-291.244,2523.64,24.8504,0.55
8080000,30,-358.864,2515.38,30.3967,0.596902
8100000,34,-403.866,2503.6,22.7438,0.583
8120000,20,-255.383,2504.98,21.4554,0.57
8140000,25,-312.786,2502.59,21.1976,0.579
8160000,30,-353.158,2505.32,40.0211,0.580833
8180000,25,-300.766,2499.04,24.5711,0.553
8200000,27,-320.773,2525.93,25.5672,0.579
8220000,21,-259.822,2478.13,33.9784,0.595
8240000,31,-362.462,2511.24,38.1907,0.607
8260000,21,-265.983,2474.26,25.2359,0.528
8280000,18,-233.075,2478.31,22.9275,0.524
8300000,30,-357.211,2489.38,49.161,0.582
8320000,28,-350.276,2510.12,19.6408,0.573
8340000,28,-340.352,2503.02,23.2226,0.597
8360000,20,-252.026,2463.4,21.0398,0.569
8380000,33,-396.644,2540.4,28.4801,0.58
8400000,23,-300.562,2508.9,18.002,0.563
8420000,29,-337.73,2535.81,27.5618,0.583
8440000,26,-309.369,2529.25,20.9506,0.601
8460000,18,-221.942,2478.87,16.0513,0.56
8480000,32,-393.859,2478.46,25.6411,0.5885
8500000,27,-332.561,2535.69,32.2768,0.605
8520000,23,-268.171,2473.78,17.0632,0.564
8540000,27,-325.309,2508.44,22.8738,0.577
8560000,26,-315.079,2485.47,27.8471,0.583
8580000,27,-336.56,2509.75,33.507,0.566
8600000,31,-358.776,2496.46,32.579,0.575
8620000,38,-436.784,2490.38,34.9414,0.578846
8640000,25,-298.232,2505.83,29.9741,0.566
8660000,24,-284.102,2495.07,22.0406,0.556
8680000,25,-301.481,2484.44,28.0224,0.579
8700000,30,-342.276,2500.26,39.791,0.576
8720000,21,-259.46,2468.33,19.1392,0.553
8740000,31,-364.867,2492.01,39.1989,0.607
8760000,33,-386.647,2505.18,46.6576,0.592273
8780000,38,-440.52,2517.03,33.2204,0.5875
8800000,25,-295.806,2489.59,17.4514,0.5745
8820000,22,-264.802,2498.77,34.4253,0.576
8840000,32,-382.85,2525.29,29.8778,0.592778
8860000,26,-320.327,2531.12,24.5227,0.5827
8880000,26,-307.819,2507.04,19.4176,0.571
8900000,27,-311.511,2465.91,27.0468,0.573
8920000,35,-413.389,2505.68,35.2557,0.587556
8940000,17,-207.864,2458.44,21.453,0.536
8960000,36,-434.631,2530.41,27.3497,0.619
8980000,21,-261.67,2481.18,20.0153,0.585
9000000,26,-316.709,2522.32,23.5908,0.59
9020000,23,-279.253,2514.52,21.5545,0.564
9040000,27,-326.97,2516.66,27.1791,0.574
9060000,26,-315.544,2483.52,33.912,0.54
9080000,25,-313.29,2519.51,22.344,0.594
9100000,18,-220.907,2484.87,17.6793,0.556
9120000,25,-290.395,2483.05,22.8626,0.55675
9140000,24,-297.769,2489.24,29.6035,0.574
9160000,21,-259.057,2465.98,15.1999,0.580583
9180000,23,-289.391,2473.34,20.0908,0.570778
9200000,21,-254.831,2496.27,22.1175,0.587375
9220000,23,-270.497,2501.53,20.8038,0.575
9240000,21,-259.977,2490.92,26.6396,0.5495
9260000,25,-320.997,2507.14,26.8036,0.580667
9280000,24,-287.258,2508.18,26.1063,0.555
9300000,27,-327.413,2511.02,23.8462,0.599
9320000,32,-387.605,2505.57,38.8322,0.572222
9340000,30,-349.344,2476.96,38.1147,0.572
9360000,21,-261.421,2498.66,17.8098,0.565
9380000,25,-302.796,2502.5,31.6627,0.565
9400000,31,-380.868,2504.74,28.3849,0.616
9420000,26,-320.215,2478.93,33.8408,0.573667
9440000,35,-418.583,2511.91,41.803,0.59237
9460000,22,-263.206,2481.09,24.0668,0.576
9480000,34,-399.498,2512.07,36.4215,0.584425
9500000,28,-338.196,2492.02,24.4352,0.586
9520000,34,-401.059,2500.91,28.4618,0.622
9540000,21,-261.75,2504.06,24.4286,0.563
9560000,19,-239.457,2486.28,22.2493,0.562143
9580000,28,-342.851,2505.95,30.0149,0.575
9600000,24,-295.718,2490.24,23.3471,0.5575
9620000,24,-292.8,2496.22,22.7576,0.583
9640000,27,-324.108,2492.75,25.0299,0.602
9660000,22,-266.699,2501.15,26.6532,0.556
9680000,24,-302.558,2512.41,28.3969,0.559
9700000,22,-277.66,2503.4,19.5689,0.607
9720000,28,-350.705,2514.07,16.6099,0.573
9740000,31,-365.81,2488.01,22.0509,0.595
9760000,26,-302.256,2502.21,18.6459,0.561
9780000,25,-292.647,2487.29,23.6682,0.554
9800000,34,-401.668,2504.3,43.7864,0.614
9820000,24,-291.94,2487.39,20.0026,0.552
9840000,26,-310.775,2515.63,21.6135,0.56
9860000,20,-257.608,2510.55,15.6207,0.523
9880000,30,-353.526,2503.13,36.724,0.597
9900000,33,-390.647,2509.56,41.0661,0.595
9920000,29,-348.857,2514.19,24.68,0.5885
9940000,28,-333.95,2507.91,31.1193,0.573
9960000,27,-343.694,2523.35,20.5745,0.5778
9980000,30,-364.336,2491.91,32.2043,0.563
10000000,24,-305.137,2531.17,23.8895,0.56
10020000,23,-273.96,2487.51,23.7257,0.548
10040000,44,-524.775,2527.76,47.1006,0.604667
10060000,33,-380.362,2486.06,21.1811,0.616
10080000,22,-266.838,2492.26,31.1932,0.568
10100000,23,-272.777,2506.91,17.8788,0.587
10120000,30,-347.11,2482.9,37.9348,0.588409
10140000,33,-384.249,2484.73,34.5219,0.578095
10160000,27,-336.672,2476.86,28.7822,0.579
10180000,22,-268.502,2493.3,21.096,0.57975
10200000,21,-266.377,2521.15,21.2189,0.544
10220000,32,-378.199,2524.18,46.1351,0.59
10240000,31,-386.271,2547.66,26.2017,0.566
10260000,29,-355.096,2549.31,30.4981,0.553
10280000,24,-294.398,2494.6,32.0915,0.561
10300000,35,-406.059,2495.69,31.3337,0.6
10320000,22,-261.181,2485.88,20.4216,0.543
10340000,29,-343.915,2528.97,44.8788,0.554
10360000,33,-385.437,2515.07,27.8517,0.62
10380000,27,-327.156,2516.14,36.6801,0.559538
10400000,37,-426.753,2512.24,29.1896,0.580375
10420000,33,-393.248,2509.71,30.0811,0.565333
10440000,35,-427.763,2518.07,41.1771,0.567
10460000,26,-319.297,2510.56,30.6716,0.57925
10480000,29,-362.225,2510.18,26.9642,0.578
10500000,30,-377.021,2541.11,24.634,0.568
10520000,24,-311.579,2525.47,20.2254,0.559
10540000,25,-301.034,2516.71,22.7284,0.575
10560000,36,-426.329,2518.82,36.2809,0.582906
10580000,18,-221.978,2466.67,28.075,0.565
10600000,33,-384.535,2496.14,28.725,0.611
10620000,28,-353.935,2520.1,20.7977,0.558
10640000,31,-380.926,2540.94,33.637,0.588
10660000,24,-289.824,2485.21,23.4059,0.577571
10680000,24,-291.623,2512.48,25.0393,0.552
10700000,26,-306.031,2518.52,24.316,0.548
10720000,26,-313.586,2519.88,20.8156,0.579
10740000,25,-298.632,2511.01,19.1891,0.584
10760000,33,-378.838,2525.05,41.1751,0.579
10780000,35,-410.72,2491.87,31.4681,0.598937
10800000,33,-377.099,2516.2,41.2641,0.629
10820000,20,-251.975,2483.68,20.6346,0.522
10840000,21,-252.928,2492.84,25.9534,0.58
10860000,24,-286.863,2524.89,24.4647,0.584
10880000,29,-355.128,2518.85,34.998,0.578667
10900000,24,-280.918,2513.5,30.5724,0.572
10920000,33,-394.621,2529.23,33.0498,0.588
10940000,26,-329.38,2502.06,17.4629,0.5655
10960000,29,-366.704,2511.05,34.2029,0.559
10980000,31,-375.424,2548.02,30.4285,0.595
11000000,32,-388.893,2539.34,32.7664,0.598
11020000,26,-312.928,2492.53,28.5872,0.576
11040000,33,-397.598,2507.37,32.4206,0.590273
11060000,24,-292.724,2499.59,31.1707,0.554
11080000,29,-355.646,2517.04,23.4612,0.572
11100000,23,-291.937,2503.83,18.9553,0.56275
11120000,35,-421.018,2519.61,38.5286,0.594
11140000,29,-351.025,2509.53,38.4422,0.636
11160000,27,-331.134,2495.19,29.933,0.554
11180000,30,-350.764,2495.85,27.6581,0.587125
11200000,21,-267.235,2478.87,24.9034,0.547
11220000,21,-261.167,2493.52,30.2653,0.546
11240000,21,-262.718,2499.1,23.8254,0.58
11260000,26,-326.531,2501.5,27.888,0.582
11280000,27,-319.214,2507.16,24.4743,0.576
11300000,47,-545.569,2469.5,35.4681,0.592
11320000,31,-365.31,2506.7,29.1626,0.595
11340000,31,-373.216,2492.52,25.6304,0.5605
11360000,22,-268.111,2495.1,28.5655,0.553
11380000,37,-440.442,2526.08,35.9513,0.5982
11400000,37,-423.907,2488.35,36.2689,0.615
11420000,28,-332.139,2517.13,24.5096,0.57
11440000,28,-334.118,2505.63,31.7102,0.57525
11460000,25,-318.862,2531.14,30.0074,0.549
11480000,18,-240.053,2506.11,19.0455,0.531
11500000,27,-337.239,2516.65,29.5996,0.562
11520000,27,-329.775,2508.44,27.3654,0.5834
11540000,24,-293.164,2508.63,28.3637,0.569
11560000,20,-258.443,2497.3,15.6107,0.558
11580000,26,-311.368,2503.61,23.5359,0.568
11600000,28,-321.715,2498.81,28.2938,0.567
11620000,34,-393.558,2505.46,23.2448,0.607
11640000,24,-288.665,2481.13,25.4897,0.562895
11660000,23,-283.624,2497.67,20.187,0.575
11680000,30,-349.834,2506.7,21.6723,0.578
11700000,26,-323.319,2520.08,19.1231,0.567
11720000,30,-358.017,2522.23,30.0326,0.55
11740000,29,-353.942,2516.32,31.3551,0.584
11760000,27,-314.274,2506.63,28.194,0.578
11780000,29,-353.898,2533.33,29.6303,0.57
11800000,33,-379.253,2528.09,42.3558,0.566
11820000,25,-303.417,2514.29,23.359,0.562
11840000,31,-377.305,2534.8,30.9648,0.565
11860000,25,-294.861,2508.41,22.7106,0.537
11880000,28,-331.046,2518.03,32.0941,0.584
11900000,26,-315.252,2513.41,27.951,0.542
11920000,31,-385.079,2515.02,27.14,0.577
11940000,26,-320.098,2517.71,22.4935,0.58875
11960000,25,-299.147,2482.02,25.1227,0.585
11980000,30,-373.888,2528.78,27.582,0.605259
12000000,26,-310.342,2476.65,27.9113,0.602
12020000,30,-356.609,2527.37,31.6325,0.561
12040000,37,-430.493,2531.67,32.4809,0.603
12060000,35,-418.638,2538.11,45.7782,0.567
12080000,36,-426.519,2540.74,28.4868,0.594
12100000,43,-489.075,2530.44,39.9855,0.595818
12120000,30,-363.42,2505.08,35.2039,0.576
12140000,35,-405.891,2503.95,33.3354,0.60625
12160000,35,-412.136,2525.24,41.7814,0.562
12180000,32,-372.684,2514.13,35.7697,0.582
12200000,24,-292.902,2504.06,21.3098,0.552
12220000,22,-271.522,2505.73,32.0731,0.538
12240000,23,-276.45,2492.37,22.8689,0.545
12260000,22,-271.012,2486.11,20.9945,0.536
12280000,32,-385.446,2526.62,22.8424,0.592
12300000,27,-329.908,2528.1,27.7141,0.554
12320000,32,-400.203,2545.96,31.5395,0.57
12340000,28,-343.011,2534.33,28.142,0.561
12360000,24,-323.722,2535.99,25.6047,0.54
12380000,18,-232.643,2475.53,11.9923,0.549222
12400000,21,-262.284,2488.44,19.9291,0.555
12420000,32,-391.356,2522.17,41.5022,0.562
12440000,32,-404.332,2530.6,30.2419,0.56275
12460000,22,-277.045,2492.93,21.6864,0.549
12480000,35,-417.428,2484.33,53.8719,0.58
12500000,23,-277.67,2470.01,29.348,0.548
12520000,30,-362.751,2531.63,37.7431,0.592
12540000,20,-248.968,2499.66,15.2757,0.56
12560000,22,-271.612,2478.51,23.0777,0.588
12580000,24,-291.352,2503.46,21.6699,0.5658
12600000,18,-224.905,2483.96,22.202,0.564
12620000,21,-246.834,2474.58,21.4715,0.583
12640000,34,-400.803,2516.99,32.5488,0.604
12660000,33,-393.852,2509.49,36.0329,0.604
12680000,24,-303.219,2504.64,32.2953,0.5362
12700000,21,-258.605,2504.74,28.2033,0.524
12720000,32,-392.799,2502.75,23.0247,0.59
12740000,24,-304.081,2545.36,35.3144,0.536
12760000,21,-263.275,2499.68,20.6016,0.56
12780000,30,-349.648,2482.57,27.2766,0.575889
12800000,28,-342.372,2524.36,24.3883,0.586
12820000,29,-338.478,2496.76,29.7018,0.554
12840000,25,-293.758,2481.03,32.454,0.593
12860000,30,-348.233,2499.57,33.7983,0.577
12880000,28,-345.28,2476.62,24.9777,0.56975
12900000,32,-404.958,2568.35,42.1589,0.554065
12920000,22,-271.428,2485.21,23.4861,0.549
12940000,27,-318.834,2487.7,29.0791,0.579
12960000,27,-327.293,2497.44,34.1349,0.594
12980000,21,-267.61,2514.94,17.3599,0.521
13000000,21,-262.219,2485.57,15.7025,0.547
13020000,19,-243.945,2500.21,20.7728,0.543
13040000,33,-403.604,2548.51,33.2051,0.566
13060000,26,-320.569,2510.4,30.0873,0.583
13080000,30,-365.876,2520.64,23.3393,0.5845
13100000,41,-493.691,2551.8,40.04,0.586
13120000,36,-442.626,2546.5,33.7612,0.604
13140000,26,-332.091,2526.71,22.1802,0.56
13160000,25,-318.375,2489.05,36.148,0.559625
13180000,27,-332.509,2499.53,31.5308,0.577
13200000,34,-412.019,2536.96,40.9716,0.624
13220000,29,-353.599,2517.82,32.406,0.561
13240000,36,-430.885,2532.83,38.1289,0.6
13260000,31,-372.502,2524.98,26.2551,0.58
13280000,29,-351.956,2524.85,29.8885,0.55
13300000,30,-361.02,2493.12,38.5497,0.573333
13320000,36,-430.294,2534.51,40.2909,0.577
13340000,27,-320.65,2513.93,25.6453,0.597
13360000,37,-443.875,2533.08,35.1392,0.621
13380000,30,-378.175,2535.18,31.777,0.564833
13400000,34,-421.789,2531.09,31.1797,0.558
13420000,26,-327.814,2524.84,22.2381,0.575412
13440000,36,-431.749,2562.6,33.7195,0.59
13460000,29,-351.626,2507.48,29.7652,0.586
13480000,22,-279.693,2510.12,19.4312,0.541
13500000,29,-353.364,2495.36,32.948,0.595
13520000,28,-345.872,2471.16,27.2644,0.582
13540000,29,-345.378,2478.11,37.6166,0.562
13560000,24,-292.794,2516.18,24.6464,0.587
13580000,24,-298.398,2525.32,26.0094,0.587
13600000,28,-347.455,2514.96,30.3886,0.582667
13620000,26,-313.704,2512.19,28.7951,0.553
13640000,28,-339.815,2507.17,32.9218,0.524
13660000,31,-383.909,2527.65,31.1833,0.558
13680000,23,-283.34,2508.51,28.2249,0.536
13700000,27,-318.935,2498.99,21.7453,0.607
13720000,19,-247.43,2502.7,20.0166,0.529
13740000,36,-445.438,2554.36,37.5861,0.567878
13760000,29,-357.284,2510.16,38.1744,0.585
13780000,34,-410.312,2539,40.0339,0.574
13800000,32,-392.672,2515.27,40.3889,0.599143
13820000,27,-325.055,2506.23,31.2566,0.585
13840000,28,-337.986,2525.24,20.4754,0.586
13860000,25,-300.052,2491.68,31.9432,0.578
13880000,23,-298.764,2528.84,27.6887,0.559
13900000,28,-337.016,2486.02,32.765,0.583083
13920000,28,-332.938,2502.87,32.4185,0.576941
13940000,28,-345.552,2512.83,29.456,0.574
13960000,27,-335.376,2529.77,28.7278,0.525
13980000,24,-293.751,2504.46,29.1978,0.582
14000000,33,-406.125,2518.38,29.4582,0.607
14020000,28,-346.95,2487.72,31.4463,0.579
14040000,24,-300.283,2483.59,36.5094,0.565333
14060000,22,-283.546,2502.56,26.3467,0.545
14080000,27,-326.395,2501.21,28.2659,0.561
14100000,26,-306.57,2499.69,26.9219,0.585
14120000,26,-304.225,2484.26,30.687,0.575
14140000,32,-372.736,2478.65,20.9641,0.5802
14160000,24,-286.471,2500.01,22.6398,0.546
14180000,33,-400.974,2520.87,27.1696,0.562
14200000,33,-404.553,2530.6,32.1004,0.594
14220000,31,-360.418,2508,26.9699,0.581
14240000,25,-318.403,2537.71,22.4418,0.506
14260000,31,-396.045,2549.78,36.7587,0.569
14280000,36,-432.816,2515.37,36.0999,0.592
14300000,28,-324.448,2495.97,33.1079,0.569
14320000,33,-416.895,2540.72,32.824,0.568
14340000,32,-384.14,2545.28,25.4508,0.605
14360000,29,-354.465,2515.79,33.6053,0.573125
14380000,24,-289.408,2491.37,17.8425,0.576
14400000,25,-292.082,2491.36,33.8789,0.581
14420000,31,-381.366,2504.43,37.76,0.549
14440000,22,-260.524,2505.31,13.9541,0.552
14460000,29,-363.905,2512.03,27.4724,0.562385
14480000,23,-278.385,2518.05,22.515,0.57
14500000,35,-417.033,2508.61,31.3354,0.585
14520000,25,-309.486,2508.72,23.6501,0.5535
14540000,28,-342.23,2538.32,29.3041,0.593
14560000,32,-372.979,2503.97,31.1231,0.581
14580000,27,-322.9,2511.19,33.4426,0.579
14600000,24,-297.891,2537.96,19.4813,0.544
14620000,29,-376.537,2533.04,30.9072,0.575
14640000,20,-269.487,2530.07,19.119,0.531
14660000,34,-401.716,2557.28,24.4398,0.577
14680000,25,-308.067,2509.65,22.8377,0.537
14700000,27,-327.249,2502.02,33.8378,0.574
14720000,30,-367.405,2547.27,30.8733,0.577
14740000,36,-422.669,2537.91,40.7966,0.578
14760000,50,-585.132,2556.9,50.8387,0.596
14780000,38,-443.216,2500.26,44.1369,0.607286
14800000,33,-379.34,2527.31,27.1181,0.6029
14820000,32,-396.184,2508.04,30.8791,0.583444
14840000,38,-465.319,2543.81,40.5575,0.581
14860000,26,-308.218,2501.26,30.9618,0.561
14880000,23,-290.699,2519.85,28.0141,0.613
14900000,19,-239.315,2488.96,28.5614,0.529
14920000,22,-277.309,2492.4,16.4971,0.525
14940000,33,-422.735,2553.74,31.2611,0.565
14960000,28,-342.811,2518.08,18.8517,0.591
14980000,38,-469.649,2565.63,37.3957,0.564
15000000,36,-440.545,2569.9,27.2481,0.5915
15020000,25,-302.425,2504.03,24.8367,0.586
15040000,37,-442.035,2544.75,43.0307,0.5735
15060000,33,-409.495,2537.46,45.9312,0.568
15080000,29,-349.955,2489.22,29.4274,0.583571
15100000,24,-293.442,2500.32,19.678,0.554
15120000,27,-318.838,2510.98,27.4475,0.578167
15140000,23,-287.735,2496.14,27.505,0.536
15160000,23,-288.728,2482.85,14.8769,0.548833
15180000,33,-404.984,2539.56,36.5868,0.568
15200000,27,-327.351,2487.9,21.7024,0.577
15220000,33,-390.38,2562.07,32.6166,0.592
15240000,34,-415.272,2551.22,36.6953,0.576
15260000,27,-331.536,2514.79,24.8592,0.562
15280000,32,-364.897,2526.39,24.3663,0.595474
15300000,29,-352.916,2511.73,37.6961,0.531
15320000,25,-303.69,2514.87,27.1929,0.574357
15340000,32,-385.753,2520.98,31.8485,0.56
15360000,29,-360.149,2542.73,24.5751,0.604
15380000,32,-389.153,2529.99,37.9258,0.589167
15400000,35,-416.412,2520.88,37.941,0.584
15420000,30,-376.066,2507.46,29.871,0.615
15440000,31,-372.56,2502.72,36.1463,0.551
15460000,30,-377.327,2531.12,28.7514,0.582
15480000,29,-349.651,2542.61,27.782,0.565
15500000,21,-279.661,2521.63,30.2464,0.523
15520000,28,-363.879,2516.1,26.2215,0.547
15540000,39,-457.842,2522.28,32.7579,0.621
15560000,31,-396.723,2519.41,32.9166,0.59
15580000,23,-277.847,2500.07,17.9617,0.589
15600000,34,-401.319,2523.82,46.1303,0.581333
15620000,30,-354.224,2503.06,25.1277,0.56
15640000,32,-384.623,2526.65,41.2619,0.58
15660000,26,-318.347,2502.15,22.7166,0.547
15680000,30,-348.246,2527.52,39.7801,0.565
15700000,27,-342.183,2502.25,23.1143,0.578
15720000,23,-289.35,2502.4,26.2078,0.561
15740000,30,-352.396,2488.75,33.4313,0.561
15760000,26,-311.843,2479.1,22.3219,0.5622
15780000,21,-261.619,2477.13,17.4639,0.549
15800000,23,-270.234,2477.85,15.6313,0.6
15820000,21,-249.236,2487.65,15.9635,0.565769
15840000,23,-284.546,2506.84,26.5616,0.578
15860000,24,-291.396,2495,26.4601,0.558
15880000,25,-301.361,2506.89,29.2684,0.5858
15900000,21,-266.415,2497.5,18.5507,0.575467
15920000,26,-325.98,2499.27,22.519,0.55
15940000,22,-287.075,2524.08,27.3271,0.5505
15960000,27,-325.055,2486.57,23.3405,0.575
15980000,24,-296.949,2529.07,23.9218,0.591
16000000,26,-330.553,2526,27.1151,0.571
16020000,29,-346.485,2506.91,27.9023,0.584333
16040000,29,-332.442,2506.68,25.4094,0.617
16060000,32,-372.306,2509.02,32.5642,0.61
16080000,28,-332.697,2493.03,22.6619,0.565
16100000,31,-366.877,2503.35,26.2963,0.586
16120000,34,-405.627,2505.78,30.3576,0.586667
16140000,28,-327.119,2511.55,34.9265,0.561
16160000,33,-384.209,2514.99,38.9937,0.578
16180000,24,-291.15,2506.88,20.1496,0.543
16200000,24,-285.753,2487.53,19.1368,0.562
16220000,30,-345.499,2483.55,34.6403,0.595
16240000,34,-393.471,2516.87,26.5833,0.604
16260000,25,-298.696,2508.58,23.5362,0.584
16280000,29,-369.637,2515.58,32.4704,0.561
16300000,29,-355.677,2498.91,27.4268,0.609
16320000,29,-353.881,2500.94,26.5901,0.59884
16340000,26,-315.544,2505.22,15.8324,0.567333
16360000,31,-370.796,2495.79,25.7396,0.565
16380000,31,-368.399,2463.27,24.939,0.581
16400000,23,-282.845,2442.76,19.8141,0.58
16420000,22,-265.473,2490.15,21.5692,0.596
16440000,18,-226.182,2487.64,19.9834,0.517
16460000,28,-341.828,2461.36,21.5139,0.581
16480000,30,-366.405,2501.25,30.6112,0.59
16500000,32,-388.261,2498.91,28.4,0.582423
16520000,20,-252.264,2482.55,28.2846,0.556
16540000,25,-308.056,2478.23,27.5882,0.557
16560000,20,-247.103,2516.12,23.7527,0.561857
16580000,22,-274.263,2520.57,19.3246,0.566
16600000,24,-287.308,2463.78,33.3148,0.569333
16620000,25,-298.513,2500.22,27.5045,0.586
16640000,24,-297.36,2478.4,24.267,0.6
16660000,25,-295.077,2496.68,21.7021,0.5775
16680000,25,-311.458,2488.17,29.3644,0.546
16700000,26,-312.79,2493.24,30.9881,0.546
16720000,22,-260.175,2485.64,16.743,0.578
16740000,27,-318.504,2486.62,28.2261,0.586444
16760000,27,-334.992,2554.36,30.6239,0.568
16780000,21,-259.54,2505.81,21.3115,0.553
16800000,32,-363.673,2490.84,30.4726,0.583
16820000,24,-285.901,2496.6,26.4523,0.559
16840000,31,-370.053,2508.52,24.9926,0.589
16860000,31,-357.064,2469.77,26.9334,0.591
16880000,27,-311.566,2507.51,23.2414,0.546
16900000,25,-302.389,2497.7,23.5755,0.582
16920000,26,-324.392,2488.99,30.4557,0.595333
16940000,20,-251.478,2492.53,28.0564,0.573
16960000,24,-284.067,2509.54,29.0241,0.565
16980000,27,-323.997,2501.01,26.2711,0.557
17000000,27,-322.037,2483.57,17.7173,0.567
17020000,32,-380.353,2491.16,31.8999,0.589833
17040000,41,-467.713,2507.83,41.3886,0.611
17060000,31,-371.062,2515.39,24.0175,0.6
17080000,32,-383.191,2483.56,33.0574,0.578
17100000,29,-358.612,2555.19,31.4282,0.581
17120000,31,-389.057,2573.92,31.4737,0.55075
17140000,26,-309.716,2501.43,25.2679,0.528
17160000,26,-300.178,2493.94,31.3674,0.596
17180000,38,-455.455,2557.72,38.7833,0.581
17200000,22,-258.98,2489.7,27.939,0.55075
17220000,29,-338.615,2509.53,29.0508,0.575
17240000,32,-380.943,2558.35,29.582,0.573
17260000,30,-352.487,2508.39,37.6805,0.567
17280000,32,-367.256,2502.48,36.0797,0.586
17300000,28,-338.016,2500.44,28.7464,0.573
17320000,31,-356.658,2507.47,31.0591,0.571778
17340000,28,-325.121,2518.06,32.2028,0.56
17360000,28,-346.674,2553.01,27.4153,0.570667
17380000,32,-374.538,2512.58,36.2954,0.573
17400000,33,-387.551,2516.33,34.096,0.587
17420000,35,-396.706,2511.72,37.0064,0.605
17440000,22,-266.872,2486.84,18.7818,0.547
17460000,31,-365.134,2508.59,33.9502,0.593
17480000,32,-368.451,2489.26,23.5183,0.592
17500000,26,-312.448,2506.27,25.6017,0.611
17520000,23,-278.577,2475.08,17.3404,0.579
17540000,25,-301.145,2485.9,26.1872,0.574
17560000,25,-291.028,2501.4,26.4165,0.57
17580000,20,-238.918,2462.54,12.4595,0.55825
17600000,21,-250.966,2473.93,22.6149,0.537
17620000,40,-480.059,2574.23,38.7875,0.583683
17640000,29,-337.738,2493.94,28.86,0.594455
17660000,31,-370.579,2511.71,32.4278,0.593
17680000,34,-397.766,2489.98,32.351,0.61
17700000,22,-262.574,2501.85,19.0121,0.581
17720000,26,-312.362,2490.8,29.3467,0.569
17740000,28,-338.777,2509.06,21.4058,0.553
17760000,28,-343.321,2524.49,27.6242,0.59
17780000,21,-265.48,2479.26,18.9609,0.542
17800000,29,-354.712,2525.67,34.2188,0.574057
17820000,23,-281.78,2489.91,25.9479,0.556
17840000,25,-300.211,2488.81,29.0475,0.607
17860000,29,-352.81,2490.19,26.7043,0.578
17880000,42,-505.224,2569.89,32.5405,0.575
17900000,34,-404.186,2504.77,44.1701,0.585778
17920000,24,-283.09,2506.9,30.4787,0.556
17940000,32,-375.14,2510.42,36.4511,0.61
17960000,35,-408.584,2511.63,43.4854,0.597667
17980000,36,-419.349,2517.97,32.6733,0.602
18000000,30,-365.891,2552,29.6039,0.541
18020000,18,-216.005,2475.12,16.0922,0.567
18040000,25,-295.941,2502.75,27.0769,0.55
18060000,34,-402.245,2511.77,35.4294,0.565
18080000,28,-327.823,2493.09,42.9915,0.582
18100000,34,-413.183,2515.16,31.2757,0.57
18120000,35,-416.141,2566.76,31.5715,0.574
18140000,23,-281.242,2483.89,19.8988,0.559
18160000,27,-319.46,2511.21,22.4773,0.583875
18180000,39,-467.916,2538.87,32.7851,0.585
18200000,22,-268.201,2492.72,21.772,0.53
18220000,25,-306.097,2490.38,28.4211,0.552
18240000,24,-291.822,2496.82,16.3151,0.564
18260000,27,-327.229,2489.25,25.3144,0.561
18280000,30,-363.272,2489.55,29.0357,0.567833
18300000,28,-338.719,2495.34,37.5538,0.585
18320000,24,-293.515,2513.04,40.7346,0.555
18340000,28,-340.46,2482.73,24.2767,0.57
18360000,26,-324.249,2519.23,35.5697,0.566
18380000,20,-235.571,2467.56,17.9895,0.586
18400000,26,-318.226,2513.19,28.4797,0.54875
18420000,27,-330.721,2531.75,23.9922,0.561
18440000,29,-349.001,2532.73,26.4614,0.581667
18460000,27,-321.27,2465.8,29.3792,0.553
18480000,33,-386.783,2499.61,26.5956,0.559
18500000,23,-280.637,2522.48,21.2147,0.563
18520000,29,-350.881,2505.37,28.4795,0.56
18540000,38,-455.09,2537.34,46.8055,0.580615
18560000,25,-306.222,2501.61,27.326,0.575
18580000,34,-410.779,2508.08,36.5274,0.594
18600000,22,-264.595,2498.84,16.7032,0.554
18620000,30,-366.447,2498.12,32.7026,0.62
18640000,24,-297.856,2486.45,21.8749,0.571
18660000,24,-291.504,2481.05,30.5782,0.5755
18680000,31,-367.036,2502.78,27.0027,0.588
18700000,33,-397.399,2528.36,30.3442,0.601
18720000,30,-364.323,2512.37,30.3317,0.555
18740000,24,-296.689,2538.93,23.1613,0.562
18760000,35,-425.571,2542.92,38.5893,0.580444
18780000,32,-392.098,2535.27,28.1248,0.596
18800000,23,-282.946,2488.67,27.5384,0.556
18820000,24,-286.845,2501.8,25.1295,0.574
18840000,28,-336.579,2494.01,30.2745,0.572667
18860000,22,-266.933,2480.49,27.3897,0.562
18880000,26,-313.014,2519.84,22.6662,0.582
18900000,27,-320.175,2516.16,24.6862,0.549
18920000,21,-248.341,2483.13,18.5571,0.578
18940000,28,-325.822,2512.17,23.9737,0.587
18960000,23,-293.081,2516.27,24.334,0.553
18980000,22,-271.359,2512.91,18.6823,0.512
19000000,23,-284.498,2506.61,28.6602,0.546
19020000,25,-305.759,2493.81,20.2902,0.564
19040000,25,-288.141,2477.75,30.1472,0.574
19060000,19,-232.53,2457.71,22.324,0.558182
19080000,25,-299.945,2491.17,22.2245,0.562
19100000,27,-322.794,2516.82,27.0513,0.577
19120000,26,-315.372,2479.45,27.9531,0.583
19140000,29,-344.727,2505.56,27.5548,0.58497
19160000,26,-322.212,2493.06,20.0252,0.585
19180000,25,-298.871,2491.37,41.1713,0.58
19200000,26,-324.308,2491.85,28.3694,0.581
19220000,21,-262.842,2496.82,21.7154,0.554
19240000,39,-446.332,2549.33,35.2326,0.582545
19260000,27,-308.751,2510.49,23.1561,0.562
19280000,23,-269.526,2495.59,29.7903,0.58415
19300000,30,-353.579,2541.83,32.5125,0.584
19320000,28,-340.086,2502.18,29.6853,0.56325
19340000,31,-356.47,2483.67,38,0.56725
19360000,28,-328.637,2475.06,26.487,0.5834
19380000,37,-437.649,2544.43,47.3919,0.5786
19400000,22,-281.52,2504.62,20.7079,0.541
19420000,28,-350.194,2539.4,29.5302,0.555
19440000,32,-388.534,2508.25,28.0325,0.580321
19460000,28,-340.582,2505.1,40.0446,0.568
19480000,39,-468.615,2543.48,40.2765,0.597
19500000,23,-277.15,2472.69,34.2362,0.579
19520000,24,-284.543,2472.17,22.181,0.5889
19540000,36,-415.119,2488.29,34.4783,0.618
19560000,26,-306.677,2490.45,21.2585,0.588
19580000,21,-259.922,2496.98,25.1822,0.534
19600000,27,-316.245,2468.83,29.9214,0.579
19620000,32,-385.653,2519.86,32.2276,0.598
19640000,24,-298.602,2492.16,29.3722,0.527
19660000,28,-356.059,2516.95,35.9187,0.565333
19680000,24,-287.182,2492.1,22.469,0.5867
19700000,22,-275.392,2479.97,17.2094,0.569
19720000,21,-259.587,2487.28,24.9856,0.559
19740000,21,-254.78,2490.02,25.4174,0.561
19760000,28,-324.03,2504.57,27.8709,0.581
19780000,25,-299.469,2483.68,25.8975,0.5985
19800000,24,-282.592,2476.47,27.2231,0.56
19820000,28,-328.04,2496.02,20.0468,0.567
19840000,25,-313.182,2516.08,19.8726,0.57775
19860000,17,-206.46,2472.24,17.9274,0.557
19880000,26,-328.236,2515.67,21.6293,0.6
19900000,23,-271.991,2480.75,17.4116,0.566
19920000,33,-391.135,2534,41.2237,0.574
19940000,29,-351.155,2495.3,27.3203,0.573
19960000,17,-223.021,2481.5,20.6447,0.538
19980000,25,-311.097,2459.72,24.3821,0.588
20000000,19,-240.364,2473.36,21.9783,0.565
20020000,32,-398.408,2567.12,37.8338,0.573
20040000,16,-201.096,2473.39,19.1596,0.54
20060000,29,-355.815,2538.75,28.2322,0.569
20080000,29,-344.462,2498.56,24.8736,0.586
20100000,36,-428.587,2540.8,41.0974,0.592722
20120000,37,-460.574,2564.15,41.6034,0.594
20140000,26,-316.397,2490.51,34.2693,0.592
20160000,37,-454.014,2568.26,31.868,0.579
20180000,28,-330.3,2501.46,39.6949,0.573
20200000,35,-412.425,2551.4,38.153,0.585
20220000,27,-313.224,2488.23,29.3875,0.59
20240000,26,-300.981,2477.49,27.9866,0.548
20260000,32,-362.456,2512.57,39.6155,0.62
20280000,32,-366.967,2483.09,36.5625,0.568
20300000,24,-286.649,2491.14,23.7949,0.541
20320000,38,-446.121,2534.87,47.981,0.59925
20340000,40,-469.552,2523.85,37.0217,0.553
20360000,30,-357.17,2502.52,30.6113,0.577333
20380000,27,-324.412,2506.78,20.3891,0.578
20400000,41,-478.025,2521.25,30.9849,0.606
20420000,29,-349.419,2499.49,22.4542,0.59
20440000,31,-355.229,2516.05,31.4842,0.584222
20460000,29,-343.483,2503.32,30.3147,0.59
20480000,26,-305.99,2502.25,28.8789,0.588
20500000,32,-379.14,2501.88,29.0967,0.587
20520000,31,-370.855,2511.11,35.2827,0.563
20540000,26,-317.763,2505.66,24.486,0.538
20560000,35,-427.57,2534.92,33.9097,0.569818
20580000,32,-371.574,2516.36,39.3013,0.597885
20600000,26,-309,2521.67,32.7969,0.561
20620000,37,-421.77,2501.35,45.1277,0.615
20640000,30,-354.486,2519.19,19.7516,0.5616
20660000,41,-472.726,2520.63,31.7845,0.595
20680000,20,-262.536,2515.65,20.3035,0.507
20700000,28,-338.727,2523.5,32.6923,0.5832
20720000,25,-290.73,2481.47,25.672,0.564
20740000,37,-427.372,2506.78,32.2968,0.588
20760000,26,-312.484,2495.23,28.7236,0.6075
20780000,28,-326.694,2490.95,27.2387,0.595
20800000,24,-290.694,2486.06,22.8034,0.543
20820000,25,-297.835,2482.69,32.3497,0.590118
20840000,28,-344.647,2528.87,34.8228,0.563
20860000,28,-350.447,2547.62,28.4437,0.544
20880000,35,-405.978,2525.69,35.8958,0.633
20900000,22,-273.893,2467.76,29.931,0.556
20920000,24,-285.244,2480.85,25.4659,0.586
20940000,20,-243.463,2484.18,20.8754,0.551
20960000,26,-310.287,2475.42,18.6534,0.58
20980000,26,-314.84,2528.39,19.1072,0.584
21000000,28,-332.804,2474.01,18.8041,0.609
21020000,27,-334.311,2538.33,24.3036,0.539
21040000,30,-360.825,2491.07,37.7336,0.569
21060000,19,-232.993,2486.21,22.3474,0.557
21080000,28,-357.284,2555.69,39.7399,0.565
21100000,21,-259.437,2474.93,23.528,0.569
21120000,32,-380.123,2523.96,36.4542,0.607
21140000,27,-318.89,2461.88,25.3358,0.559
21160000,23,-276.423,2492.81,25.5443,0.556167
21180000,26,-311.899,2503.08,25.4414,0.57
21200000,23,-274.612,2497.58,21.8332,0.563
21220000,32,-379.521,2517.26,27.4514,0.569
21240000,34,-409.972,2562.25,38.4349,0.577
21260000,31,-371.797,2513.64,28.2847,0.582
21280000,25,-304.116,2506.34,29.4679,0.56
21300000,30,-366.182,2509.01,36.6228,0.596367
21320000,34,-420.441,2570.53,37.9671,0.562
21340000,27,-316.795,2463.92,35.6991,0.573667
21360000,28,-328.61,2483.04,29.4546,0.592
21380000,23,-289.977,2530.91,27.0341,0.548
21400000,18,-229.653,2494.58,14.5402,0.549
21420000,31,-376.359,2511.04,24.4334,0.572
21440000,27,-320.666,2480.81,21.2418,0.583
21460000,22,-271.603,2460.57,20.359,0.553
21480000,22,-284.271,2450.13,26.0586,0.569
21500000,33,-401.42,2543.57,34.6494,0.57488
21520000,19,-230.392,2469.66,18.7537,0.572
21540000,26,-323.235,2485.36,27.5824,0.574
21560000,28,-335.062,2484.75,30.289,0.589375
21580000,19,-228.758,2469.29,24.0713,0.581333
21600000,24,-306.085,2509.61,31.0353,0.555
21620000,25,-302.872,2520.09,29.6979,0.5405
21640000,32,-389.583,2539.87,37.7791,0.59
21660000,33,-385.622,2501.99,35.7335,0.596
21680000,32,-385.886,2521.41,32.2498,0.57
21700000,28,-321.519,2500.23,35.328,0.567
21720000,28,-344.026,2538.25,32.024,0.593
21740000,29,-336.382,2475.01,31.2985,0.576
21760000,29,-352.946,2513.97,39.3858,0.581
21780000,23,-277.718,2485.31,21.4368,0.547
21800000,30,-353.645,2490.06,23.3839,0.589667
21820000,22,-274.052,2502.81,16.1821,0.578
21840000,33,-392.455,2548.98,32.1229,0.555
21860000,27,-323.579,2551.81,27.4156,0.548
21880000,28,-342.859,2544.33,32.2962,0.569
21900000,27,-342.368,2497.27,40.7193,0.5705
21920000,33,-409.345,2541.49,36.408,0.556
21940000,21,-256.743,2497.4,16.85,0.542
21960000,27,-329.214,2501.42,21.1558,0.586448
21980000,37,-431.911,2514.51,37.5995,0.599
22000000,33,-398.837,2527.86,35.4882,0.570429
22020000,31,-378.961,2524.4,33.3141,0.545
22040000,28,-320.812,2494.19,39.8593,0.574
22060000,26,-309.372,2488.48,31.8626,0.590875
22080000,25,-295.359,2488.28,24.6511,0.551
22100000,28,-326.403,2496.21,31.8438,0.594
22120000,37,-432.377,2518.69,40.7874,0.596105
22140000,41,-469.943,2519.78,44.7759,0.586
22160000,30,-350.135,2531.5,29.1782,0.58
22180000,24,-296.081,2522.93,21.9702,0.516
22200000,31,-381.326,2525.49,21.292,0.567
22220000,30,-368.268,2521.75,22.5738,0.582
22240000,25,-309.153,2520.13,17.646,0.566
22260000,21,-256.9,2497.06,17.5811,0.522
22280000,27,-333.377,2506.45,26.2943,0.595
22300000,26,-320.289,2530.94,24.8692,0.552
22320000,24,-299.179,2506.77,32.6595,0.577
22340000,22,-278.624,2510.99,21.7756,0.535
22360000,29,-351.503,2514.93,37.5313,0.6
22380000,26,-315.95,2499.06,23.3496,0.612
22400000,34,-411.256,2510.71,33.8184,0.598
22420000,18,-233.032,2494.03,22.8439,0.557
22440000,36,-421.894,2523.52,31.716,0.59725
22460000,22,-268.89,2523.08,25.4984,0.513
22480000,33,-398.097,2510.59,31.2358,0.566
22500000,26,-312.281,2507.32,32.0557,0.553
22520000,24,-303.282,2514.83,27.0219,0.534
22540000,35,-437.462,2551.47,26.4712,0.537
22560000,35,-410.905,2549.3,40.3317,0.581
22580000,26,-310.442,2506.5,28.517,0.559
22600000,24,-286.11,2505.56,17.0552,0.552
22620000,33,-387.227,2532.44,34.122,0.593
22640000,23,-280.266,2521.72,22.3984,0.576
22660000,35,-421.134,2491.58,36.5941,0.588
22680000,29,-345.384,2476.01,17.5451,0.556
22700000,24,-290.667,2517.44,23.516,0.565387
22720000,24,-287.136,2472.28,28.1848,0.577
22740000,31,-360.365,2511.95,31.3416,0.588
22760000,33,-394.063,2525,28.0587,0.590667
22780000,35,-411.316,2523.86,42.1187,0.565
22800000,35,-413.879,2502.86,36.0374,0.598
22820000,34,-406.85,2510.81,30.3746,0.588227
22840000,32,-384.778,2501.4,46.9494,0.587
22860000,31,-380.446,2512.35,31.7577,0.5856
22880000,36,-437.49,2557.5,41.9467,0.572
22900000,37,-437.677,2511.54,32.1615,0.603
22920000,29,-356.647,2509.71,32.4454,0.562
22940000,27,-322.611,2509.92,23.7577,0.575
22960000,25,-318.704,2507.49,34.1751,0.577
22980000,23,-289.688,2505.86,23.7705,0.527
23000000,23,-287.725,2498.86,23.486,0.58
23020000,17,-221.296,2493.46,14.3257,0.525
23040000,24,-281.44,2479.57,19.3593,0.599875
23060000,23,-280.665,2505.64,22.8767,0.564
23080000,33,-397.623,2471.25,32.9792,0.542
23100000,35,-416.446,2473.54,36.32,0.581
23120000,24,-286.286,2480.23,31.2279,0.577263
23140000,25,-308.051,2491.4,25.8006,0.561
23160000,28,-335.138,2498.43,30.8729,0.59
23180000,28,-341.6,2508.17,32.703,0.553
23200000,26,-310.848,2480.69,27.0648,0.584
23220000,21,-246.364,2471.04,17.3519,0.572
23240000,32,-386.052,2528.72,30.5223,0.569
23260000,17,-208.136,2468.41,18.9924,0.543
23280000,28,-329.609,2516.42,25.7853,0.574
23300000,33,-392.51,2505,29.846,0.5682
23320000,22,-260.486,2474.15,20.9227,0.596
23340000,24,-288.937,2476.74,23.828,0.588
23360000,21,-264.686,2496.27,21.359,0.57
23380000,26,-310.762,2511.36,34.7302,0.564
23400000,28,-334.607,2481.48,28.3925,0.6265
23420000,35,-421.7,2512.41,31.4407,0.576
23440000,35,-427.604,2510.35,25.1147,0.572944
23460000,35,-423.582,2517.7,39.3778,0.589
23480000,37,-430.402,2481.02,37.9405,0.584
23500000,40,-473.86,2550.86,38.9659,0.582
23520000,30,-353.96,2525.2,40.9507,0.573
23540000,44,-526.667,2543.66,55.1966,0.59
23560000,23,-281.97,2482.75,33.7015,0.562
23580000,25,-304.088,2506.13,27.6397,0.587
23600000,27,-328.178,2507.49,38.7787,0.5685
23620000,28,-331.944,2511.53,23.7831,0.574
23640000,32,-371.391,2503.64,44.0184,0.5992
23660000,27,-330.46,2497.57,21.9922,0.556333
23680000,24,-292.083,2485.9,33.656,0.566
23700000,28,-318.102,2491.56,30.6503,0.597
23720000,32,-380.238,2523.74,32.5566,0.581368
23740000,24,-300.572,2473.03,39.7704,0.56
23760000,29,-355.011,2501.47,25.3913,0.574333
23780000,21,-264.989,2498.55,21.2895,0.525
23800000,19,-242.338,2464.58,15.97,0.537
23820000,25,-300.443,2490.78,21.4345,0.578
23840000,30,-350.541,2501.07,25.5791,0.544
23860000,25,-299.18,2497.59,25.5465,0.594
23880000,45,-532.789,2545.17,39.9764,0.599
23900000,30,-360.819,2492.9,30.6859,0.559
23920000,25,-306.946,2490.12,37.8132,0.549
23940000,29,-347.191,2508.07,35.7984,0.588
23960000,32,-371.553,2502.9,27.9911,0.59
23980000,23,-291.939,2480.81,21.9802,0.602214
24000000,29,-366.254,2558.25,29.8429,0.588828
24020000,23,-282.277,2513.24,21.9168,0.512
24040000,24,-301.798,2506.02,25.0114,0.57
24060000,27,-336.284,2489.37,19.9827,0.583
24080000,30,-359.464,2522.98,35.6424,0.575
24100000,44,-519.619,2526.82,46.0891,0.584781
24120000,30,-366.793,2523.11,25.9705,0.599
24140000,29,-354.822,2506.3,35.3391,0.59
24160000,35,-424.026,2559.39,37.5029,0.575
24180000,25,-305.912,2524.64,27.0506,0.546
24200000,32,-365.696,2481.89,28.8245,0.608
24220000,28,-331.282,2536.72,27.9856,0.548
24240000,36,-415.102,2510.38,38.0463,0.593
24260000,21,-253.575,2508.5,19.6939,0.545
24280000,31,-374.402,2512.07,28.7513,0.5795
24300000,35,-416.213,2535.37,31.2612,0.585
24320000,27,-324.647,2500.22,28.1338,0.549
24340000,27,-327.761,2521.31,27.4352,0.6
24360000,26,-315.619,2516.75,27.1356,0.581
24380000,37,-441.711,2549.62,49.161,0.613
24400000,36,-424.065,2503.58,41.0259,0.582375
24420000,22,-268.262,2500.79,26.701,0.541
24440000,25,-301.342,2474.39,21.819,0.587
24460000,29,-340.405,2499.38,33.3681,0.582
24480000,26,-310.46,2503.46,31.7668,0.559
24500000,24,-297.417,2478.61,23.3135,0.568
24520000,18,-222.269,2483.49,15.8482,0.579
24540000,30,-365.7,2515.78,38.914,0.551
24560000,24,-278.676,2496.09,24.3064,0.548
24580000,22,-272.137,2478.5,25.0892,0.577
24600000,31,-383.125,2531.78,24.4673,0.546
24620000,44,-515.742,2543.22,61.9444,0.6025
24640000,39,-448.59,2509.51,43.8355,0.593833
24660000,36,-430.586,2530.67,36.1599,0.579909
24680000,23,-274.385,2475.07,21.435,0.541
24700000,35,-433.427,2565.7,33.0554,0.573
24720000,25,-291.318,2492.53,23.3631,0.552
24740000,20,-248.788,2462.07,19.9568,0.531
24760000,32,-375.917,2511.5,44.8769,0.612
24780000,35,-417.414,2509.83,40.0635,0.629
24800000,26,-313.382,2480.29,19.9628,0.601333
24820000,32,-369.419,2477.36,35.3168,0.588
24840000,25,-291.383,2492.08,26.6847,0.573
24860000,33,-403.062,2534.41,46.6276,0.58
24880000,34,-416.878,2553.42,29.0553,0.5732
24900000,32,-380.182,2507.23,26.6649,0.583
24920000,34,-411.186,2495.35,35.3108,0.5945
24940000,30,-351.823,2499.31,33.2375,0.577
24960000,31,-373.774,2506.97,27.5156,0.569
24980000,27,-317.524,2520.44,20.2913,0.597
25000000,33,-396.41,2548.15,30.0199,0.574714
25020000,36,-420.557,2541.43,44.1824,0.588714
25040000,32,-374.738,2498.49,35.0238,0.6085
25060000,27,-331.661,2518.7,23.0657,0.592
25080000,26,-313.982,2523.92,22.8325,0.546
25100000,31,-372.433,2505.52,28.4551,0.5765
25120000,27,-330.205,2522.38,24.1458,0.574143
25140000,31,-374.602,2528,34.9799,0.59
25160000,38,-449.386,2522.45,46.5958,0.589
25180000,27,-335.501,2537.88,34.5482,0.562
25200000,25,-315.244,2529.06,19.8019,0.566
25220000,28,-331.127,2518.92,31.7077,0.553
25240000,23,-288.121,2517.73,16.8305,0.558
25260000,31,-383.743,2506.04,35.7173,0.593
25280000,27,-325.115,2521.77,30.0479,0.566
25300000,28,-355.943,2532.11,27.7234,0.548
25320000,23,-277.3,2502.05,25.9439,0.578667
25340000,30,-354.201,2508.57,18.5288,0.55
25360000,27,-313.609,2502.29,29.1187,0.564
25380000,31,-375.61,2511.55,22.7407,0.598556
25400000,24,-296.752,2505.35,24.2435,0.56
25420000,26,-305.314,2484.3,27.8488,0.582
25440000,27,-338.262,2538.61,25.6818,0.571667
25460000,29,-351.655,2513.87,34.0545,0.614
25480000,23,-281.918,2473.72,22.8916,0.529
25500000,28,-344.216,2534.14,25.4562,0.575
25520000,23,-277.349,2501.16,28.8731,0.545
25540000,25,-303.874,2487.48,25.0852,0.536
25560000,22,-255.757,2481.15,21.293,0.541
25580000,21,-258.515,2468.08,18.4226,0.512
25600000,21,-250.528,2480.37,14.7384,0.571
25620000,23,-283.751,2502.19,24.6888,0.544
25640000,23,-278.769,2507.58,27.2629,0.559
25660000,30,-366.045,2512.89,39.3346,0.555
25680000,31,-370.26,2504.23,30.9203,0.578
25700000,33,-379.254,2506.31,39.1111,0.566
25720000,26,-316.513,2508.22,22.2573,0.598
25740000,28,-341.134,2512.24,27.8152,0.567
25760000,26,-323.045,2500.9,13.4995,0.582
25780000,29,-345.491,2496.04,30.6803,0.596
25800000,27,-328.503,2485.21,29.6875,0.562
25820000,27,-317.305,2496.4,24.8831,0.571
25840000,22,-278.574,2487.24,14.9852,0.553
25860000,30,-360.882,2517.73,34.4816,0.577667
25880000,24,-300.778,2515.18,28.3885,0.53
25900000,31,-385.009,2501.69,20.0536,0.569
25920000,30,-358.222,2501.76,24.3642,0.609
25940000,25,-308.78,2482.51,28.5088,0.571
25960000,23,-281.264,2508.87,28.8848,0.551
25980000,36,-424.397,2489.2,36.6173,0.604
26000000,27,-326.051,2500.66,28.03,0.5705
26020000,30,-342.907,2510.06,24.8967,0.576
26040000,42,-483.787,2544.02,42.9544,0.578
26060000,28,-321.565,2495.27,24.1538,0.586
26080000,39,-470.359,2533.1,38.6257,0.598
26100000,24,-302.652,2522.83,26.6269,0.567
26120000,25,-311.778,2503.69,31.8828,0.568
26140000,28,-335.974,2510.85,32.3849,0.576
26160000,31,-376.45,2496.59,30.5847,0.565
26180000,32,-391.382,2511.75,31.787,0.555
26200000,28,-335.334,2520.86,32.462,0.595
26220000,29,-369.801,2541,33.0119,0.557727
26240000,36,-446.528,2534.23,43.8967,0.58
26260000,41,-507.633,2545.8,31.6552,0.562
26280000,33,-404.439,2539.19,27.0422,0.591
26300000,36,-422.58,2541.21,35.4694,0.563
26320000,34,-417.468,2505.75,37.5581,0.573
26340000,22,-256.689,2469.87,21.3552,0.575
26360000,29,-338.181,2489.03,31.8494,0.592
26380000,24,-288.005,2498.57,22.9123,0.563
26400000,28,-333.187,2508.41,31.7213,0.609
26420000,24,-287.646,2501.7,32.8168,0.556
26440000,28,-334.956,2510.12,24.7731,0.57525
26460000,33,-408.194,2540.07,38.167,0.571
26480000,34,-395.257,2530.26,45.594,0.588429
26500000,37,-424.944,2524.96,34.1455,0.569333
26520000,35,-405.982,2551.14,45.2928,0.555667
26540000,41,-480.342,2550.36,50.555,0.596
26560000,37,-422.858,2507.86,35.0976,0.589
26580000,26,-305.645,2507.36,22.7612,0.589
26600000,23,-283.661,2519.72,30.7049,0.568
26620000,24,-296.932,2500.73,23.1435,0.557
26640000,24,-297.278,2506.78,18.4335,0.549
26660000,34,-408.136,2520.17,27.8661,0.591
26680000,32,-392.078,2524.69,36.4194,0.54
26700000,26,-329.645,2522.79,22.8874,0.566
26720000,28,-327.009,2504.1,28.1666,0.581
26740000,26,-303.306,2503.37,19.6863,0.573
26760000,35,-424.952,2503.51,39.9633,0.601
26780000,31,-369.835,2530.13,32.0405,0.576
26800000,34,-408.554,2544.2,42.7089,0.588
26820000,26,-317.054,2537.83,29.7963,0.564
26840000,31,-373.643,2526.51,30.6014,0.582
26860000,30,-367.084,2526.12,38.5429,0.584
26880000,33,-398.83,2511.69,30.3954,0.538
26900000,30,-375.278,2523.39,34.6328,0.569
26920000,31,-380.148,2545.87,36.9727,0.563
26940000,31,-369.687,2519.02,42.1753,0.576
26960000,23,-277.49,2500.15,24.5604,0.564
26980000,28,-329.498,2518.29,26.8995,0.579
27000000,33,-382.16,2518.98,30.9205,0.588
27020000,29,-345.043,2518.05,33.5516,0.561
27040000,33,-399.492,2505.12,34.3628,0.582
27060000,37,-438.347,2534.78,47.203,0.580286
27080000,36,-419.72,2513.15,39.3166,0.595
27100000,30,-363.83,2519.07,17.2941,0.61
27120000,43,-498.5,2529.46,26.8783,0.589385
27140000,30,-361.71,2524.38,31.9151,0.614
27160000,35,-402.424,2511.81,33.0295,0.575
27180000,21,-259,2508.58,23.5109,0.545
27200000,30,-370.75,2530.47,36.7684,0.571194
27220000,32,-380.509,2523.12,29.4809,0.574
27240000,23,-278.103,2506.87,24.3426,0.568
27260000,28,-335.816,2516.21,21.9417,0.546
27280000,32,-391.737,2550.88,30.367,0.569
27300000,26,-311.535,2509.08,30.7069,0.558
27320000,26,-327.157,2530.01,22.0257,0.526
27340000,35,-428.513,2528.92,35.2389,0.579
27360000,27,-336.458,2518.14,30.8902,0.5705
27380000,19,-242.66,2478.49,21.1659,0.557
27400000,33,-397.967,2531.74,34.3597,0.579
27420000,32,-376.551,2487.7,40.4584,0.593333
27440000,26,-312.325,2498.57,28.4077,0.627
27460000,23,-273.287,2493.03,34.4575,0.593
27480000,19,-227.684,2479.86,27.3417,0.559
27500000,31,-379.314,2521.37,30.6385,0.563
27520000,24,-306.753,2497.44,30.2521,0.55
27540000,24,-309.549,2513.97,18.1609,0.573667
27560000,24,-304.183,2523.31,24.5302,0.528
27580000,30,-377.197,2502.52,26.7391,0.583
27600000,40,-473.005,2543.26,40.1474,0.624
27620000,27,-342.578,2536.98,25.8816,0.578
27640000,32,-374.051,2537.27,30.0633,0.584
27660000,25,-312.936,2528.06,24.752,0.555
27680000,24,-290.04,2507.71,24.7161,0.558
27700000,25,-299.247,2512.93,22.9321,0.557
27720000,24,-299.402,2546.01,21.5898,0.555
27740000,27,-322.16,2508.65,20.7282,0.575
27760000,22,-279.417,2523.47,12.6639,0.537
27780000,25,-312.897,2524.33,25.3326,0.53
27800000,27,-330.684,2524.96,26.6817,0.563
27820000,43,-495.574,2524.14,39.6549,0.615
27840000,28,-342.524,2527.08,18.7389,0.535
27860000,41,-468.82,2518.74,30.353,0.614
27880000,34,-399.771,2508.35,45.0862,0.58
27900000,25,-318.37,2500.24,23.8584,0.538
27920000,36,-427.949,2567.26,55.4487,0.583
27940000,33,-406.338,2507.85,41.8015,0.591
27960000,33,-392.871,2512.34,41.7326,0.577
27980000,31,-380.759,2528.61,29.8161,0.57
28000000,35,-428.1,2561.7,30.0251,0.57375
28020000,29,-352.79,2518.26,35.0899,0.568
28040000,38,-459.484,2502.03,38.5429,0.591375
28060000,33,-385.877,2532.95,38.3023,0.581
28080000,36,-428.141,2540.46,37.5915,0.587471
28100000,33,-398.766,2536.68,42.9047,0.584575
28120000,30,-368.647,2494.69,30.0044,0.568
28140000,44,-527.073,2527.07,33.2378,0.598
28160000,29,-349.054,2488.66,45.1605,0.608
28180000,21,-276.918,2525.8,18.6312,0.52
28200000,31,-376.34,2520.69,34.7574,0.613
28220000,28,-342.934,2505.79,31.224,0.5775
28240000,36,-425.834,2544.97,22.0451,0.587333
28260000,33,-391.592,2501.66,41.0472,0.585
28280000,30,-350.078,2509.49,31.1185,0.607
28300000,24,-296.079,2504.72,23.0076,0.567
28320000,28,-333.629,2494.88,29.0505,0.588
28340000,32,-377.477,2518.01,26.8086,0.581
28360000,18,-227.559,2486.37,16.5881,0.561
28380000,20,-253.699,2474.05,19.5348,0.524
28400000,30,-361.048,2536.84,37.1661,0.58096
28420000,31,-381.279,2488.53,22.1643,0.609
28440000,27,-326.242,2533.5,24.1643,0.595
28460000,37,-422.417,2509.51,41.2927,0.582
28480000,22,-281.861,2498.44,23.7322,0.561
28500000,26,-315.96,2492.39,30.2812,0.548
28520000,20,-241.134,2490.99,20.0155,0.562
28540000,21,-266.542,2516.74,26.9747,0.518
28560000,18,-227.227,2497.35,17.4817,0.535
28580000,33,-385.899,2519.08,27.5052,0.602
28600000,26,-312.137,2487.99,30.021,0.573
28620000,30,-355.487,2522.93,26.238,0.582
28640000,23,-286.831,2488.36,22.4015,0.58
28660000,45,-523.551,2527.9,48.0307,0.589
28680000,42,-490.935,2530.49,44.0975,0.606696
28700000,26,-309.85,2500.01,33.4489,0.579636
28720000,29,-350.955,2521.35,41.99,0.571
28740000,22,-264.366,2479.8,17.8843,0.564
28760000,25,-299.165,2476.96,30.7383,0.567
28780000,25,-290.703,2486.73,25.045,0.562
28800000,29,-347.453,2526.66,33.1688,0.5615
28820000,23,-279.021,2486.56,21.5648,0.578
28840000,35,-417.171,2501.58,41.798,0.575
28860000,35,-422.816,2506.56,40.0926,0.570182
28880000,35,-407.331,2497.19,31.2732,0.618
28900000,23,-272.783,2504.86,17.4827,0.572
28920000,28,-340.74,2510.46,23.2574,0.557
28940000,26,-317.229,2521.43,23.7558,0.552
28960000,39,-468.28,2526.14,45.7777,0.6
28980000,34,-397.679,2511.85,42.5686,0.577
29000000,27,-327.466,2524.63,31.4949,0.5789
29020000,38,-459.449,2544.16,37.4059,0.584
29040000,28,-340.457,2490.47,35.0115,0.606
29060000,29,-354.425,2525.62,43.8757,0.617
29080000,42,-501.399,2538.82,44.7198,0.593
29100000,34,-406.117,2515.97,26.8212,0.595
29120000,33,-407.202,2521.27,36.566,0.581
29140000,27,-336.119,2525.95,30.0954,0.559
29160000,30,-353.395,2510.75,36.4415,0.526
29180000,36,-427.921,2528.99,32.3925,0.57
29200000,22,-277.034,2481.54,22.8398,0.561875
29220000,27,-333.182,2501.96,35.2641,0.575
29240000,27,-333.931,2526.47,20.9356,0.577
29260000,28,-351.2,2517.2,29.0051,0.55
29280000,21,-263.668,2499.26,20.6368,0.576
29300000,31,-359.7,2522.4,30.1383,0.595
29320000,33,-385.796,2507.51,33.1928,0.602
29340000,27,-323.74,2490.25,21.6745,0.582
29360000,27,-318.806,2505.48,36.463,0.539
29380000,43,-522.874,2567.06,25.2462,0.578
29400000,30,-353.075,2521.88,28.6675,0.589
29420000,43,-535.345,2607.35,42.4565,0.566
29440000,36,-442.546,2595.64,39.2257,0.547
29460000,31,-367.119,2523.88,25.6699,0.579
29480000,27,-332.528,2529.65,34.1459,0.559
29500000,44,-525.485,2581.04,44.0612,0.59
29520000,37,-435.585,2512.33,30.4558,0.601
29540000,34,-415.454,2571.09,36.0806,0.5705
29560000,32,-374.003,2498.69,47.7131,0.617
29580000,41,-494.471,2539.13,39.6799,0.582643
29600000,25,-299.418,2507.92,26.9286,0.574
29620000,30,-363.148,2570.29,26.0889,0.552
29640000,43,-506.178,2531.41,42.1818,0.591063
29660000,21,-257.689,2495.35,23.6533,0.5805
29680000,22,-275.966,2504.51,20.4716,0.563
29700000,24,-275.9,2461.02,37.5559,0.559
29720000,22,-275.355,2495.03,23.9518,0.524
29740000,29,-353.991,2522.89,25.785,0.578
29760000,26,-328.289,2508.88,31.4701,0.56
29780000,25,-300.343,2492.9,24.3603,0.593
29800000,28,-335.764,2505.94,24.1482,0.59
29820000,28,-332.959,2472.32,22.6999,0.568
29840000,41,-475.029,2546.32,43.6917,0.59109
29860000,25,-312.424,2504.09,28.8712,0.571059
29880000,31,-364.239,2508.34,40.0801,0.595732
29900000,27,-332.772,2501.16,26.1281,0.582
29920000,30,-366.242,2507.32,30.5836,0.561077
29940000,26,-313.184,2491.31,22.5031,0.585
29960000,29,-349.233,2497.2,31.7743,0.56
29980000,36,-438.963,2529.81,41.886,0.552
