generation,N_shifts,logPrior,logLik,eventRate,acceptRate
0,0,-16.3554,-16266.3,500,0
20000,1,-32.4784,2137.59,4.19951,0.346
40000,1,-36.2426,2253.46,2.06816,0.36269
60000,3,-56.9409,2284.22,2.28235,0.356
80000,1,-38.854,2260.63,2.471,0.314167
100000,1,-43.4909,2262.79,2.53493,0.285
120000,1,-41.3848,2265.31,4.52972,0.299
140000,1,-36.421,2261.51,0.189783,0.291
160000,1,-37.022,2262.89,0.662025,0.295091
180000,3,-64.6129,2318.42,6.19805,0.354
200000,1,-36.1714,2261.65,1.11378,0.258
220000,2,-50.0593,2283.14,2.96346,0.372
240000,2,-52.1076,2287.82,1.53418,0.267
260000,4,-74.6006,2352.28,2.50996,0.263
280000,4,-76.0982,2320.3,3.54098,0.285
300000,1,-37.7278,2265.72,4.8077,0.271214
320000,4,-77.8177,2318.48,2.94389,0.265
340000,2,-49.4975,2293.7,2.12859,0.232
360000,4,-77.9133,2343.69,2.70234,0.276
380000,4,-77.9001,2350.19,3.24748,0.275778
400000,2,-49.0308,2293.63,1.3381,0.204
420000,1,-41.2475,2271.58,0.31639,0.2644
440000,4,-74.9688,2352.64,3.84944,0.27075
460000,4,-76.0643,2347.94,5.05273,0.312
480000,4,-76.1359,2340.39,9.87529,0.291773
500000,4,-75.5414,2355.33,4.38789,0.249
520000,4,-74.3574,2344.6,6.42999,0.234
540000,2,-50.6587,2295.09,4.80297,0.241
560000,4,-76.9948,2346.89,8.23284,0.247333
580000,2,-48.457,2290.46,3.78189,0.224
600000,4,-76.7572,2354.89,4.22741,0.23825
620000,4,-75.4409,2353.83,4.51479,0.23
640000,5,-86.4454,2357.16,7.30134,0.273188
660000,4,-73.2373,2353.04,10.4078,0.287
680000,4,-80.9995,2344.95,4.12912,0.281
700000,4,-77.5168,2350.25,5.59312,0.264
720000,2,-48.5066,2267.39,4.69747,0.262
740000,2,-50.9058,2296.34,4.1708,0.222667
760000,5,-89.5925,2350.26,5.90826,0.386
780000,1,-33.4904,2262.27,4.77308,0.258
800000,4,-75.799,2356.48,6.78546,0.254
820000,2,-50.345,2296.04,4.0749,0.225929
840000,5,-83.8685,2342.94,6.02358,0.284
860000,2,-51.3522,2295.03,1.95867,0.2325
880000,2,-51.1716,2296.93,1.45868,0.235
900000,4,-78.2197,2348.61,2.90276,0.267125
920000,5,-88.0458,2350.12,1.48297,0.339
940000,6,-102.491,2342.48,4.80762,0.3073
960000,5,-90.0083,2371.65,5.63323,0.306
980000,5,-89.676,2373.63,3.20192,0.303
1000000,7,-111.144,2372.05,5.7896,0.348
1020000,3,-61.1219,2324.21,0.775276,0.2502
1040000,1,-38.6947,2267.53,1.08162,0.277545
1060000,6,-104.713,2396.71,9.66527,0.173
1080000,6,-99.4606,2375.91,6.72168,0.297176
1100000,7,-114.256,2367.85,4.67782,0.28825
1120000,6,-102.617,2394.13,4.28152,0.231
1140000,4,-75.6455,2348.16,3.09032,0.277
1160000,6,-94.2338,2370.72,5.24337,0.384
1180000,6,-99.4129,2362.27,10.844,0.328
1200000,6,-101.576,2371.81,9.60069,0.33
1220000,7,-115.351,2391.66,13.1529,0.307
1240000,6,-97.5729,2365.96,8.40662,0.388
1260000,5,-91.8907,2371.28,4.87607,0.265
1280000,5,-85.9449,2347.9,3.66503,0.321
1300000,7,-114.649,2392.45,6.87086,0.29
1320000,6,-100.225,2376.13,13.8966,0.276
1340000,8,-124.03,2410.89,5.33325,0.312733
1360000,5,-89.2888,2373.65,4.47072,0.238
1380000,5,-86.8777,2374.51,4.17247,0.236
1400000,6,-100.176,2400.04,8.97556,0.258
1420000,9,-134.308,2403.77,3.91436,0.2885
1440000,10,-137.874,2401.34,10.8041,0.403
1460000,8,-123.822,2381.04,13.8268,0.318409
1480000,9,-137.146,2427.07,13.0954,0.308
1500000,6,-98.6841,2366.1,7.52037,0.252
1520000,5,-87.2966,2371.61,12.2539,0.265105
1540000,12,-170.945,2459.54,17.7674,0.31
1560000,10,-141.19,2453.31,5.80159,0.307667
1580000,10,-139.885,2448.37,10.3611,0.331
1600000,14,-185.319,2466.46,17.3088,0.363
1620000,1,-38.327,2269.19,0.493058,0.256
1640000,7,-112.562,2402.94,15.4334,0.272
1660000,6,-100.685,2377.13,7.82204,0.346286
1680000,8,-126.489,2408.15,6.47582,0.301
1700000,6,-100.234,2381.9,6.06186,0.317846
1720000,13,-178.231,2410.71,9.64171,0.383
1740000,8,-120.702,2393.57,9.21519,0.259
1760000,1,-40.1878,2272.29,2.99362,0.249
1780000,9,-137.262,2410.09,10.8183,0.348
1800000,10,-144.854,2396.63,9.75707,0.38325
1820000,7,-108.676,2386.29,10.9478,0.308
1840000,8,-120.15,2385.94,7.54086,0.337
1860000,8,-123.88,2388.19,4.98176,0.291333
1880000,1,-40.8472,2273.55,1.66515,0.232
1900000,14,-191.317,2464.21,14.0661,0.339
1920000,15,-208.776,2469.96,15.9825,0.304
1940000,7,-109.492,2398.19,10.7116,0.315
1960000,15,-198.69,2482.42,19.4367,0.318
1980000,13,-172.888,2465.77,14.5706,0.329
2000000,7,-114.071,2397.95,5.54509,0.268
2020000,8,-126.229,2401.41,5.96601,0.334
2040000,7,-112.922,2393.44,7.49395,0.305
2060000,15,-201.17,2469.94,15.3618,0.354
2080000,2,-54.3287,2301.2,1.94637,0.296
2100000,8,-123.013,2404.04,6.15491,0.3635
2120000,12,-171.799,2411.02,15.8683,0.37
2140000,18,-235.351,2493.99,25.2221,0.366
2160000,11,-163.32,2432.15,9.0502,0.353
2180000,17,-229.626,2493.69,23.1959,0.357
2200000,10,-148.084,2424.8,9.93024,0.316
2220000,18,-235.62,2461.06,20.6114,0.385
2240000,18,-240.029,2482.89,19.3856,0.384
2260000,5,-93.338,2327.36,6.57519,0.289
2280000,3,-66.1035,2324.18,3.63872,0.256
2300000,3,-69.9831,2327.16,2.26757,0.247
2320000,18,-236.801,2492.07,22.8923,0.3787
2340000,11,-154.735,2431.25,12.376,0.316
2360000,19,-249.875,2519.59,16.6794,0.353
2380000,13,-178.172,2433.49,19.0097,0.3555
2400000,19,-253.988,2508.46,23.229,0.375
2420000,21,-289.197,2514.64,27.4021,0.3776
2440000,3,-68.1542,2325.75,2.66003,0.26
2460000,12,-173.62,2423.03,7.6639,0.32
2480000,14,-195.492,2430.7,22.8665,0.392
2500000,14,-190.32,2449.74,11.5458,0.316
2520000,12,-170.653,2443.95,13.6011,0.3105
2540000,11,-160.058,2433.75,6.13341,0.326
2560000,14,-193.049,2448.39,15.631,0.356
2580000,3,-68.7818,2332.72,5.46495,0.225
2600000,18,-241.515,2494.13,21.2899,0.34
2620000,20,-267.743,2457.77,24.2224,0.368625
2640000,14,-198.511,2455.21,12.3122,0.345333
2660000,21,-277.845,2509.68,22.1573,0.346524
2680000,22,-276.74,2521.09,26.6762,0.386
2700000,16,-221.114,2494.6,14.7366,0.336
2720000,19,-247.459,2492.62,17.4313,0.389
2740000,15,-202.509,2452.67,15.79,0.351
2760000,24,-313.42,2512.65,41.272,0.408
2780000,17,-220.254,2456.94,21.411,0.356
2800000,17,-228.348,2493.3,15.2309,0.344
2820000,16,-214.314,2460.07,19.2752,0.372
2840000,16,-210.047,2467.79,15.9569,0.362
2860000,19,-254.883,2499.92,26.48,0.338
2880000,3,-66.7827,2332.41,4.38824,0.200167
2900000,5,-88.0043,2335.11,4.17276,0.317
2920000,21,-259.961,2461.94,34.7978,0.375727
2940000,3,-67.5109,2331.43,4.40635,0.247
2960000,23,-289.994,2524.48,21.1769,0.416455
2980000,13,-170.898,2447.81,10.4711,0.352
3000000,4,-83.8244,2330.1,3.23364,0.301714
3020000,3,-66.2232,2324.21,4.22,0.233
3040000,13,-172.426,2448.64,20.5904,0.335636
3060000,21,-271.973,2522.69,26.1277,0.383
3080000,4,-81.0031,2351.57,1.10329,0.280143
3100000,4,-77.4732,2344.48,5.72056,0.306
3120000,25,-325.163,2497.76,29.5301,0.433
3140000,4,-74.1719,2345.08,2.32326,0.273
3160000,15,-197.359,2464.74,15.1637,0.316
3180000,20,-253.218,2504.7,24.9822,0.393
3200000,4,-75.942,2356.49,8.42639,0.274
3220000,13,-178.224,2468.44,14.6556,0.289
3240000,4,-78.8775,2361.26,5.05057,0.205
3260000,21,-270.892,2509.77,21.4573,0.417
3280000,13,-175.041,2456.1,17.1058,0.316
3300000,24,-302.081,2523.49,23.7117,0.430775
3320000,4,-77.6048,2350.68,4.24336,0.279
3340000,23,-291.253,2531.15,29.4762,0.427667
3360000,23,-289.114,2520.61,22.4054,0.44155
3380000,5,-89.5509,2364.96,5.31259,0.263667
3400000,18,-228.665,2488.2,11.6698,0.347
3420000,5,-88.4801,2360.27,6.03454,0.296429
3440000,22,-279.676,2533.73,23.0766,0.427333
3460000,29,-357.024,2533.24,24.111,0.427105
3480000,16,-207.254,2483.89,18.3825,0.348
3500000,17,-218.177,2474.02,12.564,0.397714
3520000,19,-246.774,2528.36,17.7187,0.373067
3540000,16,-204.449,2475.58,20.0237,0.3732
3560000,6,-99.3401,2379.35,4.00894,0.296
3580000,5,-90.0613,2372.26,6.25849,0.296
3600000,7,-112.8,2380.07,15.6676,0.369
3620000,20,-250.143,2485.47,32.8942,0.424
3640000,6,-95.5511,2372.61,4.26124,0.338
3660000,23,-305.486,2516.72,26.6355,0.4195
3680000,8,-125.089,2388.05,10.2846,0.408
3700000,10,-146.949,2378.91,13.0873,0.415
3720000,24,-306.635,2517.99,32.9908,0.370389
3740000,26,-337.744,2521.34,25.6138,0.424
3760000,9,-135.776,2387.9,8.66194,0.393344
3780000,8,-119.821,2389.85,9.538,0.383
3800000,7,-109.962,2380.81,8.53316,0.36
3820000,7,-113.194,2392.35,3.64991,0.379
3840000,7,-110.038,2391.05,7.96217,0.361938
3860000,18,-230.32,2510.79,22.4863,0.338
3880000,26,-322.592,2582.08,23.3973,0.354
3900000,19,-244.56,2497.09,19.147,0.384
3920000,8,-116.501,2384.09,12.6025,0.357
3940000,30,-378.326,2583.84,21.8808,0.426786
3960000,18,-233.893,2531.11,10.4033,0.327
3980000,16,-206.289,2498.66,22.5204,0.328
4000000,30,-377.802,2591.2,29.0064,0.404667
4020000,18,-232.989,2502.83,11.7055,0.415
4040000,10,-142.786,2410.17,9.23784,0.374
4060000,18,-235.351,2514.48,20.5215,0.3015
4080000,10,-150.185,2411.14,14.895,0.337
4100000,10,-147.799,2408.05,6.53301,0.331
4120000,19,-240.779,2521.9,23.2811,0.3385
4140000,11,-154.715,2419.28,10.3145,0.423
4160000,15,-194.446,2465.07,14.5258,0.3512
4180000,20,-252.179,2527.47,31.3296,0.343
4200000,11,-154.714,2422.08,12.5334,0.351
4220000,11,-159.94,2420.56,7.36016,0.37
4240000,14,-198.263,2433.64,18.6962,0.384
4260000,17,-224.902,2531.08,18.272,0.332
4280000,21,-267.89,2527.17,25.7762,0.354
4300000,21,-284.686,2462,19.7822,0.429333
4320000,20,-256.15,2535.11,15.7949,0.366
4340000,18,-238.282,2526.02,17.2484,0.345273
4360000,16,-217.811,2474.68,22.8678,0.367
4380000,22,-283.928,2527.72,21.9468,0.368
4400000,18,-239.384,2488.28,14.5918,0.385
4420000,17,-228.328,2477.89,11.133,0.354
4440000,21,-268.528,2524.66,28.7241,0.354
4460000,22,-277.786,2502.43,17.0377,0.434
4480000,18,-237.698,2544.53,17.4862,0.3465
4500000,21,-269.623,2551.53,20.8135,0.354
4520000,16,-204.905,2460.21,23.2928,0.377
4540000,22,-271.959,2547.01,16.101,0.416
4560000,26,-325.172,2549.83,27.5724,0.407
4580000,16,-216.985,2460.3,20.854,0.414
4600000,16,-201.149,2463.44,17.2961,0.40575
4620000,14,-187.516,2465.94,14.6215,0.341
4640000,24,-297.266,2517.81,33.0812,0.424
4660000,26,-316.189,2560.95,19.379,0.366
4680000,18,-232.873,2467.76,19.5467,0.401
4700000,30,-363.036,2596.65,24.8914,0.391
4720000,24,-316.075,2553.51,22.9274,0.358
4740000,23,-297.389,2546.8,23.5436,0.3915
4760000,25,-312.193,2591.31,15.9347,0.36
4780000,19,-245.656,2481.15,22.5306,0.412
4800000,18,-230.143,2473.51,24.1555,0.381
4820000,16,-206.975,2471.19,15.0921,0.42
4840000,35,-422.224,2573.7,30.6757,0.434
4860000,27,-326.337,2585.3,33.2336,0.4035
4880000,18,-226.064,2476.66,11.851,0.436
4900000,19,-243.064,2487.45,23.6326,0.384444
4920000,26,-327.02,2587.7,17.2978,0.374
4940000,24,-303.986,2524.11,31.2018,0.4
4960000,33,-410.859,2581.37,31.7693,0.422
4980000,28,-352.939,2580.4,23.7631,0.437
5000000,19,-247.879,2503.7,29.8047,0.399
5020000,23,-293.908,2511.96,21.8794,0.424
5040000,31,-378.821,2587.85,41.9205,0.436
5060000,15,-194.294,2459.86,13.62,0.423
5080000,16,-213.779,2488.89,15.6536,0.355
5100000,28,-352.66,2592.21,42.3427,0.364
5120000,17,-232.7,2479.52,23.0175,0.416
5140000,18,-239.208,2524.8,18.1558,0.377
5160000,17,-218.558,2464.99,15.8488,0.407
5180000,20,-257.669,2497.48,22.3899,0.397154
5200000,15,-201.414,2506.66,16.9213,0.331
5220000,19,-262.247,2504.47,16.7658,0.415
5240000,19,-255.84,2516.6,22.8346,0.353
5260000,18,-240.129,2522.25,16.8736,0.347
5280000,20,-262.932,2531.62,12.289,0.382
5300000,17,-224.663,2510.83,23.9966,0.347
5320000,18,-238.421,2519.88,19.2943,0.376667
5340000,23,-304.102,2526.41,22.1836,0.431
5360000,17,-232.797,2521.65,26.8564,0.3922
5380000,18,-234.25,2521.01,20.2843,0.357
5400000,17,-224.21,2524.9,16.7612,0.342125
5420000,18,-235.169,2535.33,20.2218,0.361
5440000,19,-247.88,2552.57,17.8606,0.378
5460000,25,-319.475,2573.08,21.9975,0.372
5480000,18,-238.108,2531.41,15.7745,0.318
5500000,22,-281.138,2507.02,26.6311,0.383
5520000,19,-247.9,2522.51,24.3583,0.39
5540000,25,-317.834,2562.24,24.4175,0.383
5560000,18,-242.431,2533.58,20.9937,0.337
5580000,24,-303.896,2537.63,31.8766,0.409
5600000,29,-359.387,2566.9,28.6269,0.378
5620000,26,-321.749,2527.75,25.3415,0.418
5640000,24,-303.375,2533.46,23.3093,0.4392
5660000,23,-292.101,2529.15,23.4896,0.4238
5680000,25,-323.41,2540.78,32.1632,0.432
5700000,27,-351.218,2566.17,28.0666,0.371
5720000,22,-286.373,2561.96,22.6571,0.363
5740000,18,-238.638,2533.76,18.7094,0.357
5760000,22,-277.674,2534.87,19.9584,0.382
5780000,25,-307.082,2563.41,30.0768,0.401776
5800000,21,-268.362,2540.45,18.6866,0.40408
5820000,22,-282.912,2548.31,16.464,0.3765
5840000,25,-306.781,2532.87,34.7333,0.416
5860000,22,-272.163,2536.62,32.481,0.455
5880000,18,-231.863,2522.18,27.0917,0.365167
5900000,21,-268.111,2558.89,17.9432,0.355
5920000,25,-313.946,2556.43,25.5739,0.397
5940000,24,-298.26,2536.29,21.3428,0.412583
5960000,23,-286.96,2541.14,23.5383,0.417
5980000,18,-222.862,2503.91,13.3914,0.3745
6000000,19,-238.334,2511.58,18.1933,0.4
6020000,21,-278.293,2537.7,15.6679,0.433
6040000,23,-297.723,2574.69,21.8562,0.376
6060000,22,-275.008,2526.68,21.8692,0.413714
6080000,24,-304.694,2558.11,26.0107,0.389
6100000,20,-262.481,2530.12,20.7432,0.379
6120000,20,-255.024,2523.04,19.7709,0.386
6140000,19,-241.814,2524.41,25.7732,0.357
6160000,21,-275.491,2527.02,16.8235,0.3882
6180000,26,-329.192,2576,24.7968,0.413
6200000,20,-253.659,2534.44,21.1761,0.418
6220000,28,-351.696,2570.54,25.1199,0.423043
6240000,27,-339.016,2569.01,28.2019,0.377
6260000,19,-244.331,2553.55,20.4162,0.343
6280000,22,-282.783,2565.76,27.658,0.366375
6300000,18,-236.257,2536.31,18.9922,0.362
6320000,24,-305.019,2526.41,20.3224,0.408
6340000,20,-253.64,2530.8,23.2143,0.356
6360000,26,-320.027,2558.17,22.7074,0.42975
6380000,22,-288.125,2531.66,19.3466,0.434125
6400000,19,-251.812,2544.37,16.6524,0.365
6420000,25,-310.648,2567.77,23.3294,0.422
6440000,27,-336.683,2563.8,21.6587,0.4345
6460000,24,-307.516,2537.67,18.274,0.447
6480000,21,-275.491,2531.34,23.434,0.362
6500000,22,-275.322,2531.16,21.1398,0.39
6520000,25,-310.526,2532.43,28.5764,0.392833
6540000,19,-242.532,2525.47,19.9454,0.412889
6560000,22,-291.86,2543.36,25.4953,0.3895
6580000,22,-283.334,2539.38,29.9761,0.367333
6600000,25,-312.714,2568.46,20.2825,0.395
6620000,23,-288.024,2533.83,24.5506,0.349
6640000,27,-340.179,2575.7,23.5559,0.417
6660000,21,-264.95,2472.21,17.8683,0.4305
6680000,17,-225.842,2480.36,10.0504,0.424
6700000,16,-214.964,2460.58,15.7348,0.371
6720000,16,-212.363,2529.3,12.2205,0.31
6740000,24,-310.123,2555.11,28.8784,0.391
6760000,19,-246.143,2520.24,22.0816,0.368
6780000,23,-296.015,2577.16,23.6393,0.399
6800000,16,-211.832,2476.55,17.7757,0.393
6820000,22,-272.017,2546.67,19.314,0.351
6840000,22,-277.31,2547.73,24.0741,0.334
6860000,21,-263.788,2537.3,21.1498,0.3905
6880000,24,-302.678,2543.77,31.8148,0.419
6900000,23,-284.644,2545.68,26.8751,0.386
6920000,20,-254.25,2533.29,24.5153,0.360625
6940000,29,-347.575,2546.65,29.2968,0.398
6960000,23,-290.817,2538.38,19.4645,0.378
6980000,23,-297.706,2535.48,31.0029,0.414
7000000,20,-254.462,2503.49,19.3353,0.368
7020000,21,-268.15,2551.74,22.5632,0.358
7040000,21,-263.949,2551.3,23.7373,0.406
7060000,18,-243.516,2505.47,13.5394,0.362
7080000,22,-281.731,2540.78,18.4141,0.342
7100000,19,-245.855,2536.22,15.8783,0.378
7120000,26,-333.33,2557.6,26.7907,0.372
7140000,20,-256.385,2543.12,22.6535,0.278
7160000,20,-266.611,2530.12,21.0602,0.362
7180000,19,-246.421,2541.88,19.0543,0.343333
7200000,20,-258.402,2486.31,12.8071,0.408571
7220000,22,-272.49,2529.51,22.1034,0.38025
7240000,18,-247.438,2513.64,16.0449,0.387286
7260000,25,-323.618,2569.22,35.3663,0.382
7280000,17,-225.686,2521.89,14.3188,0.321
7300000,19,-244.505,2529,25.0595,0.3475
7320000,20,-256.676,2526.55,22.7812,0.3362
7340000,17,-218.64,2531.87,18.4017,0.325
7360000,20,-260.038,2540.33,21.6176,0.348
7380000,22,-275.89,2533.94,23.7006,0.351
7400000,26,-328.352,2547.11,23.1701,0.412
7420000,25,-315.042,2570.71,23.0836,0.374
7440000,21,-273.457,2554.04,21.0085,0.342
7460000,20,-251.873,2518.36,25.6978,0.336
7480000,19,-233.683,2508.5,22.7182,0.38075
7500000,25,-313.583,2562.34,23.1574,0.383
7520000,25,-310.325,2575.67,31.343,0.394286
7540000,21,-271.216,2531.18,19.2535,0.338
7560000,22,-290.299,2560.94,22.7488,0.345769
7580000,20,-256.568,2562.85,26.847,0.349
7600000,29,-357.167,2555.59,34.4476,0.3848
7620000,25,-311.36,2528.88,22.5166,0.373
7640000,21,-266.137,2549.41,25.8731,0.373
7660000,24,-301.556,2554.2,24.3016,0.371
7680000,22,-277.396,2542.07,26.6136,0.3735
7700000,22,-279.473,2532.07,13.8922,0.368833
7720000,24,-298.616,2557.66,15.1671,0.362
7740000,22,-283.87,2565.65,28.9014,0.383
7760000,20,-252.854,2532.92,19.2584,0.357
7780000,20,-271.883,2559.78,23.9448,0.35075
7800000,21,-275.667,2554.57,20.7682,0.349
7820000,25,-314.424,2551.45,32.6005,0.399
7840000,22,-278.706,2532.52,23.2007,0.384939
7860000,20,-254.697,2549.62,16.6819,0.359
7880000,20,-260.809,2552.77,13.1787,0.339
7900000,21,-268.446,2533.01,22.8009,0.329
7920000,21,-268.147,2552.25,16.6144,0.366
7940000,19,-243.016,2524.54,12.8931,0.346
7960000,21,-274.33,2558.18,16.4208,0.378
7980000,22,-281.874,2568.84,13.3122,0.323
8000000,22,-268.472,2533.1,21.7212,0.387
8020000,24,-294.204,2561.85,22.9963,0.386
8040000,23,-289.965,2576.59,26.7099,0.395
8060000,22,-274.147,2558.61,21.298,0.376571
8080000,17,-222.424,2526.7,12.7557,0.344
8100000,22,-275.118,2553.37,24.874,0.348
8120000,23,-291.657,2562.09,31.132,0.34675
8140000,24,-297.648,2554.53,28.4088,0.393
8160000,21,-264.244,2545.12,19.1168,0.38
8180000,26,-322.3,2568.77,28.0885,0.371
8200000,22,-277.266,2544.5,18.0085,0.364
8220000,23,-296.904,2583.31,25.7007,0.332
8240000,26,-319.149,2578.66,25.9396,0.376077
8260000,32,-387.42,2560.79,30.2134,0.448
8280000,19,-244.063,2564.08,19.355,0.312
8300000,24,-291.988,2548.36,22.3409,0.407
8320000,19,-241.017,2526.83,13.7006,0.348
8340000,21,-268.247,2545.14,23.6594,0.346625
8360000,25,-312.887,2560.48,28.3509,0.37981
8380000,18,-244.712,2538.63,20.6995,0.31
8400000,23,-290.386,2549.06,26.7126,0.406
8420000,19,-255.904,2548.59,15.8993,0.37
8440000,25,-311.134,2543.91,29.2785,0.355
8460000,25,-313.866,2555.6,23.7778,0.392556
8480000,20,-259.518,2542.58,13.9438,0.34
8500000,20,-263.327,2542.96,21.6989,0.3455
8520000,25,-316.354,2552.54,25.8545,0.391
8540000,23,-294.574,2537.86,19.9977,0.382
8560000,18,-244.083,2538.81,14.3541,0.332
8580000,26,-325.83,2538.98,19.6941,0.43
8600000,19,-250.342,2528.28,24.1357,0.339
8620000,19,-248.292,2534.37,25.8732,0.318
8640000,19,-246.282,2529.79,25.175,0.396
8660000,23,-299.072,2519.83,24.7125,0.387
8680000,18,-243.124,2540.23,16.6523,0.32
8700000,21,-273.704,2551.08,31.6448,0.378
8720000,22,-286.365,2546.49,25.4094,0.3767
8740000,21,-271.75,2550.87,21.5278,0.389667
8760000,22,-288.478,2532.5,25.2988,0.375143
8780000,21,-271.103,2544.92,28.4586,0.312
8800000,25,-311.293,2558.28,24.4201,0.388571
8820000,20,-259.859,2535.52,21.5165,0.37
8840000,19,-250.2,2549.22,20.2007,0.345
8860000,19,-240.263,2542.33,21.3316,0.349
8880000,22,-283.369,2565.25,22.6052,0.348
8900000,17,-225.663,2536.52,17.433,0.319
8920000,23,-285.649,2544.75,29.3689,0.386
8940000,19,-239.224,2534.51,15.2352,0.386
8960000,31,-385.112,2575.85,25.2107,0.457
8980000,23,-295.998,2555.05,20.1607,0.386
9000000,22,-277.768,2556.12,24.3776,0.352
9020000,21,-273.941,2555.68,20.9616,0.315
9040000,19,-249.799,2541.09,19.7704,0.336
9060000,24,-297.932,2556.65,35.6631,0.415
9080000,21,-266.607,2547.7,17.5302,0.32
9100000,26,-327.019,2572.13,24.3558,0.406
9120000,23,-285.25,2540.81,19.3018,0.385
9140000,26,-323.001,2559.72,29.1566,0.37325
9160000,25,-314.072,2543.31,19.1739,0.36325
9180000,21,-266.749,2537.22,20.8229,0.347
9200000,26,-314.34,2553.13,23.9922,0.408125
9220000,24,-306.864,2569.77,22.814,0.370125
9240000,22,-275.887,2570.65,25.4673,0.388
9260000,19,-244.286,2540.8,18.2514,0.326
9280000,19,-240.921,2542.17,16.5493,0.323
9300000,30,-368.558,2551.55,30.0522,0.405
9320000,20,-264.108,2539.05,27.9308,0.338
9340000,19,-247.745,2541.2,21.2721,0.357444
9360000,18,-238.329,2536.78,15.5203,0.361
9380000,26,-320.249,2552.8,25.9246,0.411714
9400000,23,-286.605,2544.35,24.7637,0.372
9420000,20,-258.197,2553.39,13.5452,0.372
9440000,21,-266.934,2546.76,19.3693,0.338
9460000,23,-299.13,2526.22,24.6943,0.354
9480000,23,-289.351,2565.3,23.3855,0.385
9500000,20,-251.946,2536.23,19.8648,0.361944
9520000,21,-274.068,2549.62,21.043,0.349
9540000,23,-286.734,2552.2,23.2418,0.38
9560000,18,-232.523,2529.69,13.1106,0.343
9580000,23,-289.891,2561.64,26.1276,0.373
9600000,19,-239.754,2525.53,24.8208,0.353
9620000,22,-289.25,2541.58,24.8672,0.394
9640000,19,-242.007,2550.92,21.9483,0.326
9660000,24,-301.432,2565.92,18.3394,0.396
9680000,18,-232.307,2535.01,10.2941,0.361
9700000,21,-270.949,2558.97,25.0898,0.324
9720000,19,-254.332,2517.65,16.4154,0.384417
9740000,22,-283.498,2562.13,27.0538,0.313
9760000,25,-305.799,2554.1,27.1627,0.372
9780000,21,-269.862,2537.89,27.3161,0.382
9800000,19,-243.45,2536.02,23.262,0.331846
9820000,20,-254.88,2529.24,26.0573,0.347
9840000,22,-271.405,2538.09,24.7042,0.401167
9860000,19,-248.433,2539.4,18.4256,0.3465
9880000,18,-238.1,2543.47,19.5832,0.307
9900000,22,-295.548,2555.12,25.0891,0.331
9920000,22,-283.506,2532,24.0541,0.388
9940000,22,-282.131,2534.96,19.5745,0.361
9960000,22,-286.429,2544.59,22.8909,0.373
9980000,21,-265.658,2544.13,22.4689,0.375
10000000,22,-278.253,2541.25,23.8821,0.429333
10020000,21,-271.698,2527.51,17.8297,0.355
10040000,19,-254.013,2537.03,24.344,0.3175
10060000,21,-268.975,2554.4,17.1493,0.361
10080000,22,-278.726,2550.25,22.9811,0.379
10100000,25,-311.919,2550.41,15.4123,0.4039
10120000,17,-222.803,2527.79,16.665,0.309
10140000,22,-281.107,2525.49,25.8513,0.3615
10160000,22,-280.822,2542.16,27.0437,0.359
10180000,20,-260.07,2548.58,17.2581,0.372
10200000,20,-251.871,2531.34,25.6394,0.386
10220000,27,-336.458,2549.03,34.963,0.373
10240000,24,-311.82,2545.11,23.3767,0.386
10260000,21,-267.849,2543.59,14.1997,0.368
10280000,19,-242.272,2541.56,26.2,0.392
10300000,18,-235.928,2543.52,24.9262,0.361
10320000,29,-353.334,2559.35,31.424,0.405971
10340000,25,-315.378,2568.51,34.3298,0.412
10360000,21,-267.482,2560.9,21.6001,0.361
10380000,21,-270.888,2543.29,20.5671,0.387739
10400000,22,-286.127,2557.11,26.4834,0.412
10420000,20,-255.893,2548.33,18.0375,0.372
10440000,18,-235.286,2531.42,17.0221,0.35
10460000,23,-291.135,2572.26,31.6669,0.386
10480000,18,-245.886,2545.06,24.2205,0.311
10500000,24,-302.911,2560.63,27.4793,0.375
10520000,26,-329.361,2585.67,26.5965,0.3645
10540000,31,-381.432,2589.2,34.0289,0.416
10560000,24,-300.049,2553.47,29.6513,0.37
10580000,24,-298.314,2566.98,24.2272,0.41
10600000,22,-270.677,2550.85,21.9917,0.376
10620000,21,-278.809,2547.83,18.2713,0.357
10640000,20,-253.641,2555.87,14.7705,0.343
10660000,23,-290.135,2551.79,19.0145,0.386
10680000,17,-223.032,2545.17,10.5196,0.347
10700000,26,-314.846,2550.94,26.5483,0.401
10720000,28,-359.52,2582.68,33.0238,0.393
10740000,23,-310.693,2563.54,31.6437,0.372
10760000,20,-247.545,2531.74,25.623,0.4
10780000,24,-306.021,2560.33,21.9305,0.374
10800000,24,-301.163,2541.34,25.7394,0.4095
10820000,21,-278.726,2551.89,23.7354,0.365
10840000,25,-316.315,2547.54,28.8161,0.378
10860000,24,-311.443,2550.85,24.8345,0.378
10880000,21,-268.243,2551.8,27.1588,0.357
10900000,21,-273.58,2547.55,24.0662,0.3677
10920000,24,-294.034,2556.47,25.9722,0.43
10940000,25,-302.723,2543.58,27.9314,0.423
10960000,31,-380.043,2587.86,29.4581,0.417
10980000,28,-347.009,2585.03,32.4767,0.399636
11000000,22,-280.402,2565.69,29.2516,0.309
11020000,24,-303.217,2559.21,25.7798,0.363
11040000,23,-295.712,2578.92,19.0161,0.387
11060000,22,-281.28,2565.18,18.2172,0.352
11080000,27,-344.985,2560.3,29.8806,0.383
11100000,26,-323.723,2566.66,24.7531,0.347
11120000,20,-264.093,2557.91,18.2747,0.337636
11140000,23,-292.609,2561.2,28.3963,0.349
11160000,21,-271.505,2548.75,28.0015,0.355
11180000,20,-260.359,2539.96,29.5506,0.3345
11200000,24,-300.855,2543.75,20.1641,0.416
11220000,20,-262.573,2548.28,18.4653,0.360333
11240000,22,-272.3,2558.42,31.9805,0.41
11260000,19,-239.844,2523.34,19.0009,0.336
11280000,20,-256.709,2551.29,23.4759,0.370444
11300000,18,-236.949,2532.76,18.0786,0.3538
11320000,21,-264.076,2551.47,24.5513,0.387
11340000,20,-249.741,2541.31,21.057,0.342
11360000,28,-348.16,2578.7,30.2956,0.426
11380000,24,-294.059,2554.35,32.6468,0.371
11400000,21,-267.475,2566.26,19.8277,0.352
11420000,22,-278.18,2554.38,24.5019,0.338
11440000,19,-249.046,2551.11,24.8089,0.328
11460000,23,-286.918,2543.99,21.1445,0.39
11480000,22,-268.682,2540.95,32.6289,0.387
11500000,20,-256.683,2554.24,23.4959,0.318
11520000,24,-307.002,2571.76,21.9025,0.389
11540000,22,-282.232,2558.2,22.0876,0.38775
11560000,22,-283.936,2563.57,17.9442,0.369
11580000,26,-320.84,2550.52,28.8024,0.381667
11600000,23,-288.055,2554.74,29.1528,0.37525
11620000,20,-251.129,2541.71,22.7082,0.376
11640000,25,-316.302,2563.57,21.9127,0.379643
11660000,21,-267.973,2548.01,34.6511,0.361857
11680000,19,-241.443,2551.65,23.2799,0.371
11700000,23,-293.6,2568.16,24.9733,0.31
11720000,23,-292.251,2563.72,21.0071,0.359
11740000,28,-342.229,2557.01,21.7129,0.403714
11760000,21,-268.767,2546.79,15.9567,0.381
11780000,22,-284.126,2544.22,31.4127,0.378
11800000,25,-304.828,2547,26.5868,0.391667
11820000,25,-322.614,2571.38,19.935,0.37
11840000,25,-309.221,2570.85,26.4708,0.367
11860000,22,-272.786,2551.13,26.5347,0.3635
11880000,21,-264.245,2537.63,17.8692,0.373
11900000,21,-277.84,2570.49,19.5428,0.336
11920000,23,-283.515,2548.06,17.8114,0.38675
11940000,36,-439.756,2618.38,35.3263,0.4
11960000,26,-326.23,2554.46,27.9509,0.433
11980000,23,-296.142,2559.28,17.4487,0.37
12000000,27,-343.11,2575.3,24.583,0.374714
12020000,23,-300.898,2549.75,27.1619,0.367
12040000,34,-421.206,2596.62,34.9355,0.413
12060000,33,-414.467,2586.29,33.7383,0.413
12080000,25,-318.012,2547.41,22.4822,0.377
12100000,19,-239.697,2549.53,24.1807,0.399
12120000,21,-278.364,2530.4,15.2947,0.374
12140000,27,-343.427,2572.29,24.6581,0.3848
12160000,22,-275.021,2543.81,32.7258,0.355
12180000,20,-250.207,2539.82,16.3211,0.355333
12200000,21,-269.251,2547.71,24.3228,0.361
12220000,22,-290.966,2546.05,23.6167,0.366
12240000,31,-390.369,2594.19,26.9429,0.414
12260000,26,-327.04,2545.1,23.1747,0.41
12280000,23,-300.966,2531.01,29.864,0.416
12300000,30,-373.498,2592.57,43.6649,0.449097
12320000,22,-287.078,2535.26,16.0013,0.396
12340000,27,-336.117,2583.53,22.7628,0.4012
12360000,19,-251.421,2533.45,13.5398,0.315
12380000,26,-317.63,2558.29,17.4467,0.421
12400000,24,-307.01,2553.45,29.9069,0.362
12420000,22,-280.459,2556.75,27.0895,0.422
12440000,21,-268.24,2560.08,18.0903,0.365
12460000,29,-368.392,2586.12,39.4395,0.399
12480000,22,-277.594,2554.45,23.5232,0.359
12500000,25,-311.029,2533.95,25.1886,0.391125
12520000,21,-266.58,2546.14,21.8905,0.365
12540000,20,-254.065,2532.05,24.9805,0.354
12560000,21,-260.414,2558.19,24.3569,0.377
12580000,18,-231.33,2539.4,14.6806,0.398
12600000,24,-301.063,2554.24,30.9162,0.3995
12620000,22,-284.149,2552.76,23.6649,0.364
12640000,21,-260.802,2557.6,20.7202,0.379
12660000,18,-231.086,2546.87,16.2929,0.316
12680000,28,-351.154,2580.47,31.9768,0.397
12700000,23,-288.772,2548.98,23.2923,0.392
12720000,25,-326.113,2586.45,19.7028,0.358
12740000,18,-232.503,2540.2,15.9245,0.345
12760000,23,-294.268,2564.15,25.5658,0.351
12780000,20,-259.537,2537.27,16.1431,0.332
12800000,23,-292.676,2554.4,19.1312,0.345
12820000,32,-395.277,2595.25,32.1509,0.389
12840000,24,-310.884,2575.63,23.7072,0.397
12860000,23,-289.975,2541.08,24.1781,0.381
12880000,24,-313.171,2566.08,26.4538,0.375
12900000,25,-315.843,2566.86,22.7747,0.405
12920000,22,-288.501,2564.65,11.5349,0.357
12940000,20,-257.958,2524.95,14.5165,0.366
12960000,21,-263.327,2556.59,14.6877,0.370833
12980000,24,-305.78,2554.55,21.6872,0.368
13000000,24,-307.323,2573.23,15.8317,0.376
13020000,20,-256.172,2542.4,21.7389,0.324
13040000,21,-262.141,2548.63,19.5925,0.379
13060000,21,-270.693,2541.93,20.4828,0.3785
13080000,19,-247.579,2546.51,23.2304,0.345
13100000,21,-272.142,2543.33,16.812,0.336
13120000,21,-273.109,2536.81,29.2926,0.38
13140000,19,-247.999,2551.11,11.6939,0.337
13160000,22,-291.468,2562.25,30.2903,0.344
13180000,21,-276.459,2547.54,20.9806,0.373
13200000,24,-303.107,2563.03,17.0587,0.374
13220000,23,-298.415,2573.32,26.6151,0.34
13240000,30,-371.212,2559.84,30.4249,0.413
13260000,23,-297.562,2564.97,23.6623,0.343
13280000,21,-268.997,2544.37,21.3635,0.336
13300000,20,-255.444,2539.75,20.8109,0.347
13320000,19,-247.797,2539.32,15.8427,0.3751
13340000,23,-300.079,2539.07,25.0452,0.358
13360000,22,-280.607,2540.01,15.7218,0.3833
13380000,20,-260.199,2540.74,17.1364,0.368667
13400000,25,-311.045,2555.68,24.4321,0.423
13420000,21,-267.572,2536.89,30.8993,0.368
13440000,19,-241.131,2544.39,25.1278,0.355
13460000,19,-249.663,2544.84,25.4637,0.322
13480000,21,-270.044,2562.86,20.2988,0.392
13500000,28,-345.641,2576.09,26.2498,0.441
13520000,27,-330.742,2570.35,26.6679,0.429667
13540000,26,-328.276,2555.59,25.1401,0.37
13560000,20,-255.214,2559.36,23.5917,0.367
13580000,26,-327.292,2561.74,24.4814,0.367444
13600000,25,-309.065,2553.91,22.3483,0.377
13620000,21,-272.5,2555.78,22.8972,0.372857
13640000,23,-291.671,2579.88,27.0542,0.294
13660000,30,-374.516,2600.48,30.6375,0.401403
13680000,21,-264.549,2536.71,17.7268,0.362
13700000,23,-294.654,2589.84,22.4443,0.352
13720000,28,-347.688,2584.02,35.7019,0.39975
13740000,17,-221.679,2526.74,17.8546,0.3708
13760000,29,-370.603,2587.74,20.9554,0.394071
13780000,29,-366.647,2609.45,29.2519,0.379
13800000,24,-308.769,2566.3,36.4854,0.368182
13820000,24,-305.202,2568.14,21.8255,0.368
13840000,22,-280.074,2567.42,28.3023,0.333
13860000,21,-280.55,2556.19,27.1848,0.303
13880000,24,-306.286,2561.24,30.1009,0.344625
13900000,21,-262.794,2541.39,28.155,0.399
13920000,21,-273.046,2558.69,22.3317,0.3285
13940000,22,-282.269,2569.83,25.5058,0.334
13960000,21,-265.205,2563.41,17.1747,0.321
13980000,20,-255.342,2555.52,14.9673,0.359
14000000,26,-329.961,2561.28,29.3873,0.378
14020000,23,-286.94,2556.94,12.9725,0.393
14040000,23,-299.22,2550.48,20.3512,0.417
14060000,19,-244.642,2530,11.7285,0.334
14080000,23,-291.754,2573.98,27.2536,0.386
14100000,22,-281.387,2551.95,31.8531,0.325
14120000,20,-256.833,2533.29,30.2083,0.376
14140000,24,-310.133,2549.85,25.4933,0.3249
14160000,25,-312.283,2533.91,27.3864,0.364
14180000,31,-383.071,2604.86,24.4157,0.41
14200000,21,-266.57,2540.93,27.4054,0.333
14220000,21,-273.858,2562.15,23.0358,0.381
14240000,20,-255.566,2533.59,18.199,0.361
14260000,26,-319.616,2564.8,28.0704,0.399
14280000,25,-316.678,2556.93,20.4538,0.377
14300000,31,-378.743,2590.24,45.0664,0.413235
14320000,21,-265.94,2566.9,21.1636,0.345
14340000,28,-343.999,2567.2,26.8479,0.378167
14360000,30,-369.293,2600.24,28.9196,0.385
14380000,26,-329.317,2580.7,28.7203,0.332
14400000,19,-252.745,2541.96,22.1023,0.351
14420000,24,-309.678,2566.95,22.0132,0.377
14440000,25,-316.721,2551.95,30.1818,0.401286
14460000,17,-222.891,2537.26,15.4949,0.3
14480000,23,-293.797,2559.17,26.5289,0.37139
14500000,21,-283.324,2547.8,16.1972,0.362
14520000,30,-374.153,2598.13,24.3107,0.414
14540000,23,-285.435,2564.11,16.289,0.374
14560000,24,-297.704,2547.99,24.1856,0.413
14580000,18,-232.635,2531.71,20.8606,0.341
14600000,23,-284.479,2527.97,22.6866,0.3742
14620000,19,-242.469,2549.95,12.9116,0.33
14640000,25,-310.595,2560.18,23.3285,0.441
14660000,33,-395.945,2604.79,31.3804,0.412033
14680000,21,-263.734,2540.66,18.1357,0.384
14700000,21,-277.204,2546.12,17.579,0.371545
14720000,23,-277.077,2546.09,13.6136,0.435
14740000,18,-233.11,2547.51,23.0991,0.347
14760000,22,-280.293,2575.35,29.7487,0.37
14780000,22,-284.501,2583.45,19.5287,0.328
14800000,27,-326.307,2560.15,30.8234,0.405
14820000,25,-314.501,2558.83,34.5705,0.4074
14840000,26,-320.48,2577.76,32.0852,0.393
14860000,21,-265.976,2551.95,23.6063,0.335
14880000,23,-294.842,2570.14,30.8267,0.386
14900000,24,-298.711,2553.72,28.0995,0.3932
14920000,20,-253.214,2542.97,14.1803,0.405
14940000,19,-240.656,2543.07,28.3515,0.372
14960000,20,-256.64,2543.43,25.125,0.349
14980000,26,-322.971,2554.95,26.8353,0.421429
15000000,21,-273.299,2553.91,32.0413,0.356
15020000,20,-261.683,2554.17,17.9982,0.367
15040000,19,-247.074,2559.74,20.1556,0.353
15060000,22,-261.99,2541.22,22.6308,0.417
15080000,20,-244.616,2548.37,21.3867,0.392
15100000,22,-274.498,2545.92,15.5206,0.361
15120000,23,-284.789,2549.06,30.8237,0.412
15140000,22,-278.57,2553.81,30.721,0.365
15160000,22,-278.418,2557.27,18.2715,0.392
15180000,23,-288.202,2556.83,15.337,0.359
15200000,20,-256.978,2542.79,22.6422,0.377615
15220000,21,-263.766,2534.96,19.4215,0.379
15240000,21,-268.89,2545.16,17.0903,0.377
15260000,30,-382.17,2583.74,28.0752,0.364
15280000,22,-278.128,2535.03,17.893,0.357
15300000,18,-228.366,2532.39,17.9673,0.291
15320000,16,-207.93,2535,16.3527,0.326
15340000,18,-237.267,2527.69,21.3794,0.328
15360000,17,-223.125,2526.43,21.8009,0.335
15380000,17,-221.818,2528.55,18.233,0.322
15400000,17,-221.722,2530.34,19.6739,0.361
15420000,34,-412.369,2616.62,35.1835,0.417642
15440000,21,-262.958,2536.34,20.646,0.382
15460000,25,-312.803,2547.19,23.1044,0.42075
15480000,21,-269.486,2536.27,18.1915,0.393
15500000,20,-256.873,2530.16,25.4626,0.385
15520000,17,-222.802,2536.07,20.0051,0.334
15540000,16,-216.464,2533.88,18.4618,0.332
15560000,18,-237.121,2533.63,19.6154,0.347
15580000,23,-282.127,2538.58,36.0659,0.359923
15600000,20,-256.973,2544.25,18.6993,0.344
15620000,18,-232.147,2543.01,15.0031,0.354
15640000,19,-252.3,2536.71,16.035,0.371
15660000,21,-266.86,2546.16,26.7704,0.373
15680000,28,-344.03,2575.08,25.4034,0.408556
15700000,19,-251.732,2538.29,17.0325,0.341
15720000,25,-325.653,2532.14,22.8399,0.366455
15740000,25,-316.384,2569.56,26.7888,0.37
15760000,27,-334.681,2571.36,32.4104,0.3985
15780000,24,-303.412,2563.43,25.9484,0.3696
15800000,19,-246.089,2536.89,24.3573,0.339333
15820000,29,-362.692,2568.23,32.5469,0.392
15840000,35,-415.517,2571.34,33.849,0.4474
15860000,21,-264.748,2550.74,24.8752,0.362333
15880000,22,-280.457,2541.52,21.2942,0.37275
15900000,28,-347.133,2586.95,29.0279,0.355
15920000,21,-270.898,2542.43,11.8968,0.35
15940000,25,-307.592,2543.78,22.3162,0.397
15960000,24,-299.487,2558.31,31.7083,0.384
15980000,23,-292.537,2548.58,24.7881,0.38
16000000,27,-338.939,2573.5,24.1612,0.431
16020000,32,-400.301,2592.97,39.7311,0.383
16040000,26,-318.924,2540.47,27.8651,0.405
16060000,21,-278.187,2563.23,23.2277,0.355
16080000,22,-277.236,2548.37,15.9268,0.379
16100000,26,-315.102,2543.13,18.3558,0.407
16120000,23,-287.101,2540.95,20.7332,0.41
16140000,22,-272.173,2544.24,19.4409,0.3735
16160000,20,-258.211,2564.59,23.0279,0.362
16180000,20,-261.112,2546.78,26.2853,0.397
16200000,23,-287.786,2570.77,13.9936,0.405
16220000,26,-319.297,2587.66,26.8157,0.378
16240000,24,-300.737,2559.25,21.6193,0.385
16260000,24,-307.91,2574.88,23.7914,0.369
16280000,19,-239.365,2540.72,18.6009,0.3495
16300000,21,-269.02,2562.57,23.5506,0.385
16320000,25,-323.233,2556.59,29.8245,0.38925
16340000,26,-323.018,2544.67,28.0854,0.422
16360000,24,-299.771,2555.22,23.2588,0.365
16380000,25,-310.572,2541.46,31.8276,0.369
16400000,25,-311.395,2550.42,29.0481,0.377
16420000,30,-372.294,2594.72,40.7823,0.400714
16440000,20,-253.709,2551.5,18.7174,0.33
16460000,19,-242.556,2538.35,36.1701,0.371
16480000,30,-375.31,2553.24,41.3034,0.408955
16500000,21,-272.205,2543.79,11.5212,0.356
16520000,32,-385.6,2593.58,26.8182,0.423
16540000,21,-269.834,2560.29,19.0415,0.385
16560000,27,-326.609,2572.45,40.8835,0.424923
16580000,26,-322.554,2578.81,17.8137,0.429
16600000,26,-313.085,2543.57,31.1191,0.409
16620000,18,-243.977,2548.24,17.8175,0.329
16640000,27,-329.272,2570.43,30.9873,0.395
16660000,21,-266.033,2532.49,15.7841,0.364
16680000,18,-232.729,2537.38,21.3565,0.34
16700000,22,-286.622,2546.89,22.5171,0.325
16720000,24,-297.031,2537.27,17.156,0.382
16740000,20,-254.47,2543.6,19.5475,0.367
16760000,21,-257.536,2556.5,27.5777,0.416
16780000,18,-238.076,2534.51,21.7967,0.386
16800000,20,-249.696,2539.01,23.9626,0.384667
16820000,21,-268.955,2550.93,21.5886,0.332
16840000,24,-301.466,2552.53,18.5011,0.417
16860000,24,-293.365,2554.62,21.6499,0.42
16880000,17,-220.863,2524.21,17.9946,0.333
16900000,31,-382.198,2585.79,24.2375,0.428133
16920000,25,-315.644,2567.72,33.3352,0.383674
16940000,17,-222.87,2538.09,19.8142,0.323
16960000,20,-249.868,2540.33,22.9232,0.338
16980000,20,-253.537,2540.03,20.9363,0.358
17000000,22,-278.883,2538.77,30.2948,0.405
17020000,21,-257.615,2534.49,23.4152,0.388
17040000,20,-250.452,2535.63,16.3142,0.376
17060000,17,-217.508,2540.52,22.2066,0.313
17080000,31,-373.087,2590.89,22.0922,0.386222
17100000,21,-262.294,2562.1,22.2553,0.384
17120000,32,-384.325,2589.9,29.0685,0.413
17140000,24,-302.979,2553.8,28.6872,0.416
17160000,21,-277.224,2547.82,22.374,0.367
17180000,23,-295.485,2526.5,29.9629,0.413
17200000,22,-275.974,2527.24,16.1701,0.3819
17220000,25,-311.751,2557.15,32.0045,0.405
17240000,22,-273.914,2553.4,15.4405,0.414
17260000,37,-447.029,2591.82,29.0079,0.41225
17280000,31,-382.217,2559.97,31.6974,0.433
17300000,29,-352.395,2547.98,34.9463,0.4365
17320000,26,-315.682,2560.44,20.7885,0.401
17340000,18,-229.521,2542.37,24.6065,0.372
17360000,25,-303.916,2566.66,23.1487,0.38075
17380000,20,-254.328,2544.75,17.5228,0.3625
17400000,20,-253.636,2550.51,19.3354,0.367
17420000,23,-287.365,2540.11,14.9049,0.388
17440000,26,-333.76,2553.84,28.8347,0.381857
17460000,28,-338.6,2574.04,26.0705,0.41
17480000,27,-330.419,2577.71,34.619,0.392
17500000,23,-290.654,2558.21,18.1938,0.374
17520000,30,-375.306,2587.44,38.8339,0.394
17540000,21,-264.177,2554.63,30.5118,0.381
17560000,20,-259.444,2542.92,24.5942,0.343333
17580000,27,-331.335,2584.59,19.4147,0.375
17600000,18,-229.659,2529.79,23.7752,0.338
17620000,19,-245.281,2534.68,23.0668,0.372
17640000,23,-292.669,2559.71,25.7866,0.378
17660000,31,-383.472,2581.97,27.6861,0.39
17680000,20,-261.061,2539.2,19.4954,0.366
17700000,23,-291.537,2556.43,21.2713,0.352
17720000,21,-269.676,2543.57,13.2884,0.376
17740000,31,-386.4,2591.42,31.1157,0.439
17760000,22,-273.034,2545.55,20.0634,0.345
17780000,18,-233.623,2529.32,13.6709,0.344
17800000,18,-227.614,2535.56,21.4311,0.357
17820000,19,-245.121,2546.1,18.1462,0.338
17840000,23,-286.73,2537.8,19.8338,0.403
17860000,31,-371.784,2573.7,32.4185,0.45725
17880000,26,-319.32,2562.25,20.1449,0.34
17900000,20,-254.059,2528.02,28.245,0.387
17920000,23,-285.187,2576.08,25.2487,0.434
17940000,17,-219.761,2546.93,14.4947,0.322
17960000,18,-229.322,2532.1,22.0979,0.342
17980000,17,-223.281,2534.19,12.2365,0.347
18000000,22,-279.227,2556.22,25.1614,0.364
18020000,19,-244.296,2540.11,24.9401,0.328
18040000,21,-268.135,2526.2,14.0607,0.382
18060000,24,-303.312,2571.24,27.9743,0.390333
18080000,24,-305.926,2579.34,21.7018,0.402
18100000,22,-274.405,2547.67,19.9898,0.417
18120000,22,-277.153,2524.19,39.7148,0.378429
18140000,20,-253.605,2528.4,25.1858,0.361
18160000,18,-229.676,2531.66,33.0339,0.3535
18180000,30,-377.182,2569.57,35.0349,0.401
18200000,20,-253.478,2544.48,25.7772,0.356
18220000,20,-253.876,2552.21,16.6191,0.356
18240000,23,-281.493,2539.13,22.5265,0.385
18260000,25,-313.28,2567.72,23.6623,0.422833
18280000,18,-232.272,2528.46,23.4535,0.381696
18300000,25,-307.718,2563.52,23.1319,0.39
18320000,19,-240.42,2535.65,20.1746,0.346
18340000,19,-246.149,2540.81,21.3258,0.369
18360000,27,-338.801,2562.18,30.2793,0.412
18380000,18,-234.818,2540.68,23.156,0.355
18400000,27,-336.504,2563.77,25.8926,0.402909
18420000,22,-271.289,2535.62,20.974,0.4004
18440000,28,-332.024,2558.9,24.8717,0.416
18460000,20,-249.295,2547.9,17.7333,0.364
18480000,19,-248.231,2549.09,24.9674,0.346
18500000,31,-375.368,2590.24,41.8415,0.418
18520000,22,-276.63,2557.86,21.4309,0.366
18540000,22,-280.095,2543.03,20.1395,0.382667
18560000,21,-263.222,2555.72,16.378,0.3635
18580000,19,-246.06,2537.44,20.2227,0.315
18600000,18,-227.093,2536.01,22.8858,0.375
18620000,16,-206.676,2513.81,14.516,0.342
18640000,20,-256.609,2543.98,28.3744,0.364
18660000,23,-287.284,2539.73,36.2298,0.408
18680000,21,-260.965,2535.51,32.4402,0.384
18700000,26,-322.959,2578.12,28.9221,0.36225
18720000,19,-248.012,2548.72,19.8573,0.366
18740000,17,-223.956,2534.22,19.8045,0.360143
18760000,22,-269.297,2550.39,15.5266,0.394333
18780000,20,-257.271,2533.91,14.173,0.391333
18800000,22,-273.758,2538.77,20.7187,0.383
18820000,20,-256.425,2541.66,14.3817,0.41
18840000,26,-317.536,2537.63,20.0344,0.421
18860000,20,-251.212,2535.26,25.3914,0.358778
18880000,28,-344.412,2575.14,27.7679,0.358
18900000,20,-261.167,2535.13,16.5509,0.377
18920000,21,-263.733,2526.01,34.787,0.421933
18940000,23,-289.594,2529.45,19.2398,0.3985
18960000,19,-250.845,2543.79,23.9916,0.362
18980000,20,-255.614,2536.23,28.1921,0.381
19000000,21,-270.247,2534.93,27.4394,0.379
19020000,21,-273.188,2526.79,18.5702,0.34
19040000,20,-260.108,2524.26,26.861,0.360333
19060000,21,-257.653,2539.25,14.5315,0.347
19080000,19,-249.414,2543.13,14.4523,0.374
19100000,29,-360.075,2549,39.3708,0.420333
19120000,27,-327.226,2548.22,22.008,0.389
19140000,22,-274.234,2549.67,19.5394,0.356
19160000,23,-286.278,2555.77,14.7893,0.421
19180000,20,-254.987,2533.66,9.09853,0.353
19200000,21,-266.678,2537.63,29.209,0.415
19220000,19,-247.119,2538.24,21.501,0.374
19240000,20,-256.088,2545.47,15.8944,0.402
19260000,22,-280.766,2553.05,32.5965,0.404
19280000,20,-253.188,2542.75,22.5989,0.39
19300000,20,-255.434,2556.95,13.8506,0.298
19320000,18,-232.895,2549.69,15.4151,0.367
19340000,23,-287.621,2527.32,35.5248,0.381
19360000,28,-347.073,2554.57,28.729,0.42
19380000,28,-346.13,2540.57,22.9097,0.401
19400000,25,-309.475,2567.08,18.5489,0.393
19420000,33,-406.837,2631.27,30.6498,0.432694
19440000,20,-258.169,2543.22,10.5251,0.3845
19460000,18,-234.191,2547.62,24.1409,0.36
19480000,23,-290.068,2540.44,20.2217,0.373
19500000,21,-273.751,2538.05,24.3402,0.38675
19520000,23,-291.296,2538.02,27.5256,0.396
19540000,27,-325.61,2557.21,33.4563,0.399
19560000,34,-415.226,2610.76,36.711,0.431433
19580000,25,-316.394,2545.71,28.102,0.416
19600000,26,-324.197,2563.98,45.4162,0.353
19620000,20,-251.561,2546.96,18.7636,0.371
19640000,21,-266.25,2539.3,19.9444,0.355333
19660000,21,-268.6,2550.26,21.0728,0.407333
19680000,20,-256.972,2539.25,18.6413,0.394
19700000,22,-278.488,2542.45,21.9678,0.375
19720000,25,-314.861,2522.76,28.4609,0.421
19740000,19,-239.974,2546.33,11.9528,0.342
19760000,23,-288.41,2536.27,23.1879,0.373
19780000,21,-263.768,2539.31,16.7749,0.382
19800000,26,-322.021,2577.18,28.6809,0.394
19820000,34,-410.151,2591.36,33.1759,0.434
19840000,24,-302.858,2540.81,29.5251,0.393
19860000,22,-274.066,2547.91,23.6646,0.387
19880000,24,-300.756,2558.33,31.2432,0.403
19900000,22,-285.445,2550.72,24.349,0.372308
19920000,21,-269.887,2534.53,40.1703,0.374429
19940000,20,-255,2534.35,22.3871,0.38
19960000,22,-282.614,2547.59,29.032,0.364
19980000,21,-274.293,2542.16,28.9484,0.377
20000000,27,-335.203,2547.16,27.0546,0.385571
20020000,21,-273.373,2542.15,23.9513,0.391
20040000,22,-285.913,2557.76,23.2102,0.394609
20060000,18,-237.722,2554.41,19.029,0.318
20080000,22,-276.434,2539.52,19.6991,0.405917
20100000,19,-244.529,2539.05,17.5336,0.346
20120000,22,-279.037,2547.73,21.7049,0.365
20140000,20,-258.16,2554.48,12.8927,0.402
20160000,22,-282.563,2532.5,28.2886,0.384
20180000,23,-290.467,2541.41,26.7118,0.442571
20200000,19,-251.421,2550.89,16.2181,0.323
20220000,24,-302.834,2540.68,20.0534,0.398
20240000,23,-292.533,2535.14,22.7152,0.364
20260000,21,-272.21,2559.23,28.0097,0.339125
20280000,20,-253.392,2532.81,35.1438,0.403
20300000,20,-255.104,2528.76,20.9245,0.377
20320000,22,-281.705,2561.65,15.8254,0.372
20340000,20,-259.089,2546.47,15.1964,0.396
20360000,21,-266.738,2529.35,13.4344,0.419
20380000,17,-224.105,2533.21,22.667,0.311273
20400000,25,-318.996,2588.24,21.1436,0.366
20420000,17,-224.498,2529.06,21.5602,0.36
20440000,20,-262.126,2533.44,24.4511,0.361
20460000,28,-347.613,2545.51,36.2019,0.4044
20480000,18,-239.173,2528.15,21.5459,0.356
20500000,20,-255.343,2532.2,17.8217,0.347
20520000,25,-318.967,2548.09,24.8798,0.397
20540000,20,-257.753,2538.25,24.4477,0.368
20560000,23,-283.465,2542.25,15.7029,0.443
20580000,19,-250.365,2545.4,24.5473,0.344
20600000,21,-272.044,2551.37,28.1041,0.374
20620000,28,-353.932,2555.56,37.6312,0.406
20640000,25,-322.913,2554.99,21.9409,0.374
20660000,27,-334.064,2567.38,29.8628,0.391
20680000,22,-278.151,2561.93,20.5748,0.377
20700000,23,-296.979,2560.29,26.1992,0.349
20720000,22,-289.556,2556.7,26.1739,0.397
20740000,20,-260.1,2559.7,19.7574,0.343
20760000,24,-303.302,2528.95,14.6406,0.399
20780000,27,-337.431,2592.32,19.9948,0.368
20800000,32,-393.881,2591.64,28.0318,0.409
20820000,28,-338.826,2556.3,22.2686,0.422375
20840000,20,-258.702,2556.09,18.7116,0.322
20860000,22,-279.547,2539.76,18.8384,0.402
20880000,27,-339.497,2561.06,26.1631,0.436333
20900000,31,-382.583,2595.45,26.7118,0.393
20920000,22,-279.609,2557.42,15.6565,0.4145
20940000,21,-277.977,2556.74,25.0385,0.344571
20960000,23,-296.537,2563.64,16.3589,0.338
20980000,22,-285.745,2562.54,25.9066,0.38025
21000000,28,-336.692,2558.09,23.6713,0.423452
21020000,26,-318.975,2555.32,31.851,0.4296
21040000,26,-328.847,2562.01,28.549,0.384
21060000,25,-322.655,2566.79,22.7275,0.37
21080000,21,-278.255,2562.5,22.7149,0.337
21100000,24,-305.05,2561.3,21.7172,0.364
21120000,21,-258.954,2551.27,20.6978,0.4
21140000,24,-311.91,2572.47,21.761,0.337
21160000,22,-274.674,2530,28.879,0.383
21180000,28,-342.398,2546.66,21.1633,0.428
21200000,22,-284.839,2566.8,26.4396,0.345333
21220000,21,-267.556,2542.19,20.3418,0.422048
21240000,22,-282.884,2536.29,24.8519,0.36
21260000,19,-240.329,2549.98,11.8639,0.373667
21280000,20,-261.789,2537.29,16.4912,0.339
21300000,18,-234.219,2536.83,15.194,0.399
21320000,24,-295.914,2540.85,20.6066,0.417818
21340000,21,-278.974,2571.34,28.4196,0.32
21360000,20,-254.583,2541.23,17.8796,0.365
21380000,21,-269.921,2540.05,28.9435,0.387444
21400000,21,-268.011,2553.28,28.9776,0.347
21420000,22,-278.09,2549.72,22.4104,0.378
21440000,24,-308.097,2596.43,17.9075,0.343667
21460000,21,-274.83,2556.73,19.4164,0.364
21480000,27,-335.661,2566.16,19.5385,0.371846
21500000,20,-269.093,2557.98,17.2205,0.325286
21520000,19,-246.082,2543.88,30.1844,0.367
21540000,17,-220.634,2537.57,16.7344,0.364
21560000,23,-296.011,2552.6,23.9289,0.37
21580000,22,-281.098,2539.13,22.2694,0.39925
21600000,18,-242.145,2542.53,15.3043,0.325
21620000,21,-274.164,2544.97,28.418,0.379
21640000,24,-300.241,2554.01,18.0571,0.372
21660000,20,-254.817,2546.29,20.3917,0.328
21680000,19,-248.398,2548.69,20.4748,0.3494
21700000,23,-294.653,2557.63,22.4989,0.352
21720000,23,-293.093,2562.5,22.7783,0.368917
21740000,25,-309.68,2557.63,23.7336,0.413941
21760000,22,-286.511,2563.64,20.409,0.375909
21780000,20,-247.507,2539.36,26.7007,0.396143
21800000,17,-219.922,2523.92,23.7369,0.400167
21820000,24,-300.523,2547.77,34.9609,0.383
21840000,23,-280.306,2558.87,19.3513,0.37
21860000,22,-279.775,2550.76,21.5273,0.406
21880000,22,-278.396,2577.56,22.007,0.35
21900000,23,-290.215,2561.94,28.1764,0.36
21920000,25,-317.047,2558.68,27.9936,0.419
21940000,26,-326.185,2561.86,24.6064,0.378158
21960000,25,-307.684,2549.41,34.2399,0.386
21980000,19,-253.966,2555.02,16.9712,0.313
22000000,22,-281.999,2560.26,25.8405,0.365
22020000,22,-279.57,2566.54,22.3315,0.371
22040000,26,-340.232,2587.08,22.088,0.353
22060000,26,-320.084,2560.42,28.5784,0.400667
22080000,27,-336.508,2565.05,33.1957,0.384
22100000,25,-318.689,2577.18,31.3776,0.389
22120000,24,-304.26,2563.92,20.0502,0.386
22140000,25,-312.136,2543.29,30.806,0.3912
22160000,23,-287.293,2569.4,24.0203,0.402
22180000,24,-303.55,2574.49,16.5182,0.3545
22200000,25,-316.006,2564.64,24.7341,0.379
22220000,25,-311.402,2561.96,26.3474,0.374
22240000,25,-307.824,2558.79,34.6904,0.4145
22260000,23,-295.48,2553.12,20.2682,0.369
22280000,23,-287.052,2552.69,25.319,0.387
22300000,22,-275.677,2555.1,27.3713,0.391625
22320000,24,-299.282,2561.6,18.2322,0.352636
22340000,20,-252.484,2549.1,28.1205,0.359
22360000,22,-289.133,2565.83,22.9358,0.3488
22380000,19,-250.163,2555.48,16.1609,0.352
22400000,21,-266.374,2526.66,26.1446,0.368
22420000,19,-242.833,2550.63,20.2468,0.396444
22440000,29,-367.954,2574.61,26.7955,0.3495
22460000,25,-323.271,2566.8,28.8447,0.365
22480000,19,-246.007,2547.39,17.7694,0.348
22500000,24,-305.805,2558.47,23.5093,0.374
22520000,21,-266.847,2554.17,25.4622,0.364
22540000,24,-311.975,2569.31,24.1167,0.349357
22560000,20,-265.662,2557.35,21.4746,0.328
22580000,21,-272.266,2536.66,14.6205,0.363
22600000,22,-277.3,2535.27,33.3804,0.382857
22620000,20,-252.843,2565.06,28.6755,0.35
22640000,21,-266.506,2548.11,27.8343,0.372
22660000,22,-273.243,2546.62,16.8552,0.371875
22680000,22,-272.501,2543.18,18.8837,0.375667
22700000,20,-256.055,2539.72,31.7172,0.372
22720000,23,-281.785,2541.3,26.756,0.389
22740000,30,-364.7,2546.88,28.4209,0.391875
22760000,21,-269.415,2575.77,22.0569,0.419923
22780000,27,-338.817,2570.9,22.9556,0.423
22800000,23,-292.53,2544.11,21.1421,0.393818
22820000,19,-239.119,2538.25,18.7181,0.331
22840000,23,-290.499,2566.73,18.2097,0.372
22860000,22,-280.685,2555.96,24.3499,0.346
22880000,19,-247.481,2545.42,22.5976,0.361
22900000,23,-292.576,2579.61,20.5139,0.361
22920000,23,-297.835,2556.59,22.2174,0.385897
22940000,22,-289.009,2563.62,17.3397,0.363
22960000,27,-329.573,2580.73,20.5292,0.3732
22980000,20,-253.442,2523.73,20.1685,0.361
23000000,21,-265.276,2544.08,20.9045,0.393
23020000,23,-288.982,2539.13,33.9511,0.407
23040000,21,-267.296,2558,19.1577,0.357
23060000,25,-309.04,2560.83,21.6008,0.387
23080000,23,-292.291,2561.28,19.4756,0.364
23100000,19,-253.328,2550.69,13.0887,0.331
23120000,18,-232.576,2528.89,21.8833,0.343
23140000,20,-261.182,2532.25,18.545,0.303
23160000,23,-285.357,2551.94,29.3382,0.39975
23180000,21,-261.614,2549.71,14.4264,0.378
23200000,18,-237.598,2544.82,10.164,0.373
23220000,18,-232.948,2538.39,13.0754,0.336
23240000,18,-233.39,2542.96,18.0446,0.336
23260000,22,-288.38,2544.75,23.1092,0.386147
23280000,27,-341.567,2547.69,24.767,0.421
23300000,22,-288.458,2546.51,18.0981,0.375
23320000,19,-253.518,2546.07,23.1825,0.335
23340000,20,-258.568,2544.54,25.1033,0.351
23360000,24,-304.538,2562.43,19.0202,0.398
23380000,27,-335.522,2558.18,19.04,0.392
23400000,25,-310.873,2547.51,31.7564,0.392
23420000,25,-310.925,2563.43,25.3981,0.385929
23440000,22,-276.25,2558.71,13.2929,0.312
23460000,23,-284.419,2533,20.9211,0.368667
23480000,28,-347.76,2556.53,23.8694,0.393143
23500000,23,-281.292,2554.12,21.11,0.411
23520000,20,-253.967,2535.51,25.3588,0.345
23540000,25,-305.642,2533.46,21.1302,0.371167
23560000,31,-378.738,2585.06,28.3333,0.386167
23580000,19,-259.448,2518.54,15.7111,0.354
23600000,17,-228.687,2525.94,17.5623,0.344
23620000,17,-234.088,2540.36,20.136,0.314
23640000,27,-338.172,2574.91,35.2159,0.415
23660000,17,-228.731,2528.83,16.8701,0.336
23680000,24,-292.579,2559.7,31.1427,0.393139
23700000,24,-299.36,2543.43,26.1227,0.406
23720000,18,-238.481,2524.19,15.8039,0.326
23740000,18,-240.292,2542.55,13.1169,0.346643
23760000,19,-250.488,2523.37,22.0424,0.377
23780000,17,-228.047,2531.7,21.4724,0.335
23800000,24,-302.563,2552.35,27.9695,0.39
23820000,18,-236.342,2525.55,20.7209,0.326231
23840000,16,-214.597,2528.11,18.3522,0.305
23860000,27,-334.47,2569.09,31.5776,0.377
23880000,23,-287.917,2547.87,31.2422,0.3948
23900000,27,-342.81,2567.69,33.6141,0.387286
23920000,23,-291.201,2548,18.7731,0.386333
23940000,24,-300.56,2566.85,30.5942,0.38
23960000,17,-222.658,2537.88,10.4544,0.332
23980000,19,-246.368,2539.33,19.2663,0.306
24000000,24,-301.866,2553.33,28.4982,0.39
24020000,21,-259.811,2553.24,17.7497,0.394667
24040000,25,-324.012,2558.83,17.6851,0.423
24060000,18,-241.888,2524.51,22.5506,0.33
24080000,26,-335.441,2566.14,25.3025,0.401
24100000,23,-293.391,2566.93,23.7577,0.331
24120000,27,-336.793,2562.27,29.413,0.424
24140000,27,-352.034,2591.2,22.3506,0.347667
24160000,25,-303.64,2562.63,24.3732,0.40075
24180000,22,-270.418,2561.4,15.2668,0.361
24200000,23,-299.547,2540.28,20.5221,0.414
24220000,15,-197.678,2514.07,13.4484,0.356
24240000,17,-221.905,2520.44,20.8256,0.3395
24260000,17,-219.329,2510.59,20.8608,0.329
24280000,19,-246.579,2541.36,26.9301,0.381
24300000,16,-218.789,2530.32,15.983,0.31
24320000,19,-245.387,2549.22,22.4093,0.334
24340000,17,-221.898,2528.15,19.5707,0.346
24360000,23,-291.312,2520.38,25.2113,0.397583
24380000,19,-246.849,2519.96,24.9453,0.3449
24400000,23,-293.198,2564.39,30.6845,0.365
24420000,19,-245.298,2547.15,19.0163,0.340875
24440000,20,-258.715,2540.44,30.8519,0.376
24460000,27,-338.919,2559.7,26.5142,0.407
24480000,19,-244.45,2529.7,16.6735,0.371
24500000,20,-259.675,2536.55,20.8172,0.352667
24520000,31,-388.847,2529.08,36.8279,0.371923
24540000,20,-258.248,2525.42,17.964,0.367
24560000,19,-245.851,2534.5,17.7386,0.3438
24580000,24,-312.184,2540.07,32.4538,0.422
24600000,21,-268.553,2547.57,21.1777,0.3638
24620000,21,-274.967,2550.89,24.5858,0.339
24640000,20,-263.239,2537.31,21.4963,0.302
24660000,22,-284.469,2546.43,30.1881,0.346
24680000,20,-260.122,2558.98,18.2229,0.333
24700000,22,-296.971,2544.37,22.0601,0.38668
24720000,24,-304.233,2568.49,22.5429,0.351667
24740000,20,-259.15,2565.77,32.2451,0.333
24760000,19,-245.79,2532.02,26.9752,0.378
24780000,20,-252.756,2531.03,12.7288,0.386
24800000,20,-266.62,2534.65,18.7734,0.3515
24820000,23,-292.046,2558.75,26.4724,0.324222
24840000,20,-255.213,2537.33,17.3808,0.394
24860000,17,-222.746,2535.29,19.2206,0.36
24880000,25,-309.016,2562.44,29.5341,0.38
24900000,20,-251.1,2540.66,19.8153,0.359
24920000,18,-236.405,2535.54,14.5115,0.316
24940000,21,-281.969,2570.42,23.6772,0.3596
24960000,19,-249.343,2542.42,16.2122,0.3634
24980000,19,-246.511,2544.01,24.3919,0.351
25000000,24,-300.758,2532.56,34.1612,0.395
25020000,17,-225.904,2523.2,27.8954,0.343
25040000,20,-259.818,2545.76,21.2881,0.338
25060000,26,-336.4,2571.78,22.8458,0.381167
25080000,25,-320.746,2566.23,31.3535,0.386
25100000,22,-285.492,2543.78,23.6801,0.3505
25120000,21,-263.871,2535.96,15.4871,0.3915
25140000,23,-293.064,2557.47,28.4069,0.338
25160000,21,-274.903,2552.53,19.1968,0.337
25180000,21,-261.076,2532.37,18.6486,0.385333
25200000,23,-283.803,2537.33,20.2701,0.373
25220000,23,-297.56,2577.46,27.9558,0.301
25240000,23,-294.91,2562.31,24.0011,0.3885
25260000,21,-271.55,2531.25,24.747,0.333
25280000,20,-258.984,2541.97,18.5321,0.385
25300000,26,-318.5,2565.29,25.3731,0.3806
25320000,21,-269.797,2568.09,17.2816,0.379
25340000,20,-264.591,2522.25,19.5452,0.388333
25360000,22,-279.393,2559.52,17.7458,0.358
25380000,22,-279.685,2551.03,23.7371,0.383273
25400000,25,-317.919,2571.53,29.1799,0.373
25420000,20,-254.96,2529.31,14.9826,0.401
25440000,25,-314.569,2563.26,28.7698,0.373
25460000,22,-278.267,2530.08,26.3638,0.382
25480000,28,-347.318,2570.14,26.8359,0.404
25500000,24,-293.408,2560.91,29.9113,0.3752
25520000,29,-360.105,2570.97,33.4789,0.38
25540000,24,-299.531,2546.21,29.7663,0.378
25560000,25,-305.621,2574.81,25.532,0.371
25580000,21,-269.115,2542.53,25.4246,0.361
25600000,25,-323.954,2579.71,23.4165,0.377
25620000,22,-280.88,2530.45,17.8035,0.364833
25640000,23,-299.901,2571.28,23.973,0.358222
25660000,19,-246.304,2524.11,21.3048,0.352
25680000,24,-299.125,2569.54,35.0165,0.371
25700000,23,-283.354,2517.92,27.2634,0.422
25720000,23,-288.555,2541.85,28.1538,0.373
25740000,25,-313.932,2554.94,23.626,0.406
25760000,21,-275.524,2557.93,14.24,0.330286
25780000,24,-302.627,2543.34,18.9605,0.36
25800000,22,-283.876,2541.9,22.7566,0.397
25820000,24,-301.242,2538.97,24.3967,0.3875
25840000,21,-275.218,2560.76,25.7065,0.347
25860000,18,-232.744,2536.68,21.4361,0.354
25880000,18,-227.574,2526.15,19.4809,0.394
25900000,17,-218.354,2533.09,18.1854,0.348333
25920000,17,-220.155,2529.46,13.5787,0.356
25940000,19,-242.414,2534.49,21.7492,0.345
25960000,25,-314.147,2546.3,26.7993,0.383
25980000,19,-247.927,2534.69,17.402,0.363
26000000,27,-338.754,2551.06,35.7799,0.427
26020000,22,-281.47,2560.36,19.9983,0.326
26040000,22,-278.945,2550.3,15.4773,0.331667
26060000,21,-276.171,2550.33,24.6816,0.441
26080000,19,-241.414,2543.55,21.2275,0.371
26100000,23,-285.792,2552.89,25.3382,0.401333
26120000,21,-270.231,2541.74,19.2293,0.376
26140000,18,-234.798,2540.77,21.9248,0.339
26160000,25,-309.956,2553.11,31.4884,0.383
26180000,26,-328.775,2564.54,31.9668,0.3836
26200000,27,-334.975,2555.08,22.2989,0.394862
26220000,22,-284.214,2547.75,32.8948,0.371
26240000,23,-289.716,2563.58,28.5543,0.387476
26260000,19,-247.816,2537.31,17.4239,0.365
26280000,19,-241.756,2543.63,21.4706,0.3286
26300000,23,-285.85,2536.52,22.035,0.429
26320000,27,-334.518,2581.09,28.2521,0.395
26340000,19,-249.911,2529.48,17.7385,0.349
26360000,21,-269.618,2543.27,17.6237,0.373
26380000,22,-279.533,2538.22,12.1278,0.385333
26400000,18,-234.268,2526.64,23.6504,0.349
26420000,22,-279.759,2560.12,29.4652,0.304
26440000,19,-249.27,2560.19,20.9778,0.306
26460000,21,-262.02,2548.05,20.0321,0.413
26480000,19,-240.375,2551.58,22.3076,0.4035
26500000,24,-305.965,2569.7,33.6499,0.333
26520000,25,-305.523,2570.71,23.1382,0.370667
26540000,20,-261.953,2543.21,28.397,0.334
26560000,19,-246.668,2541.33,12.4071,0.355
26580000,19,-256.259,2552.46,22.1068,0.335
26600000,24,-308.817,2559.74,24.373,0.364368
26620000,23,-291.591,2541.67,18.7256,0.388
26640000,27,-335.987,2564.27,19.7758,0.388333
26660000,25,-326.487,2571.58,31.0573,0.383
26680000,23,-295.777,2561.88,17.9589,0.359
26700000,20,-260.585,2546.28,15.3408,0.358
26720000,25,-312.926,2553.13,32.7488,0.4
26740000,28,-347.576,2571.94,31.4102,0.424
26760000,25,-313.965,2539.4,21.7714,0.3736
26780000,30,-378.748,2585.22,29.0094,0.388
26800000,24,-301.506,2567.49,24.4171,0.388
26820000,21,-278.344,2563.45,21.3109,0.348
26840000,26,-322.658,2571.89,30.8722,0.388
26860000,27,-341.875,2567.24,26.042,0.355
26880000,21,-272.103,2548.75,24.8439,0.364
26900000,29,-353.796,2557.15,35.6039,0.453
26920000,19,-248.899,2553.21,13.9847,0.335
26940000,22,-282.952,2558.81,29.5796,0.343
26960000,24,-300.55,2546.57,27.8524,0.4035
26980000,20,-254.026,2559.58,24.2529,0.342857
27000000,23,-295.131,2560.4,26.2662,0.4
27020000,21,-268.55,2577.18,19.5189,0.336
27040000,20,-256.559,2561.67,18.5215,0.374
27060000,23,-291.491,2557.11,24.4695,0.363947
27080000,28,-347.472,2566.95,33.6289,0.397156
27100000,19,-245.322,2522.31,28.4793,0.357125
27120000,19,-245.806,2534.87,19.4544,0.353
27140000,20,-258.916,2559.53,26.1468,0.346
27160000,20,-262.039,2559.5,19.9394,0.36
27180000,22,-278.907,2531.81,16.0281,0.366
27200000,22,-279.188,2556.72,23.347,0.363
27220000,18,-222.019,2526.54,14.9948,0.383
27240000,21,-270.706,2540.72,16.7192,0.386
27260000,23,-283.599,2526.29,33.9591,0.386
27280000,23,-305.348,2557.55,33.3373,0.372
27300000,22,-290.445,2549.74,20.5881,0.385125
27320000,18,-239.409,2526.54,22.4687,0.342
27340000,21,-268.472,2549.24,23.1603,0.367
27360000,19,-239.621,2537.43,11.4828,0.345
27380000,23,-294.298,2559.08,23.3412,0.369
27400000,21,-273.456,2534.12,22.4125,0.35
27420000,20,-260.309,2539.5,16.6337,0.385923
27440000,21,-264.84,2540.53,18.2683,0.417
27460000,21,-267.512,2534.78,24.0385,0.392
27480000,22,-287.471,2551.47,28.3248,0.3841
27500000,19,-252.113,2538.4,24.1305,0.353
27520000,24,-315.821,2545.69,22.9008,0.398
27540000,24,-306.393,2565.33,30.7061,0.389
27560000,21,-271.04,2532.85,21.1899,0.375
27580000,19,-246.784,2531.23,21.058,0.334
27600000,23,-292.62,2566.21,27.0668,0.415
27620000,23,-294.815,2550.97,29.2523,0.399357
27640000,17,-231.039,2527.99,16.2834,0.332
27660000,22,-275.115,2542.09,13.5769,0.4
27680000,21,-266.701,2525.85,22.2225,0.354
27700000,23,-294.85,2575.08,31.2731,0.3995
27720000,21,-272.964,2534.43,17.5114,0.383
27740000,21,-269.565,2551.89,15.49,0.37825
27760000,24,-304.993,2551.32,25.1693,0.378
27780000,23,-294.355,2539.35,23.6065,0.443
27800000,22,-278.243,2559.89,20.9601,0.406143
27820000,18,-238.973,2544.37,29.3163,0.3235
27840000,19,-252.515,2539.8,17.1276,0.314
27860000,20,-258.27,2540.65,20.9183,0.338
27880000,17,-226.557,2537.54,14.2187,0.306
27900000,16,-213.288,2537.13,18.8454,0.37
27920000,24,-298.603,2572.5,26.9102,0.344
27940000,21,-263.993,2551.37,25.2122,0.41
27960000,20,-265.083,2551.31,14.8807,0.352
27980000,16,-215.15,2537.3,10.1114,0.331
28000000,22,-281.125,2552.21,18.7205,0.34825
28020000,18,-231.944,2539.65,23.388,0.3715
28040000,21,-264.088,2527.95,21.2456,0.408
28060000,23,-281.639,2556.86,20.5625,0.422
28080000,20,-253.356,2548.05,14.3519,0.363
28100000,24,-306.595,2556.24,31.3489,0.38
28120000,20,-265.054,2535.71,26.1708,0.376405
28140000,19,-243.216,2545.42,19.8457,0.33
28160000,21,-274.344,2540.29,28.9334,0.4
28180000,18,-232.569,2554.7,21.8698,0.382523
28200000,25,-315.406,2536.24,24.3005,0.399
28220000,22,-286.742,2547.32,22.499,0.376
28240000,22,-283.03,2540.4,22.8994,0.384429
28260000,22,-278.159,2556.66,29.1889,0.361
28280000,20,-255.373,2545.1,16.6813,0.402
28300000,24,-297.403,2540.47,22.6059,0.404
28320000,22,-283.156,2540.7,23.8984,0.366
28340000,20,-257.602,2527.88,21.9844,0.374
28360000,19,-247.271,2552.71,26.5114,0.351
28380000,20,-262.775,2550.94,19.3836,0.366
28400000,18,-225.816,2527.44,16.0344,0.344
28420000,24,-304.226,2562.45,17.1108,0.3745
28440000,22,-288.405,2555.56,24.8008,0.338
28460000,20,-268.085,2541.7,22.6904,0.39
28480000,24,-312.386,2567.5,30.4914,0.354
28500000,22,-285.512,2555.07,22.2446,0.337
28520000,20,-251.913,2531.81,16.3255,0.3535
28540000,23,-286.798,2553.78,18.3881,0.399
28560000,26,-330.167,2560.75,50.3177,0.386
28580000,24,-309.102,2604.91,27.6673,0.403167
28600000,23,-286.771,2552.21,22.3648,0.386
28620000,21,-270.205,2553.11,26.9522,0.394
28640000,21,-269.426,2560.38,21.1055,0.372
28660000,26,-333.943,2560.39,32.4465,0.405
28680000,24,-306.45,2560.01,19.3805,0.355
28700000,22,-281.199,2540.91,17.9508,0.368
28720000,21,-267.747,2548.02,26.93,0.344
28740000,23,-297.659,2580.08,24.4925,0.355
28760000,23,-289.735,2548.01,12.3521,0.366
28780000,23,-294.259,2555.04,28.2485,0.403
28800000,20,-259.398,2537.44,30.2225,0.374
28820000,27,-337.492,2580.23,29.5153,0.3765
28840000,23,-294.127,2542.2,21.7466,0.405
28860000,20,-257.852,2535.77,18.0606,0.364
28880000,23,-293.799,2583.67,30.6245,0.331
28900000,19,-244.36,2548.04,18.2273,0.318
28920000,22,-280.3,2558.84,24.5262,0.342
28940000,22,-278.577,2563.72,25.1717,0.370471
28960000,23,-291.592,2530.15,18.1167,0.335
28980000,26,-336.447,2562.92,26.8199,0.378
29000000,22,-277.281,2544.75,21.7496,0.409
29020000,23,-290.915,2537.82,34.8282,0.414
29040000,21,-267.538,2542.93,16.1118,0.33975
29060000,25,-325.679,2564.32,32.9112,0.351
29080000,30,-367.555,2546.8,23.8479,0.410125
29100000,20,-252.13,2547.43,21.2366,0.358
29120000,18,-234.595,2537.33,26.6493,0.351
29140000,20,-265.887,2560.82,18.6382,0.299
29160000,32,-391.515,2596.8,33.9969,0.402
29180000,24,-302.19,2568.9,21.7103,0.427
29200000,23,-294.675,2553.59,25.8991,0.352
29220000,26,-325.694,2584.61,36.9956,0.434
29240000,23,-295.528,2560.76,30.0273,0.368
29260000,23,-290.52,2568.88,25.8508,0.324
29280000,27,-332.884,2565.94,31.514,0.434167
29300000,30,-367.033,2603.31,22.8734,0.401
29320000,27,-343.286,2557.38,28.9765,0.398
29340000,23,-291.577,2568.8,19.0886,0.398
29360000,24,-307.059,2554.21,18.1239,0.386
29380000,22,-287.461,2560.65,26.566,0.329
29400000,21,-274.983,2551.4,22.2069,0.313
29420000,24,-302.043,2559.3,24.4346,0.355
29440000,20,-263.723,2545.58,31.8223,0.352
29460000,30,-369.321,2577.14,35.237,0.418
29480000,25,-312.16,2538.96,20.5576,0.403
29500000,23,-294.145,2557.59,25.2642,0.381
29520000,27,-340.72,2584.85,26.8671,0.385286
29540000,28,-347.274,2581.29,22.4148,0.418667
29560000,22,-270.101,2541.93,25.0532,0.361
29580000,20,-249.773,2542.72,16.9474,0.341
29600000,22,-271.301,2547.68,18.5525,0.37
29620000,26,-323.333,2566.95,21.8689,0.404
29640000,24,-301.938,2565.83,26.2043,0.405
29660000,26,-328.741,2569.61,34.1548,0.414
29680000,25,-317.339,2574.94,25.515,0.402536
29700000,24,-320.634,2588.37,16.2355,0.363
29720000,24,-303.558,2552.91,19.0355,0.403714
29740000,27,-353.394,2570.8,32.5118,0.414
29760000,23,-296.403,2567.71,22.9801,0.397
29780000,26,-317.223,2563.77,29.8591,0.38225
29800000,24,-309.796,2579.3,23.2687,0.362
29820000,22,-281.002,2565.17,20.0048,0.373
29840000,28,-347.312,2573.83,23.1781,0.385
29860000,19,-243.859,2553.82,16.0815,0.376143
29880000,26,-332.793,2582.82,30.5754,0.355
29900000,27,-351.155,2583.79,26.1888,0.3517
29920000,23,-291.719,2582,21.4462,0.355455
29940000,26,-329.478,2572.56,23.2274,0.3595
29960000,26,-335.863,2578.73,17.584,0.361667
29980000,32,-391.73,2592.88,21.0118,0.3893
