generation,N_shifts,logPrior,logLik,eventRate,acceptRate
0,0,-16.0745,-4223.39,500,0
20000,0,-21.3828,627.045,1.25349,0.502
40000,0,-21.9962,627.469,0.165944,0.466
60000,0,-21.115,625.806,3.15777,0.4246
80000,1,-31.9693,628.956,4.05329,0.598
100000,0,-22.4478,625.108,0.228593,0.404
120000,1,-30.9277,625.299,0.484121,0.375
140000,0,-20.4441,626.457,1.79394,0.371
160000,0,-21.6462,626.593,0.93631,0.4644
180000,1,-29.5397,623.107,3.15443,0.489
200000,0,-20.3038,625.186,1.59233,0.618
220000,1,-32.3532,619.942,0.822028,0.604
240000,0,-19.9632,621.345,1.31698,0.511
260000,1,-31.0355,628.007,1.61562,0.45
280000,0,-20.7194,619.913,0.321128,0.488
300000,0,-21.315,624.495,2.80738,0.412
320000,0,-21.4634,626.547,1.0324,0.43475
340000,0,-21.8169,626.765,2.90282,0.439545
360000,0,-21.1855,626.467,1.93839,0.443
380000,1,-34.8519,626.972,0.535641,0.488667
400000,1,-32.8113,626.323,1.46354,0.59
420000,0,-22.3669,624.663,3.12352,0.389
440000,0,-19.9348,625.31,0.165274,0.379
460000,0,-20.9016,626.377,0.834768,0.428333
480000,0,-21.0345,627.182,2.96799,0.4605
500000,0,-21.1902,627.278,1.31474,0.430333
520000,0,-21.2217,626.633,0.0284974,0.364
540000,0,-20.2264,626.349,1.67407,0.545
560000,0,-21.9745,627.21,0.166073,0.583667
580000,2,-42.7629,624.078,6.35598,0.493
600000,0,-20.9665,627.147,0.103802,0.394667
620000,0,-21.029,626.084,0.492083,0.351
640000,0,-20.4957,625.397,0.204865,0.437067
660000,1,-31.8106,627.177,1.47934,0.43
680000,1,-31.3692,625.368,1.39057,0.592
700000,1,-31.8446,625.683,2.09539,0.5144
720000,0,-21.4799,623.776,0.393676,0.387667
740000,0,-21.4753,627.711,0.124374,0.41775
760000,0,-20.2057,623.698,0.426743,0.37
780000,0,-21.0424,627.293,0.381951,0.387
800000,0,-21.6663,627.258,0.79768,0.402
820000,2,-40.8267,624.867,2.75349,0.454833
840000,0,-20.6382,625.195,1.95988,0.446
860000,0,-21.6587,626.798,2.12102,0.413
880000,0,-20.7488,626.784,2.81211,0.482
900000,0,-21.5163,627.814,3.4974,0.541
920000,0,-20.4635,626.783,1.50812,0.4135
940000,0,-21.5202,627.616,0.437581,0.483333
960000,1,-31.3712,628.617,1.29135,0.397
980000,0,-20.2219,626.373,0.00456951,0.470438
1000000,0,-20.3959,626.113,0.659974,0.389
1020000,0,-21.5044,626.207,0.63204,0.428
1040000,0,-21.4117,626.841,1.9509,0.4429
1060000,0,-20.5129,626.368,1.14759,0.463
1080000,0,-21.5332,626.707,0.440801,0.411143
1100000,1,-37.591,625.284,3.05297,0.3936
1120000,1,-31.6921,625.625,2.77019,0.477333
1140000,0,-22.0656,625.636,1.36447,0.458
1160000,0,-20.954,627.279,0.662855,0.386
1180000,0,-21.3943,627.826,0.470333,0.411857
1200000,0,-20.3962,623.778,0.128763,0.487
1220000,1,-29.8015,627.557,1.61327,0.442
1240000,0,-22.0417,626.364,0.798142,0.387
1260000,0,-20.5947,623.956,1.07765,0.385
1280000,0,-21.7321,627.433,0.956972,0.425667
1300000,0,-20.1852,625.519,1.3122,0.4145
1320000,0,-21.9007,626.492,0.0522739,0.427
1340000,1,-30.6312,626.435,0.718239,0.464833
1360000,0,-20.549,627.171,0.914998,0.382
1380000,0,-20.3971,624.281,1.7034,0.362
1400000,0,-20.9484,626.889,0.748717,0.38725
1420000,1,-31.4151,624.062,2.15647,0.434
1440000,0,-20.3896,624.264,1.05453,0.427529
1460000,0,-20.9547,621.839,0.636238,0.445273
1480000,0,-21.3467,625.703,2.22844,0.435125
1500000,2,-42.1107,631.678,0.901319,0.642
1520000,1,-33.0083,623,0.811815,0.565
1540000,0,-20.49,626.956,0.509447,0.416
1560000,0,-21.3568,627.628,8.57832,0.423
1580000,1,-29.612,621.964,1.60297,0.487
1600000,0,-20.1213,623.382,0.333207,0.491
1620000,1,-30.9569,626.503,1.51295,0.42275
1640000,0,-20.2661,624.791,1.09141,0.416
1660000,1,-30.836,630.626,0.711713,0.478
1680000,0,-19.8056,624.595,0.231398,0.530111
1700000,1,-29.96,622.855,1.24433,0.490187
1720000,0,-21.6118,626.378,0.0192505,0.511125
1740000,0,-21.1707,621.492,0.0165066,0.419
1760000,0,-21.6655,627.31,0.0271059,0.419
1780000,0,-19.7818,623.12,1.47643,0.487
1800000,1,-29.7419,625.643,2.08213,0.5255
1820000,1,-31.2625,626.165,1.91462,0.461
1840000,0,-21.2504,625.594,0.704964,0.429
1860000,0,-20.4692,622.529,0.987817,0.494
1880000,0,-22.3049,625.05,0.271479,0.443375
1900000,0,-21.2265,623.702,1.68962,0.4915
1920000,0,-20.7849,627.135,0.601513,0.475
1940000,0,-20.6774,626.543,0.592686,0.4315
1960000,1,-31.1664,630.535,5.29991,0.501
1980000,0,-20.9089,627.218,1.50948,0.368
2000000,0,-21.1434,626.548,0.121033,0.368
2020000,0,-21.7206,624.779,2.31502,0.429
2040000,0,-21.6802,627.109,0.0177909,0.444
2060000,0,-19.6177,623.124,0.0256119,0.467294
2080000,0,-21.5022,627.793,0.478382,0.452
2100000,0,-22.3715,626.68,0.783422,0.412
2120000,1,-31.9195,630.278,3.53777,0.526
2140000,0,-20.8273,624.986,0.20766,0.43
2160000,1,-32.5259,624.185,0.997855,0.441
2180000,0,-20.8701,627.486,2.33563,0.408692
2200000,0,-21.6374,626.967,1.15475,0.417
2220000,0,-20.0953,620.491,0.0908021,0.422
2240000,0,-21.5608,623.369,0.435373,0.483
2260000,0,-22.0609,626.618,0.0533725,0.471
2280000,0,-21.2386,626.684,0.884726,0.371
2300000,0,-20.2206,625.682,0.792614,0.443833
2320000,0,-21.3332,627.242,1.55788,0.453
2340000,0,-20.9384,625.974,3.13745,0.38
2360000,0,-21.6707,627.601,1.43129,0.389
2380000,0,-20.8022,626.256,0.868916,0.359
2400000,0,-21.7502,627.038,2.37401,0.524
2420000,0,-21.0718,627.377,0.0929105,0.444
2440000,3,-54.1336,626.22,7.93838,0.524
2460000,0,-20.1571,623.256,1.48486,0.402
2480000,0,-20.4059,625.342,1.35448,0.418545
2500000,0,-21.3449,626.954,0.860919,0.4325
2520000,0,-21.2027,627.649,0.469017,0.433
2540000,0,-21.3125,627.701,3.55201,0.477571
2560000,0,-20.5474,625.103,3.72285,0.458
2580000,0,-21.6641,626.615,0.138158,0.389
2600000,0,-21.4968,627.754,0.133027,0.443
2620000,0,-21.1406,623.676,0.478251,0.414167
2640000,2,-45.0224,631.218,4.00981,0.467444
2660000,0,-20.8384,627.306,0.75139,0.462125
2680000,0,-22.1341,623.087,0.558206,0.48675
2700000,0,-22.2657,627.103,1.51084,0.385
2720000,0,-21.6031,626.336,2.54942,0.441857
2740000,0,-21.2509,627.173,0.343524,0.423167
2760000,3,-52.8812,620.17,7.52057,0.585
2780000,0,-20.5443,623.896,0.112199,0.421
2800000,1,-33.4643,631.524,1.55517,0.586
2820000,0,-20.5821,622.373,0.809685,0.4
2840000,0,-21.1837,625.979,0.739242,0.511
2860000,0,-21.3461,624.826,1.69147,0.441
2880000,0,-20.8011,627.137,2.14754,0.424
2900000,0,-21.6814,627.262,0.515123,0.401
2920000,0,-20.4729,625.964,0.79377,0.35
2940000,0,-21.9649,627.514,0.703805,0.484
2960000,0,-22.1778,626.635,3.74099,0.5075
2980000,0,-21.2746,626.852,0.0857124,0.477167
3000000,0,-20.9804,626.846,1.99471,0.425167
3020000,0,-22.3971,624.716,0.509713,0.519333
3040000,2,-42.8557,627.307,4.39222,0.618
3060000,0,-21.5124,627.41,0.0166119,0.4555
3080000,0,-20.9424,624.732,0.114551,0.43
3100000,0,-20.7437,624.148,0.586342,0.442222
3120000,1,-31.3395,624.413,1.14892,0.4605
3140000,0,-20.9834,622.557,2.00142,0.4476
3160000,0,-22.4135,626.498,1.57703,0.429
3180000,0,-22.2575,626.367,1.69035,0.455875
3200000,0,-21.3071,627.538,0.944738,0.396
3220000,0,-21.1279,627.135,0.583297,0.48
3240000,1,-35.3515,624.679,3.20393,0.48
3260000,0,-21.2785,627.315,4.60442,0.551
3280000,0,-20.3879,626.26,0.0622951,0.376
3300000,0,-20.9294,627.472,0.701018,0.429
3320000,0,-21.559,626.423,0.0259592,0.4632
3340000,1,-30.7458,632.124,1.52853,0.631
3360000,0,-21.2011,626.794,0.647526,0.4895
3380000,0,-21.1061,624.714,1.13814,0.47325
3400000,0,-20.141,626.052,0.523406,0.4343
3420000,1,-29.7432,625.298,1.75828,0.446818
3440000,0,-20.96,627.476,6.43969,0.596375
3460000,0,-21.2429,627.5,2.26347,0.4
3480000,0,-20.8607,625.9,1.11816,0.43
3500000,0,-21.4721,627.692,0.283572,0.438
3520000,0,-22.9669,625.481,0.382617,0.4185
3540000,3,-52.9276,617.045,4.92596,0.421
3560000,0,-21.7116,625.706,0.710316,0.434143
3580000,0,-21.186,625.235,2.29589,0.432
3600000,0,-21.9858,627.5,0.230126,0.418
3620000,0,-20.805,626.708,1.11736,0.428
3640000,0,-22.2332,626.455,0.373956,0.498
3660000,1,-30.2254,630.989,1.26652,0.523
3680000,0,-21.6829,626.915,0.0231166,0.385
3700000,1,-31.4347,626.043,5.1776,0.586333
3720000,0,-20.9899,625.291,0.035081,0.523
3740000,1,-31.3225,626.878,2.80176,0.462
3760000,0,-21.4318,627.912,1.27273,0.4845
3780000,0,-21.0136,626.66,2.94072,0.431643
3800000,0,-21.5964,626.553,0.576846,0.484
3820000,0,-20.3728,624.064,0.855403,0.416455
3840000,0,-20.7441,623.975,0.167126,0.435789
3860000,0,-20.321,619.572,0.462296,0.422
3880000,0,-20.8744,626.61,0.0499342,0.375
3900000,0,-20.9581,626.86,0.359431,0.4
3920000,0,-21.003,624.706,1.30581,0.3845
3940000,0,-20.463,626.043,1.90249,0.478381
3960000,0,-21.7536,624.84,0.0474159,0.3975
3980000,0,-21.6997,627.695,1.82467,0.347
4000000,2,-45.0826,630.987,7.10768,0.587
4020000,1,-30.4305,626.177,0.247708,0.453
4040000,0,-20.3285,626.234,0.0582174,0.412933
4060000,2,-40.7587,626.605,9.1332,0.457
4080000,0,-20.6482,625.115,1.47266,0.388
4100000,1,-30.4707,625.825,3.48744,0.437
4120000,0,-20.9899,621.919,2.24124,0.415
4140000,0,-20.7333,624.775,0.26821,0.368
4160000,0,-20.6402,626.478,2.16219,0.432
4180000,0,-20.1341,622.693,0.143076,0.368
4200000,0,-20.9745,626.978,3.93844,0.472143
4220000,0,-22.6528,624.998,2.93547,0.447
4240000,0,-21.5199,627.116,0.982375,0.466
4260000,0,-20.7302,624.614,0.398113,0.474
4280000,0,-20.7485,626.702,0.26916,0.462
4300000,0,-21.6181,625.297,3.30141,0.353
4320000,0,-21.4416,626.482,0.883493,0.51275
4340000,3,-52.0037,622.57,5.54739,0.484
4360000,0,-20.084,624.744,0.140722,0.422
4380000,1,-33.4259,624.889,0.793809,0.508
4400000,0,-20.9083,625.955,1.87268,0.431
4420000,0,-20.4108,625.195,2.81654,0.4462
4440000,1,-31.8522,626.792,1.59477,0.387
4460000,2,-44.0227,629.183,2.99373,0.522125
4480000,0,-21.6284,627.308,0.229885,0.378
4500000,0,-21.7724,627.186,0.158551,0.419
4520000,0,-21.5391,623.927,2.58643,0.401
4540000,1,-33.5703,627.037,0.731192,0.431
4560000,0,-21.9126,625.545,1.25567,0.5428
4580000,0,-20.9112,624.352,0.927607,0.3625
4600000,0,-20.8825,627.41,1.12223,0.434
4620000,0,-20.9477,627.144,3.94962,0.457
4640000,0,-20.7905,626.079,2.19257,0.47
4660000,0,-21.4102,627.351,1.51062,0.4035
4680000,0,-20.4454,624.9,0.0416232,0.5034
4700000,0,-21.678,627.056,0.187753,0.422
4720000,0,-21.5029,626.958,0.226413,0.372
4740000,0,-20.5633,624.982,0.163282,0.411769
4760000,0,-20.9392,624.537,0.41479,0.5405
4780000,1,-31.9899,625.622,2.44238,0.513
4800000,0,-20.8319,626.623,1.22699,0.484
4820000,2,-43.9666,627.031,2.54542,0.479
4840000,0,-20.3834,625.657,0.132499,0.411
4860000,0,-21.3624,627.045,0.271675,0.388
4880000,0,-20.6664,627.237,0.014399,0.453
4900000,1,-31.8778,627.087,1.7008,0.415
4920000,0,-20.0495,625.196,0.352152,0.519
4940000,0,-20.9729,627.393,0.703586,0.462
4960000,0,-21.1506,627.684,0.514028,0.385
4980000,0,-21.4092,627.42,0.471811,0.482
5000000,0,-20.9686,625.975,1.09424,0.451
5020000,1,-33.3277,625.044,0.80396,0.395
5040000,0,-21.7621,627.643,1.61808,0.449
5060000,1,-30.2667,625.512,8.56299,0.436
5080000,0,-21.3463,627.257,0.101228,0.354
5100000,0,-21.5913,625.521,1.08637,0.459
5120000,0,-20.861,627.421,0.45502,0.387
5140000,0,-20.631,623.732,2.4819,0.564
5160000,0,-20.6916,626.863,0.854487,0.478
5180000,0,-20.1382,624.088,1.68546,0.48225
5200000,1,-30.6372,626.912,1.13482,0.564
5220000,0,-20.6708,627.406,0.774662,0.617
5240000,0,-20.9224,627.4,0.424848,0.581143
5260000,0,-21.981,626.874,1.48594,0.433235
5280000,0,-20.0017,624.05,3.60525,0.372
5300000,0,-22.6334,623.485,0.801804,0.4412
5320000,0,-20.1612,626.184,1.10727,0.435857
5340000,0,-20.6883,627.131,1.48399,0.492
5360000,0,-20.8524,626.359,0.131931,0.379
5380000,1,-31.7048,624.701,1.28844,0.425455
5400000,0,-20.7225,627.133,0.0954458,0.420556
5420000,0,-22.15,624.279,0.0287865,0.38
5440000,0,-21.4703,627.826,1.94019,0.36
5460000,0,-21.8918,624.845,1.93974,0.41
5480000,0,-20.6403,626.8,1.47039,0.496
5500000,0,-20.3133,625.689,1.88366,0.452
5520000,0,-20.9774,626.983,0.842944,0.452333
5540000,1,-30.2701,623.733,3.99682,0.41
5560000,0,-20.511,624.561,2.50248,0.446333
5580000,3,-51.2773,624.005,5.25651,0.511
5600000,0,-21.3904,625.532,0.662205,0.38
5620000,0,-20.1958,623.955,3.12519,0.388
5640000,2,-43.1602,626.421,2.97372,0.427
5660000,0,-21.4865,627.915,1.29211,0.481167
5680000,0,-21.5262,627.761,2.51028,0.404
5700000,0,-21.66,625.226,0.633536,0.405
5720000,0,-22.0401,627.576,0.34013,0.442
5740000,1,-31.4692,624.281,6.32976,0.453316
5760000,1,-31.9293,625.557,3.01915,0.364
5780000,1,-31.0194,625.676,1.11938,0.462
5800000,0,-20.8826,626.428,1.55511,0.449833
5820000,1,-32.7262,624.433,0.34621,0.596
5840000,0,-21.407,627.954,1.58429,0.420167
5860000,0,-20.706,626.077,1.04502,0.444
5880000,1,-31.4591,624.814,2.22305,0.423
5900000,0,-20.6542,627.305,0.108223,0.397
5920000,1,-31.3549,625.68,2.05009,0.4815
5940000,1,-31.5242,625.153,0.442387,0.466
5960000,0,-20.9852,626.913,1.20853,0.419333
5980000,0,-20.2432,625.884,1.10046,0.438857
6000000,0,-21.2089,626.222,0.0822047,0.446
6020000,0,-21.3092,627.469,0.0579881,0.423
6040000,0,-21.5955,627.246,0.0136893,0.52825
6060000,0,-21.0835,626.899,0.676458,0.438
6080000,1,-32.1,626.939,0.417451,0.429
6100000,0,-20.4183,626.334,0.538289,0.582
6120000,0,-21.6997,627.095,0.497119,0.409
6140000,0,-21.5019,627.018,0.152695,0.362
6160000,0,-21.715,626.42,1.17653,0.413
6180000,0,-20.6958,625.745,0.74348,0.478
6200000,3,-55.1848,626.853,3.65366,0.644
6220000,0,-21.7775,623.974,0.317111,0.414
6240000,0,-21.803,627.676,0.682641,0.41775
6260000,0,-21.9558,626.414,0.572482,0.375
6280000,0,-21.0842,626.204,0.357662,0.404
6300000,0,-20.9906,627.599,1.39244,0.443
6320000,1,-32.1584,627.946,0.0938929,0.3895
6340000,0,-20.9802,626.421,3.05828,0.389667
6360000,0,-22.7312,623.847,1.51026,0.368
6380000,2,-39.9936,625.824,4.58036,0.4965
6400000,0,-20.6012,626.827,0.811528,0.450419
6420000,0,-21.5223,625.971,0.0137543,0.359
6440000,1,-32.4221,627.313,1.13419,0.5445
6460000,1,-32.3317,631.472,1.08416,0.47415
6480000,0,-21.1677,627.68,0.116236,0.4782
6500000,1,-32.8479,624.241,2.80599,0.448333
6520000,0,-21.1878,627.286,2.07802,0.43
6540000,0,-21.1251,626.584,0.152868,0.463429
6560000,0,-22.588,625.429,0.0282879,0.435667
6580000,1,-31.5835,624.375,1.87585,0.431
6600000,0,-21.0074,625.194,2.0177,0.409
6620000,3,-52.0283,629.181,3.37129,0.5375
6640000,0,-21.1702,627.509,1.34473,0.421
6660000,1,-31.1032,622.697,1.81809,0.447
6680000,0,-19.8191,624.604,1.61345,0.356
6700000,1,-30.6888,629.159,2.68545,0.4697
6720000,0,-20.6143,624.34,3.07684,0.437
6740000,0,-21.8305,627.785,2.87431,0.379
6760000,0,-21.0573,626.143,1.54189,0.379
6780000,0,-21.1573,627.336,1.01658,0.44595
6800000,1,-30.433,624.756,0.831855,0.406778
6820000,0,-20.6925,625.468,0.0870373,0.393
6840000,0,-21.0242,626.72,3.92429,0.444222
6860000,1,-31.6882,624.765,1.27672,0.551
6880000,0,-20.8071,626.049,0.678239,0.461375
6900000,0,-20.8397,627.079,0.0175773,0.41
6920000,2,-41.214,627.569,5.31867,0.5015
6940000,0,-20.5029,627.033,0.0664908,0.487
6960000,0,-20.9451,625.002,1.9155,0.36
6980000,0,-21.0825,627.571,0.214331,0.437
7000000,0,-21.9742,626.313,1.61407,0.458833
7020000,0,-20.5626,625.286,1.46203,0.415714
7040000,1,-31.0283,628.362,1.25445,0.472091
7060000,0,-21.3549,626.716,0.137599,0.467
7080000,0,-20.7722,627.125,0.72823,0.4496
7100000,0,-21.3977,627.073,0.0605139,0.4745
7120000,0,-20.2975,625.918,0.0466641,0.44305
7140000,0,-20.1379,625.727,2.22869,0.478556
7160000,0,-20.364,626.359,0.582085,0.4295
7180000,0,-21.4244,627.557,0.337968,0.385
7200000,0,-22.1067,626.374,1.07599,0.416
7220000,0,-21.407,624.735,2.62069,0.408333
7240000,0,-21.1058,626.823,0.0485439,0.443
7260000,0,-20.3772,626.071,2.51457,0.485667
7280000,3,-54.5759,626.066,2.27821,0.47
7300000,0,-20.6881,626.28,0.542722,0.4386
7320000,0,-21.3563,627.463,0.23578,0.504
7340000,0,-20.6157,627.356,0.567302,0.367
7360000,0,-19.836,624.02,0.801949,0.519
7380000,0,-20.7491,626.594,0.162588,0.4635
7400000,0,-20.9772,627.388,0.418548,0.417333
7420000,0,-20.6965,625.188,0.295981,0.395
7440000,0,-21.0918,627.112,0.694482,0.449
7460000,0,-20.6264,626.209,0.101786,0.5255
7480000,0,-21.4154,626.752,0.148817,0.441667
7500000,0,-21.6567,623.764,0.489114,0.397
7520000,0,-20.9686,622.02,0.554214,0.428
7540000,0,-22.3718,626.239,0.956999,0.427
7560000,0,-21.5001,625.544,0.215186,0.607667
7580000,0,-20.1833,625.478,0.393501,0.374
7600000,0,-20.3104,624.984,0.196133,0.454
7620000,0,-21.1052,626.574,0.285443,0.4334
7640000,0,-20.8835,622.032,2.76048,0.406
7660000,0,-20.4343,626.179,1.71756,0.394
7680000,0,-21.7276,624.954,0.79973,0.373
7700000,0,-20.3841,626.464,0.846841,0.53275
7720000,0,-21.0811,625.466,1.03431,0.431667
7740000,0,-21.4932,624.473,0.301841,0.452
7760000,0,-21.3582,627.766,0.262943,0.411
7780000,0,-21.5103,627.679,1.24638,0.524
7800000,0,-21.2618,624.149,0.483999,0.427143
7820000,0,-21.3155,625.598,1.64046,0.369
7840000,1,-31.619,631.346,3.17039,0.596
7860000,0,-20.7807,627.18,0.261282,0.387
7880000,0,-21.3761,627.207,1.89977,0.491143
7900000,1,-31.748,625.441,1.75918,0.4115
7920000,0,-19.7092,624.106,0.97751,0.3845
7940000,0,-21.5605,627.677,0.79552,0.41
7960000,0,-20.8301,626.265,0.156883,0.450882
7980000,0,-20.3189,626.536,0.0112417,0.457
8000000,0,-19.6937,622.529,2.32409,0.451667
8020000,0,-20.3887,625.761,0.0765998,0.363
8040000,0,-20.7893,627.176,1.49168,0.34
8060000,1,-32.0428,626.085,2.85512,0.56
8080000,0,-20.6105,626.832,0.0983738,0.469357
8100000,0,-22.531,625.142,0.195672,0.39425
8120000,0,-21.2044,626.955,2.22338,0.433381
8140000,0,-20.6831,627.025,0.0474935,0.41
8160000,1,-33.3906,625.676,1.54994,0.47025
8180000,0,-21.0757,627.065,0.788982,0.438
8200000,0,-21.8823,626.676,0.0805578,0.372
8220000,2,-43.4031,622.063,3.20273,0.659
8240000,0,-20.9818,626.153,0.289343,0.33
8260000,0,-22.0483,626.002,1.33361,0.396
8280000,1,-31.5131,626.514,0.953994,0.417
8300000,0,-20.2012,624.79,0.176481,0.438952
8320000,0,-21.5268,624.755,2.35258,0.53
8340000,0,-21.3412,626.567,0.260116,0.374
8360000,2,-41.8775,624.36,1.23294,0.52425
8380000,2,-42.1904,622.8,1.99432,0.4535
8400000,0,-20.1337,624.525,1.39365,0.389
8420000,1,-31.5286,625.724,0.563376,0.424778
8440000,0,-20.9408,627.077,0.283498,0.486
8460000,0,-22.003,627.175,1.03379,0.5186
8480000,0,-20.829,625.37,1.27536,0.437714
8500000,0,-21.8911,626.46,0.703709,0.517333
8520000,0,-21.0711,624.639,1.38474,0.375
8540000,2,-43.7594,626.374,1.35387,0.48
8560000,0,-21.5139,627.2,0.443871,0.388
8580000,0,-21.4728,627.875,1.65239,0.396
8600000,0,-20.5161,624.973,0.00923696,0.388
8620000,0,-20.8348,626.419,0.663638,0.552
8640000,1,-33.0431,629.872,1.97159,0.4235
8660000,4,-65.5225,627.37,6.5649,0.432111
8680000,0,-21.2354,626.208,0.695164,0.450375
8700000,0,-21.698,626.521,0.703057,0.393
8720000,0,-21.8211,626.011,0.0359219,0.423
8740000,0,-20.8212,626.301,1.48515,0.465167
8760000,0,-21.4842,628.02,0.370233,0.43625
8780000,0,-21.1337,627.065,0.564795,0.429
8800000,0,-20.6515,625.997,1.2004,0.412
8820000,0,-20.8386,625.157,0.477563,0.4345
8840000,0,-20.6854,626.654,0.582585,0.404
8860000,0,-21.1535,626.861,0.429256,0.4915
8880000,1,-29.8867,625.875,1.21765,0.368
8900000,0,-20.847,626.255,0.374259,0.439529
8920000,0,-20.3985,626.039,0.541505,0.4132
8940000,3,-54.9556,619.317,9.23603,0.50325
8960000,0,-21.4662,627.307,0.557709,0.408
8980000,0,-21.6219,625.52,0.305898,0.407
9000000,1,-30.8731,625.168,0.474931,0.4905
9020000,0,-21.8623,627.502,0.572391,0.509867
9040000,0,-22.8964,625.867,0.331405,0.442909
9060000,0,-21.8243,625.499,0.630798,0.387333
9080000,0,-19.7945,624.287,1.99182,0.4144
9100000,1,-29.2615,623.407,0.685944,0.504
9120000,2,-42.0931,620.327,5.99643,0.382
9140000,0,-20.4914,623.944,0.108266,0.368
9160000,1,-31.9192,628.737,5.69829,0.503333
9180000,0,-21.6112,627.522,2.5943,0.398
9200000,1,-30.7693,627.7,2.96988,0.472
9220000,0,-19.3421,622.211,0.112474,0.44675
9240000,1,-30.4038,625.654,1.65317,0.475
9260000,1,-32.3605,625.482,0.501926,0.439667
9280000,0,-20.1954,626.268,1.03698,0.427
9300000,0,-21.7788,626.286,0.824073,0.450538
9320000,0,-20.782,627.416,1.05094,0.4094
9340000,0,-20.7209,627.09,0.356049,0.539
9360000,0,-20.6302,627.113,0.0506052,0.376
9380000,0,-21.0967,626.926,0.638039,0.435636
9400000,0,-20.737,623.435,0.644635,0.412
9420000,0,-21.4537,626.403,1.53412,0.4795
9440000,0,-20.046,623.014,1.34605,0.391
9460000,0,-22.0743,626.171,0.912568,0.398
9480000,0,-21.0174,626.876,3.25039,0.44
9500000,1,-30.2514,625.903,3.9126,0.527667
9520000,0,-21.0782,625.421,2.82978,0.4405
9540000,1,-30.122,624.546,1.88599,0.4008
9560000,0,-21.3689,627.045,0.681258,0.4
9580000,1,-31.4792,627.26,1.5707,0.559
9600000,0,-20.5538,625.189,1.58547,0.457
9620000,0,-20.6616,626.498,0.449333,0.401
9640000,1,-34.1042,621.145,4.67549,0.445
9660000,1,-32.3796,622.113,1.60691,0.5145
9680000,0,-21.5008,626.705,0.201237,0.453
9700000,0,-21.1223,625.559,0.152202,0.395
9720000,0,-21.2614,625.521,2.17487,0.453778
9740000,0,-21.9431,627.119,0.654139,0.456
9760000,2,-47.6097,622.51,3.18744,0.478
9780000,0,-20.7348,627.424,2.62467,0.401
9800000,0,-20.419,625.326,0.0322667,0.347
9820000,0,-21.5498,627.832,4.75862,0.447
9840000,1,-34.1498,630.122,4.29336,0.522
9860000,0,-20.8249,626.235,0.403592,0.409
9880000,0,-21.0867,626.678,2.37003,0.422
9900000,0,-21.3397,627.49,1.49775,0.51
9920000,0,-21.0849,626.457,0.551771,0.4192
9940000,0,-20.5647,626.655,0.589225,0.405
9960000,1,-31.7577,626.986,3.29864,0.4195
9980000,0,-21.6687,627.109,1.07959,0.5365
10000000,0,-20.8038,626.864,0.539037,0.398
10020000,0,-20.8552,627.388,0.643232,0.6
10040000,0,-21.7301,627.514,0.0173614,0.405167
10060000,0,-21.3377,626.044,0.86027,0.402
10080000,0,-21.4456,627.186,0.611631,0.473231
10100000,1,-32.1783,623.471,5.11059,0.496308
10120000,0,-20.6323,625.565,0.0118068,0.4682
10140000,0,-19.9192,622.529,1.22672,0.453333
10160000,0,-22.0953,626.79,0.323553,0.4486
10180000,0,-20.7,626.41,0.57877,0.4495
10200000,0,-20.6449,627.105,0.21855,0.487
10220000,0,-20.5513,627.152,1.49103,0.513
10240000,0,-20.6248,626.206,0.460367,0.4504
10260000,0,-21.1169,627.634,2.34175,0.3605
10280000,1,-31.4452,625.181,0.998472,0.643
10300000,0,-21.12,626.477,0.0578085,0.469
10320000,0,-20.4905,626.239,0.0978796,0.435769
10340000,1,-31.3272,626.176,2.85589,0.436
10360000,0,-21.3807,627.652,1.07259,0.411333
10380000,1,-31.7133,623.342,1.14064,0.42125
10400000,1,-32.5173,629.095,1.4043,0.57025
10420000,0,-20.6941,626.003,1.83878,0.397
10440000,0,-21.0952,627.055,0.324195,0.479
10460000,0,-20.9953,627.202,0.643387,0.435
10480000,0,-20.8069,626.447,0.0754333,0.489
10500000,3,-54.7244,631.691,1.83204,0.624
10520000,0,-21.226,626.843,1.61203,0.4206
10540000,0,-21.5272,627.77,0.60103,0.373
10560000,0,-20.2835,625.645,0.0535061,0.384
10580000,0,-20.7971,625.227,0.217572,0.547
10600000,1,-31.3668,629.442,5.09827,0.429
10620000,0,-21.0358,627.154,2.11687,0.498
10640000,0,-19.4969,621.954,0.0984249,0.406667
10660000,0,-21.8606,627.786,2.16029,0.372
10680000,0,-20.67,626.659,0.254058,0.392
10700000,0,-21.3558,627.004,0.905641,0.455
10720000,0,-21.3026,626.9,0.831041,0.404
10740000,0,-20.5086,625.636,1.03021,0.472
10760000,0,-21.3651,626.586,0.566873,0.472
10780000,1,-31.094,626.038,1.86568,0.582
10800000,1,-30.3485,625.676,2.52816,0.44925
10820000,1,-32.5782,631.59,2.45363,0.535
10840000,0,-20.3408,626.181,0.212531,0.409
10860000,0,-19.9456,624.887,1.99171,0.403
10880000,0,-22.5332,624.799,0.0101299,0.437
10900000,0,-20.3332,626.481,2.51888,0.401
10920000,1,-30.0262,629.334,1.25529,0.456667
10940000,1,-31.9352,625.419,2.16027,0.466667
10960000,0,-22.4232,626.95,0.994112,0.460412
10980000,2,-42.5384,625.19,2.04356,0.463
11000000,0,-20.9887,627.477,0.938472,0.371
11020000,0,-21.8562,624.265,1.0794,0.426
11040000,0,-20.2572,625.991,0.357475,0.459
11060000,0,-20.4949,626.212,0.805173,0.425667
11080000,0,-21.8759,626.933,0.0982036,0.519
11100000,0,-20.8099,627.052,0.461693,0.386
11120000,0,-21.2933,627.115,0.494348,0.385
11140000,0,-20.8483,626.284,0.601789,0.513
11160000,0,-20.267,625.765,0.11746,0.465222
11180000,0,-20.2592,624.615,0.0414526,0.375
11200000,0,-20.7283,624.432,0.183512,0.42475
11220000,2,-46.5932,626.1,4.46097,0.425667
11240000,0,-21.9685,627.194,0.650457,0.46288
11260000,0,-21.1393,625.59,2.31671,0.419222
11280000,0,-21.2881,627.64,0.626873,0.43
11300000,0,-19.6666,620.718,0.775196,0.499
11320000,0,-22.0338,623.521,0.207307,0.4379
11340000,0,-20.1425,626,0.327005,0.415
11360000,1,-31.2447,628.359,4.28849,0.474333
11380000,0,-20.9654,627.377,4.9619,0.381
11400000,0,-21.4463,626.857,0.0890727,0.52
11420000,0,-20.9908,626.771,0.529552,0.5295
11440000,0,-20.7814,626.644,1.35515,0.399
11460000,0,-20.6375,624.274,0.241711,0.501
11480000,0,-21.4138,626.743,0.11342,0.455
11500000,0,-21.9969,626.383,1.80285,0.433
11520000,0,-21.1827,627.842,3.18212,0.389
11540000,0,-21.7855,626.338,1.09424,0.437786
11560000,0,-21.194,627.089,0.174089,0.349
11580000,0,-22.0867,624.608,0.554196,0.476167
11600000,0,-21.235,626.761,0.14353,0.4769
11620000,0,-20.632,625.218,1.05274,0.472
11640000,0,-20.8102,624.475,0.391714,0.378
11660000,0,-21.2889,626.524,1.84399,0.409
11680000,0,-21.2493,626.569,0.976321,0.404
11700000,0,-20.6946,623.214,1.15329,0.4175
11720000,0,-22.2706,625.789,0.223684,0.376
11740000,0,-20.9828,627.59,0.14106,0.359
11760000,1,-31.9038,631.578,6.65379,0.626
11780000,0,-20.4794,624.916,0.270396,0.347
11800000,0,-21.8705,627.377,0.306274,0.49
11820000,1,-31.2105,626.797,3.09244,0.43
11840000,1,-31.3305,624.178,3.18739,0.4285
11860000,0,-21.1354,627.188,0.291185,0.523
11880000,0,-22.7779,625.14,0.864182,0.377
11900000,1,-32.1165,624.707,1.65551,0.543333
11920000,0,-20.4657,625.295,3.88858,0.461
11940000,0,-20.6652,626.067,0.894737,0.434417
11960000,1,-32.4462,626.348,0.181796,0.3875
11980000,1,-33.345,625.538,0.0905383,0.42275
12000000,0,-19.9897,624.329,0.82557,0.4165
12020000,0,-20.2079,626.135,0.365584,0.449
12040000,0,-21.1083,627.053,0.486525,0.379
12060000,0,-20.3406,625.559,0.837896,0.414
12080000,0,-21.1925,627.615,0.0486629,0.4215
12100000,0,-22.6013,623.62,0.910235,0.380667
12120000,0,-21.2706,626.148,0.192482,0.368
12140000,0,-21.4338,627.19,1.52168,0.37
12160000,0,-21.0198,627.888,0.170999,0.426
12180000,0,-20.8797,627.214,1.94916,0.376
12200000,3,-53.4002,629.039,3.70062,0.544
12220000,1,-33.0786,623.939,1.03576,0.442
12240000,0,-20.9944,624.629,0.42814,0.386
12260000,0,-20.5994,626.464,0.763015,0.391
12280000,1,-29.81,621.738,1.2786,0.391
12300000,0,-21.7071,624.161,2.81415,0.611111
12320000,0,-23.0402,625.156,0.317764,0.443
12340000,0,-22.1434,627.317,0.62673,0.384
12360000,0,-21.5074,627.34,0.103897,0.475
12380000,1,-32.1209,626.638,4.15781,0.447333
12400000,0,-21.6862,626.102,0.618237,0.396
12420000,0,-20.8805,625.789,3.89548,0.366
12440000,0,-21.9038,625.925,1.20882,0.40225
12460000,1,-30.8584,625.725,2.34905,0.5868
12480000,0,-21.2479,626.344,0.948509,0.46
12500000,0,-21.5278,627.42,0.66485,0.399875
12520000,0,-20.6335,627.089,0.968689,0.490737
12540000,0,-20.7166,625.188,0.144211,0.381
12560000,0,-20.9115,626.118,0.806569,0.394
12580000,0,-20.2726,624.737,0.956844,0.38175
12600000,0,-21.3422,624.564,1.79139,0.399
12620000,0,-21.2107,625.552,0.372037,0.416
12640000,0,-20.2812,625.388,1.04725,0.395
12660000,0,-21.1551,625.812,0.513033,0.4065
12680000,0,-21.6743,627.661,1.59312,0.418
12700000,0,-21.6864,624.509,0.771251,0.4925
12720000,0,-20.7495,626.622,0.388781,0.436857
12740000,1,-32.2396,624.842,1.13097,0.43852
12760000,2,-40.9631,621.927,4.23333,0.441
12780000,0,-21.7835,627.441,0.112944,0.427167
12800000,0,-20.6129,625.859,1.07321,0.479
12820000,0,-20.2782,626.062,1.14334,0.457
12840000,0,-19.9753,623.841,2.24776,0.47825
12860000,1,-33.8786,624.635,2.09423,0.414
12880000,0,-20.9284,626.268,1.13862,0.371
12900000,0,-21.7777,625.77,0.140631,0.363
12920000,1,-32.866,625.52,0.644968,0.52975
12940000,1,-34.2764,624.974,1.37605,0.415
12960000,0,-21.0327,627.419,0.201023,0.4165
12980000,0,-21.074,623.223,2.36224,0.465
13000000,0,-22.0182,625.33,0.171897,0.508
13020000,0,-19.7526,621.322,0.733754,0.4066
13040000,0,-20.8612,624.804,0.214706,0.387
13060000,1,-30.8714,627.938,0.311093,0.461
13080000,0,-20.6952,626.159,0.950525,0.420875
13100000,1,-31.6498,625.718,0.860289,0.468
13120000,1,-29.6512,625.005,1.23923,0.5615
13140000,2,-44.3947,624.736,3.70034,0.43075
13160000,0,-20.7249,625.836,0.554241,0.444267
13180000,3,-53.4627,624.885,4.50922,0.445375
13200000,0,-21.8243,627.038,0.454513,0.4534
13220000,1,-33.6539,625.486,1.92117,0.436
13240000,0,-21.1863,627.093,1.1744,0.418333
13260000,0,-21.3459,627.199,0.0794944,0.409
13280000,0,-21.3791,626.645,0.446506,0.395
13300000,1,-31.5552,624.189,2.08912,0.445
13320000,0,-20.6269,625.766,1.17016,0.371
13340000,1,-29.9347,626.186,1.3079,0.409
13360000,0,-21.5787,627.566,3.66362,0.382
13380000,0,-20.8764,622.308,1.78803,0.401
13400000,0,-21.1868,627.667,0.682348,0.407
13420000,0,-20.6639,626.81,1.52156,0.367
13440000,0,-21.6359,627.837,0.179033,0.438
13460000,0,-21.4773,627.634,0.839949,0.349
13480000,0,-21.0445,627.068,0.398614,0.4106
13500000,0,-20.9761,626.394,1.62056,0.377
13520000,0,-21.5095,627.277,1.29708,0.393
13540000,0,-20.6932,625.648,0.030831,0.4645
13560000,1,-30.1522,627.791,0.968525,0.39
13580000,0,-20.4657,626.162,0.630226,0.4126
13600000,1,-30.6077,626.759,1.33689,0.442
13620000,2,-43.7507,624.371,5.33977,0.541
13640000,0,-21.711,627.375,2.03349,0.383
13660000,0,-20.6592,625.901,0.576572,0.454
13680000,0,-20.1077,624,1.47015,0.4422
13700000,0,-20.2625,625.764,0.199186,0.374
13720000,0,-20.1838,624.42,2.40713,0.3855
13740000,0,-21.4754,627.354,0.456824,0.483
13760000,0,-20.3307,623.986,1.80597,0.3924
13780000,0,-22.1255,626.654,0.364489,0.422
13800000,1,-33.1999,622.714,2.31049,0.4
13820000,0,-21.9727,627.738,0.534044,0.494
13840000,0,-21.2804,627.497,0.0507036,0.452
13860000,0,-21.1078,627.317,0.889645,0.511
13880000,0,-22.289,625.579,1.3137,0.39675
13900000,0,-22.1963,627.244,0.50504,0.371333
13920000,1,-30.7857,625.973,1.03605,0.475625
13940000,0,-21.2932,626.446,0.0777361,0.417125
13960000,0,-20.294,625.412,0.870685,0.376
13980000,0,-20.7861,626.483,0.194051,0.477846
14000000,0,-21.0436,627.64,0.392577,0.443462
14020000,0,-21.2461,626.936,2.74042,0.408
14040000,0,-22.454,626.49,1.21134,0.3928
14060000,1,-34.244,628.314,2.88617,0.40575
14080000,0,-20.9448,627.052,0.552959,0.467
14100000,0,-21.0323,626.499,0.505455,0.462
14120000,0,-20.6968,627.186,0.909029,0.4765
14140000,0,-21.3093,626.944,1.40103,0.483
14160000,0,-21.6976,627.137,0.59179,0.475
14180000,1,-32.408,627.282,0.433968,0.473538
14200000,0,-20.9262,626.469,0.700091,0.4516
14220000,1,-33.6913,625.548,1.24118,0.403
14240000,1,-30.569,627.171,1.69721,0.431077
14260000,0,-21.3062,625.738,0.0888327,0.502889
14280000,0,-22.0418,625.48,0.0104069,0.379
14300000,0,-21.8695,624.788,0.733042,0.5036
14320000,1,-33.5555,625.022,2.37812,0.482842
14340000,0,-21.3947,624.392,0.670715,0.371
14360000,0,-19.8839,624.418,1.50001,0.371
14380000,0,-20.7182,624.774,0.0064678,0.4475
14400000,0,-22.4029,624.989,0.43565,0.399
14420000,0,-20.1576,624.415,0.12916,0.448
14440000,0,-21.4377,627.672,1.47447,0.398
14460000,0,-20.298,626.232,2.18281,0.446
14480000,0,-21.0219,626.885,0.76194,0.372
14500000,0,-20.9218,627.298,1.21384,0.402
14520000,1,-28.6594,618.786,0.416925,0.424
14540000,2,-44.4243,624.969,2.86758,0.51
14560000,0,-20.0374,623.705,0.25212,0.460909
14580000,0,-20.6556,625.349,1.47689,0.405
14600000,0,-20.9349,627.658,0.505231,0.4275
14620000,0,-21.7716,626.818,1.46613,0.373
14640000,0,-21.1117,627.849,0.193152,0.41
14660000,0,-21.0944,627.109,1.76581,0.4565
14680000,0,-19.8237,623.27,1.04841,0.432238
14700000,0,-20.4661,626.101,2.0945,0.437
14720000,0,-20.1559,625.579,1.81764,0.474
14740000,0,-19.9093,624.753,0.93398,0.382
14760000,0,-20.7647,625.623,0.251143,0.376
14780000,0,-21.8559,626.192,0.829431,0.359
14800000,0,-21.6379,627.669,1.46453,0.5425
14820000,0,-22.0808,627.22,0.209417,0.43075
14840000,0,-21.9124,627.252,0.206881,0.365333
14860000,0,-20.9239,625.747,0.313354,0.349
14880000,0,-20.44,625.975,0.923535,0.4757
14900000,1,-29.8129,625.168,2.88227,0.418
14920000,0,-21.0885,627.42,1.50674,0.418
14940000,0,-20.7235,622.42,2.36412,0.48075
14960000,0,-21.3031,628,0.280593,0.458571
14980000,0,-20.5496,625.985,2.29913,0.43575
15000000,0,-21.6262,625.508,1.11462,0.434333
15020000,0,-20.5455,626.964,0.874322,0.508
15040000,0,-21.2372,624.65,0.579605,0.379333
15060000,0,-23.0715,620.792,0.446571,0.4125
15080000,0,-22.0615,626.617,0.569882,0.389
15100000,1,-30.64,624.039,5.55553,0.422
15120000,0,-21.4471,625.901,0.356502,0.471
15140000,0,-20.9809,627.651,0.0185795,0.543
15160000,0,-22.1925,625.798,0.95037,0.418
15180000,0,-21.1132,627.798,3.66169,0.384
15200000,0,-20.8071,626.281,0.0372194,0.539
15220000,0,-20.9647,626.321,2.18016,0.4606
15240000,0,-21.7463,627.225,0.10652,0.424556
15260000,0,-21.1326,626.039,0.14621,0.447571
15280000,0,-20.4956,624.711,1.20925,0.386
15300000,0,-21.6951,626.88,1.73871,0.45
15320000,2,-41.2667,627.75,3.52888,0.472
15340000,0,-21.0194,625.399,0.0272794,0.386
15360000,0,-20.6818,627.312,0.0586957,0.47
15380000,0,-20.7381,620.8,0.371002,0.386
15400000,0,-20.9036,625.416,1.09929,0.4364
15420000,1,-31.5172,627.602,1.42563,0.4204
15440000,0,-20.2372,625.667,0.610385,0.398
15460000,0,-21.7105,627.341,3.43996,0.365
15480000,0,-20.6077,626.844,0.804674,0.622
15500000,0,-21.1169,627.014,1.38541,0.421
15520000,0,-21.1317,626.83,0.157441,0.445
15540000,0,-22.4431,624.62,0.893587,0.45
15560000,0,-20.1898,624.123,0.335638,0.455154
15580000,0,-20.9594,626.667,0.523394,0.47975
15600000,0,-20.168,622.644,0.710146,0.4
15620000,0,-20.3115,624.191,2.21441,0.493
15640000,0,-20.3701,626.188,0.418492,0.3925
15660000,0,-20.6063,625.179,0.410101,0.440192
15680000,4,-60.1125,627.736,3.04545,0.656
15700000,0,-21.3236,626.17,2.15895,0.4207
15720000,0,-20.4225,626.148,0.209924,0.384
15740000,1,-29.5259,626.873,0.777398,0.476
15760000,1,-30.9952,627.105,1.73265,0.588
15780000,0,-21.3453,626.323,1.9129,0.409
15800000,0,-20.1238,623.973,0.705911,0.375
15820000,1,-32.858,625.642,0.112265,0.404
15840000,0,-20.8201,627.023,0.393583,0.374
15860000,0,-21.9489,623.589,1.14902,0.427
15880000,0,-22.0654,627.023,0.642238,0.362
15900000,1,-33.1478,629.676,3.66562,0.527
15920000,0,-22.0579,627.193,0.312742,0.421
15940000,0,-21.2253,624.797,0.0522151,0.366
15960000,0,-21.5138,624.092,0.428809,0.417833
15980000,0,-21.15,626.258,0.459745,0.457333
16000000,2,-41.3359,626.005,4.7356,0.579
16020000,0,-20.6085,627.035,0.567657,0.516
16040000,0,-20.9152,623.596,0.45532,0.442
16060000,0,-21.0859,627.166,0.264894,0.527692
16080000,0,-21.2291,624.546,0.610864,0.428
16100000,0,-21.1055,627.776,0.311713,0.4035
16120000,0,-19.7621,622.429,1.46783,0.47819
16140000,0,-20.3185,625.808,0.470932,0.456857
16160000,0,-20.5363,626.664,3.18719,0.58
16180000,0,-20.9159,627.491,0.579854,0.467143
16200000,0,-20.5896,623.028,0.996948,0.4105
16220000,0,-22.2955,625.257,0.245569,0.439
16240000,0,-20.5615,627.097,0.0732108,0.411
16260000,0,-20.7722,625.342,0.341786,0.419294
16280000,1,-32.5578,625.83,2.91871,0.416
16300000,1,-33.9802,631.228,2.58346,0.622
16320000,0,-21.3512,625.669,8.61534,0.456429
16340000,1,-30.8434,625.947,3.06429,0.428
16360000,0,-21.2237,624.57,1.28167,0.359
16380000,0,-21.0269,626.574,1.56556,0.449
16400000,0,-22.4452,624.479,1.1118,0.38
16420000,0,-21.2779,627.825,0.0880574,0.47575
16440000,0,-20.8325,623.51,1.50901,0.451
16460000,0,-21.0148,627.568,0.205526,0.4595
16480000,3,-57.8091,631.566,2.52837,0.503875
16500000,0,-21.8749,626.566,0.455578,0.446
16520000,0,-21.874,625.701,0.855853,0.4005
16540000,0,-21.8873,626.726,0.445048,0.369
16560000,0,-21.2274,620.713,3.44541,0.45025
16580000,0,-21.2773,625.163,1.44997,0.464
16600000,0,-20.6684,623.776,0.214722,0.458
16620000,1,-31.5832,630.075,1.09189,0.472467
16640000,0,-20.5875,626.559,0.816509,0.456
16660000,0,-21.2005,626.758,0.521936,0.509286
16680000,0,-21.3779,627.28,0.650001,0.395333
16700000,0,-21.1683,627.015,0.225429,0.364
16720000,0,-21.1076,626.918,0.37178,0.406
16740000,1,-30.0692,622.928,1.94392,0.419154
16760000,0,-20.7796,626.035,1.04981,0.59325
16780000,0,-21.1202,627.05,1.62072,0.383
16800000,1,-33.0509,622.873,1.22425,0.456
16820000,1,-31.6613,625.88,6.66187,0.386
16840000,1,-31.5212,628.438,2.3057,0.539
16860000,0,-20.4183,625.22,1.81267,0.417
16880000,0,-20.9206,625.333,1.68187,0.407
16900000,1,-30.8341,625.656,2.31744,0.4026
16920000,0,-21.394,624.699,1.42312,0.342
16940000,0,-20.8282,626.934,0.717525,0.418
16960000,1,-32.2943,626.346,0.375111,0.584
16980000,0,-21.4385,626.238,0.605246,0.372
17000000,0,-21.0078,626.593,2.3211,0.41
17020000,0,-20.68,627.205,0.327526,0.4025
17040000,0,-20.919,626.74,2.64409,0.39
17060000,0,-20.7156,623.728,1.33486,0.562
17080000,0,-22.2567,626.855,3.04397,0.4675
17100000,0,-22.0343,626.144,0.0179691,0.440167
17120000,0,-21.4582,626.661,0.121266,0.377
17140000,0,-20.9461,626.452,0.223642,0.456222
17160000,0,-21.1554,626.561,0.417152,0.428
17180000,1,-32.5263,624.658,3.17726,0.45375
17200000,0,-21.725,623.404,0.264176,0.49125
17220000,0,-21.0898,623.207,0.137561,0.4546
17240000,2,-41.7452,632.759,1.74497,0.6555
17260000,0,-21.5976,627.096,1.78344,0.450692
17280000,0,-20.3155,625.689,0.342522,0.43575
17300000,0,-21.3574,618.606,0.0591205,0.361
17320000,0,-21.343,625.124,0.350771,0.433
17340000,0,-23.3538,624.086,0.137188,0.433667
17360000,0,-20.017,622.738,0.865601,0.417
17380000,0,-20.6968,626.285,0.401243,0.395667
17400000,0,-21.3894,627.341,0.900899,0.4083
17420000,0,-20.7031,624.344,1.15718,0.411
17440000,0,-21.0086,625.017,0.351237,0.42025
17460000,2,-43.9928,622.518,2.18621,0.639
17480000,1,-32.5605,625.852,0.634883,0.463
17500000,0,-20.412,626.837,0.957346,0.507
17520000,0,-20.8038,626.902,0.194096,0.371
17540000,1,-31.1193,629.946,3.02594,0.5025
17560000,0,-21.0747,627.69,0.268769,0.4102
17580000,0,-20.5258,626.652,0.0682843,0.448333
17600000,2,-44.4172,624.346,3.5939,0.422
17620000,0,-21.4361,625.709,0.0477808,0.52
17640000,0,-21.2622,627.194,1.61061,0.492375
17660000,0,-20.7088,625.31,0.00717194,0.529
17680000,0,-20.3203,626.05,0.159474,0.41
17700000,1,-31.4926,629.921,1.5611,0.4318
17720000,0,-20.0481,625.498,0.541052,0.46925
17740000,0,-21.2265,627.417,1.42103,0.424889
17760000,0,-22.0806,627.019,0.646858,0.379
17780000,2,-43.6686,622.043,2.13403,0.487667
17800000,0,-21.2494,626.758,0.93709,0.428
17820000,0,-20.937,627.726,0.0732774,0.39
17840000,0,-21.5385,626.926,1.87987,0.417
17860000,1,-30.3887,628.652,2.68018,0.415
17880000,0,-20.8993,625.882,0.0350184,0.505118
17900000,0,-20.9074,627.64,1.24968,0.429
17920000,0,-21.9145,626.303,2.81538,0.458
17940000,0,-20.6615,624.153,0.712325,0.469
17960000,0,-20.6628,623.824,0.935842,0.403
17980000,0,-22.4915,626.783,0.287101,0.484
18000000,0,-22.1342,626.155,5.34094,0.492
18020000,0,-21.6549,626.031,0.421589,0.486
18040000,0,-20.129,625.395,2.60461,0.417375
18060000,0,-22.7099,625.26,0.878119,0.385
18080000,0,-22.0189,623.427,0.0817902,0.456
18100000,1,-31.5221,626.012,2.63166,0.4378
18120000,2,-41.477,625.329,3.04606,0.443667
18140000,0,-21.2455,626.652,3.832,0.411
18160000,0,-20.3415,624.867,2.50872,0.41
18180000,0,-21.2306,626.306,1.1202,0.381
18200000,1,-31.5322,631.239,0.309903,0.4225
18220000,0,-21.5579,627.047,2.54017,0.474
18240000,0,-21.1149,626.97,0.577896,0.387
18260000,0,-20.4483,626.002,5.76367,0.4345
18280000,0,-21.6524,627.702,0.12656,0.399
18300000,0,-20.3783,625.549,1.04507,0.416
18320000,1,-31.0289,627.185,1.61226,0.557
18340000,1,-32.1529,629.438,3.99108,0.519
18360000,2,-41.3541,625.662,1.52261,0.511833
18380000,2,-41.7983,622.084,1.4641,0.44
18400000,0,-19.6176,622.837,0.060138,0.477
18420000,0,-19.991,625.161,0.0478826,0.443043
18440000,1,-34.6615,623.686,1.09058,0.43
18460000,2,-41.9066,624.55,6.43261,0.448289
18480000,0,-20.7422,626.344,2.12346,0.45475
18500000,0,-21.0881,626.535,0.107542,0.451
18520000,0,-21.465,626.163,2.45433,0.460045
18540000,0,-21.0444,627.329,0.662687,0.391
18560000,0,-21.2277,627.795,1.98569,0.45
18580000,0,-21.5564,627.423,0.250772,0.432
18600000,0,-20.9214,627.314,1.80542,0.436105
18620000,1,-33.2418,631.043,1.66093,0.4075
18640000,0,-20.8402,627.459,0.591804,0.432
18660000,0,-21.7993,627.671,1.57332,0.386
18680000,1,-35.2002,627.262,1.33672,0.4725
18700000,0,-21.2071,626.672,0.535317,0.476636
18720000,0,-20.9424,627.31,0.434503,0.357
18740000,0,-20.7946,626.641,1.4894,0.375
18760000,0,-21.6581,627.601,2.15539,0.358
18780000,0,-22.4366,625.016,0.236283,0.516
18800000,1,-31.9912,627.811,1.91033,0.475182
18820000,0,-20.6973,626.361,0.863411,0.437
18840000,0,-20.0991,625.425,0.133025,0.44
18860000,0,-20.8286,625.476,0.0723553,0.441143
18880000,0,-21.8429,627.165,0.233072,0.437286
18900000,0,-21.5834,626.508,0.488527,0.465
18920000,0,-21.0817,625.204,0.192762,0.389
18940000,0,-21.5737,628.01,0.753628,0.4751
18960000,2,-44.112,629.764,2.44909,0.458
18980000,0,-21.6242,626.754,1.01637,0.429
19000000,0,-21.4558,625.186,0.301836,0.351
19020000,0,-21.4475,627.715,2.08879,0.392833
19040000,1,-30.7773,627.842,3.09905,0.535
19060000,0,-20.7772,627.004,0.0529195,0.509
19080000,0,-20.5404,625.475,0.544412,0.475667
19100000,0,-20.8606,626.814,4.32298,0.562
19120000,0,-20.9299,626.526,1.79709,0.4375
19140000,1,-32.6663,624.58,0.315328,0.363
19160000,0,-20.4337,623.428,0.712734,0.388
19180000,1,-30.7021,627.803,1.00199,0.531
19200000,0,-21.4989,626.518,0.250205,0.4145
19220000,0,-21.2744,624.177,2.29527,0.344
19240000,0,-20.9608,627.088,1.84225,0.4272
19260000,1,-31.7692,625.395,2.54863,0.47
19280000,1,-29.6628,628.367,2.14928,0.513
19300000,1,-34.081,626.931,0.618073,0.479833
19320000,0,-21.8237,627.182,0.279373,0.459333
19340000,0,-21.0532,625.809,0.640961,0.386
19360000,0,-20.5005,626.657,0.164757,0.4
19380000,0,-21.0978,627.255,0.384458,0.362
19400000,0,-20.7528,626.418,0.396953,0.585
19420000,0,-21.4609,627.472,2.72176,0.3705
19440000,0,-20.9371,626.567,1.12874,0.441
19460000,2,-42.4516,624.909,0.981519,0.404
19480000,0,-20.483,625.014,1.15037,0.4338
19500000,0,-20.4954,625.819,0.987346,0.412
19520000,0,-19.8284,622.857,0.911505,0.359
19540000,1,-29.7568,627.865,1.56096,0.464286
19560000,1,-32.0032,625.059,1.64785,0.4762
19580000,0,-21.3457,623.741,1.4229,0.4485
19600000,1,-33.603,628.104,1.15285,0.489375
19620000,0,-21.2278,626.43,0.00415111,0.471
19640000,2,-42.9184,623.975,2.95553,0.440625
19660000,0,-20.8743,624.828,0.595591,0.4665
19680000,0,-21.1064,625.693,2.16843,0.3805
19700000,0,-21.3402,627.536,0.0587681,0.407667
19720000,1,-33.3267,627.271,2.70196,0.428
19740000,0,-20.8926,627.657,0.36302,0.369
19760000,2,-42.9912,628.923,0.928113,0.4445
19780000,0,-20.2474,624.243,0.23532,0.387
19800000,0,-21.2336,626.538,3.52534,0.465
19820000,1,-32.2386,625.171,1.20356,0.461
19840000,0,-20.63,626.356,0.765124,0.4
19860000,2,-46.0681,621.82,1.47613,0.664
19880000,0,-20.1748,626.009,2.07182,0.4591
19900000,0,-20.8554,623.217,1.06237,0.426556
19920000,0,-20.8307,627.011,7.62197,0.376
19940000,0,-20.4946,626.522,0.608375,0.4896
19960000,1,-30.9569,626.093,1.02241,0.55
19980000,1,-31.4236,626.683,5.98034,0.416
20000000,0,-21.1494,625.786,0.507959,0.549
20020000,0,-20.473,625.757,1.33594,0.4565
20040000,0,-21.6879,627.434,1.76794,0.378
20060000,0,-20.2001,626.05,0.0201455,0.4765
20080000,1,-31.3682,626.971,1.76512,0.393
20100000,0,-20.2629,621.091,0.699679,0.397
20120000,0,-20.3717,626.274,1.55398,0.354
20140000,0,-20.7025,626.293,2.23633,0.431
20160000,1,-32.1681,625.856,0.535948,0.3872
20180000,0,-22.5006,625.876,1.0021,0.504
20200000,0,-21.135,627.762,2.11821,0.383
20220000,0,-22.5182,626.471,2.88605,0.443286
20240000,0,-21.2038,626.7,3.10517,0.460333
20260000,0,-20.7493,624.994,0.332399,0.369
20280000,0,-20.5861,626.142,2.16325,0.52675
20300000,0,-20.7181,626.69,0.242508,0.402
20320000,0,-20.7184,625.533,0.530703,0.472957
20340000,0,-21.3192,626.495,1.61003,0.5135
20360000,0,-21.1595,627.48,0.0551349,0.408
20380000,0,-21.2966,625.97,0.446825,0.373
20400000,0,-21.1796,627.19,0.0190236,0.475605
20420000,0,-20.9886,627.496,3.73894,0.52
20440000,0,-20.9848,627.451,2.39727,0.424
20460000,0,-20.4394,623.845,3.67876,0.429
20480000,0,-21.7003,627.316,0.000772375,0.493
20500000,1,-34.1366,624.35,2.44378,0.397
20520000,0,-21.093,625.015,0.215512,0.420846
20540000,0,-21.6806,627.132,1.46643,0.429312
20560000,0,-20.1512,625.829,5.61612,0.394
20580000,0,-21.6676,626.903,2.36815,0.41575
20600000,0,-21.239,627.343,1.90338,0.425333
20620000,0,-20.352,625.436,0.933545,0.4248
20640000,0,-21.3257,627.562,0.434667,0.433
20660000,1,-30.0342,624.609,0.394329,0.464
20680000,0,-22.2087,625.763,0.754242,0.4225
20700000,0,-20.5886,626.954,1.86059,0.386
20720000,0,-21.2875,626.73,0.216262,0.388
20740000,0,-21.2712,625.437,1.81121,0.471714
20760000,0,-19.9185,624.49,0.361177,0.4395
20780000,1,-31.6162,627.108,1.31137,0.465125
20800000,1,-32.8776,628.12,5.52206,0.4835
20820000,0,-21.0746,622.958,0.329601,0.382
20840000,1,-30.6926,626.364,4.46937,0.425818
20860000,0,-21.2861,627.596,2.22493,0.434125
20880000,0,-21.1708,627.114,1.13882,0.4485
20900000,0,-21.6497,627.253,2.85281,0.4351
20920000,0,-21.0966,626.777,0.107462,0.434
20940000,0,-21.6875,626.577,0.237992,0.515182
20960000,0,-21.5462,624.846,0.131174,0.448
20980000,2,-44.6216,627.474,2.69376,0.5164
21000000,0,-21.9225,624.939,0.662302,0.405
21020000,1,-30.7742,632.042,2.31431,0.5762
21040000,0,-20.049,623.661,0.720653,0.380667
21060000,1,-32.1197,626.667,0.977723,0.431222
21080000,1,-32.3529,623.281,2.00286,0.446
21100000,0,-21.2179,627.067,1.33114,0.366
21120000,1,-30.2122,624.335,0.767421,0.4615
21140000,0,-21.7385,626.82,0.346576,0.394
21160000,0,-20.7046,627.082,0.215839,0.431
21180000,2,-40.8211,624.554,5.7502,0.553
21200000,0,-21.2665,625.974,0.802403,0.449
21220000,1,-33.0793,624.694,2.29369,0.452
21240000,0,-22.139,626.835,0.128435,0.494
21260000,0,-20.7638,627.308,1.12184,0.438
21280000,0,-20.3662,624.749,1.54892,0.440636
21300000,0,-21.4588,627.695,0.748449,0.411
21320000,0,-20.1461,621.675,0.326186,0.378
21340000,1,-31.6508,620.969,0.957308,0.47
21360000,0,-21.1633,623.79,0.742587,0.562
21380000,0,-21.2117,626.834,0.549001,0.431556
21400000,0,-21.422,625.817,0.132862,0.47325
21420000,0,-20.5344,626.481,1.09544,0.423
21440000,0,-20.2473,625.655,0.603463,0.369
21460000,0,-20.7244,626.73,1.12743,0.4
21480000,0,-20.0157,625.318,0.213465,0.364
21500000,1,-30.414,624.423,3.1349,0.401
21520000,0,-20.5841,626.349,0.187605,0.429
21540000,0,-20.9158,627.354,1.29232,0.366
21560000,0,-20.7015,625.076,0.345025,0.4074
21580000,0,-22.1915,626.48,0.0908596,0.4882
21600000,0,-21.0161,625.704,0.427085,0.41175
21620000,0,-20.4299,626.135,1.98504,0.384
21640000,0,-21.0862,627.083,0.246627,0.363
21660000,0,-20.9069,623.923,0.457776,0.423
21680000,1,-31.3877,629.554,2.60847,0.51
21700000,0,-19.8518,624.165,0.298026,0.41525
21720000,0,-21.2185,624.603,1.58039,0.515375
21740000,0,-20.9024,626.055,0.948227,0.389
21760000,0,-20.8447,627.599,1.47929,0.444857
21780000,0,-21.9196,626.954,0.806888,0.418
21800000,0,-20.0193,622.887,1.8902,0.404
21820000,0,-20.4547,626.254,0.35438,0.4245
21840000,0,-21.5064,627.021,1.63528,0.429
21860000,0,-20.8801,626.094,1.95762,0.411
21880000,1,-33.7045,626.697,4.60901,0.385
21900000,0,-21.6363,627.15,3.12466,0.364
21920000,2,-42.6602,634.309,2.12608,0.53325
21940000,0,-20.6322,626.87,3.02465,0.397667
21960000,0,-21.4609,622.563,0.184886,0.392
21980000,3,-50.8595,621.001,5.73486,0.433
22000000,0,-20.7412,626.656,1.62769,0.38
22020000,2,-44.3365,623.013,3.29393,0.488563
22040000,1,-32.0719,627.77,2.37806,0.394
22060000,0,-21.5259,624.764,1.74928,0.532
22080000,2,-44.9757,630.119,3.10329,0.644
22100000,0,-21.3393,626.783,0.729151,0.427143
22120000,0,-21.6205,627.966,0.835854,0.413
22140000,1,-32.2385,625.593,1.54527,0.4258
22160000,1,-30.4829,624.396,4.29281,0.648
22180000,0,-19.9657,622.147,0.680741,0.378
22200000,1,-31.4667,623.91,8.56281,0.407
22220000,0,-20.2221,625.041,1.73144,0.50625
22240000,0,-20.6607,625.08,0.74672,0.50575
22260000,0,-20.4187,624.047,0.682892,0.429
22280000,0,-20.2848,626.261,0.562296,0.395
22300000,0,-20.3349,622.557,0.164776,0.4945
22320000,0,-19.9575,622.12,0.0672838,0.384
22340000,0,-20.2167,626.108,2.34,0.417
22360000,0,-21.5094,627.736,0.177269,0.584
22380000,0,-21.3506,627.894,0.0766279,0.456818
22400000,0,-21.741,626.965,1.62059,0.429167
22420000,1,-32.7661,624.136,3.85259,0.376
22440000,0,-22.2042,627.358,0.888067,0.537143
22460000,0,-21.2758,625.937,0.252053,0.4925
22480000,0,-20.2843,624.85,0.754295,0.51875
22500000,1,-31.0095,625.83,3.1801,0.433
22520000,0,-21.9075,626.893,1.08831,0.4674
22540000,0,-20.9869,627.456,0.990339,0.393
22560000,0,-22.0381,626.903,2.19331,0.366
22580000,0,-22.1707,623.834,0.127975,0.455
22600000,0,-21.292,626.529,0.218041,0.394
22620000,0,-21.8114,627.583,0.238982,0.398
22640000,0,-21.3124,627.728,3.43528,0.464
22660000,0,-21.553,627.627,0.688039,0.402889
22680000,0,-22.0769,625.573,0.568525,0.456
22700000,1,-31.5189,625.205,3.02518,0.487
22720000,0,-21.4254,627.674,0.323744,0.399
22740000,0,-21.3563,627.255,0.170656,0.436
22760000,2,-42.7759,628.259,4.99068,0.4325
22780000,0,-21.1694,626.648,0.793846,0.399
22800000,0,-20.4701,626.037,0.886307,0.375
22820000,1,-32.7998,625.449,4.6079,0.4355
22840000,0,-21.4128,627.074,0.662048,0.462444
22860000,0,-21.0419,625.598,0.0446566,0.445
22880000,1,-29.7413,626.319,1.0836,0.4228
22900000,0,-21.6564,627.8,1.41877,0.474143
22920000,0,-21.4633,623.829,1.12436,0.357
22940000,0,-21.8246,625.898,0.0441511,0.469
22960000,0,-21.1427,627.395,0.585228,0.406333
22980000,0,-20.5925,626.395,0.831922,0.453882
23000000,0,-20.2747,624.193,0.0359268,0.386
23020000,0,-21.8101,627.589,0.558652,0.44
23040000,0,-20.7978,626.69,2.73624,0.465818
23060000,0,-21.2409,624.234,0.180853,0.356
23080000,0,-21.9944,626.099,0.0780336,0.43675
23100000,0,-22.0621,624.534,0.372724,0.372
23120000,2,-44.7429,626.314,4.08223,0.4752
23140000,0,-22.0587,620.179,2.31658,0.4525
23160000,1,-30.4417,628.565,2.92515,0.478667
23180000,3,-53.9762,627.097,2.42044,0.477667
23200000,0,-20.2627,626.365,0.352099,0.380667
23220000,0,-22.3943,625.723,0.943481,0.429
23240000,0,-20.5077,626.978,2.69099,0.39425
23260000,0,-21.1934,627.087,0.77171,0.405
23280000,0,-19.9323,625.364,0.23436,0.3535
23300000,0,-22.2697,626.661,0.30462,0.391
23320000,0,-21.2188,627.206,0.661977,0.559
23340000,0,-20.441,625.598,0.32152,0.4915
23360000,0,-20.449,626.328,1.10422,0.42381
23380000,0,-20.8613,627.217,0.216571,0.488769
23400000,0,-21.0364,623.734,0.208561,0.385
23420000,0,-20.9878,627.418,3.32337,0.387
23440000,0,-20.1478,625.563,0.510159,0.464
23460000,0,-20.8648,626.802,0.106562,0.436
23480000,0,-21.8203,624.188,0.0339199,0.354
23500000,1,-33.6218,626.102,8.38716,0.475
23520000,0,-20.0166,624.848,0.637492,0.391
23540000,0,-21.9132,626.501,0.0113341,0.376
23560000,1,-36.6106,626.814,4.23328,0.514
23580000,2,-42.4395,629.585,4.0941,0.421556
23600000,0,-21.2987,628.009,0.902841,0.426
23620000,0,-20.2639,624.04,0.860496,0.392
23640000,1,-32.0607,621.971,3.21308,0.442167
23660000,0,-19.8866,624.799,0.0590606,0.384
23680000,1,-32.8885,629.312,1.53353,0.437
23700000,0,-21.2462,626.555,0.456083,0.381
23720000,0,-20.7049,626.958,0.456292,0.407
23740000,1,-31.9439,621.56,1.66569,0.467
23760000,0,-20.9082,626.748,0.97882,0.4509
23780000,1,-32.1199,624.686,2.72574,0.605
23800000,1,-31.6062,625.403,2.57553,0.497
23820000,3,-51.1153,627.03,2.67271,0.653
23840000,0,-20.7329,627.062,0.119182,0.4
23860000,0,-21.3365,626.899,0.710172,0.442
23880000,0,-20.6469,624.092,1.24898,0.39
23900000,0,-21.1525,627.632,0.225397,0.409
23920000,0,-20.6884,625.854,0.70872,0.377
23940000,2,-44.7638,620.549,3.36939,0.369
23960000,0,-20.773,627.343,1.10848,0.378
23980000,0,-21.3041,625.917,0.121405,0.434
24000000,0,-20.8326,623.535,0.189812,0.423
24020000,0,-19.9644,623.501,3.09938,0.385
24040000,0,-21.4145,624.305,1.10438,0.451
24060000,0,-20.8976,626.544,0.831394,0.447
24080000,0,-21.8899,626.27,0.0259144,0.500789
24100000,0,-20.7603,624.248,0.460563,0.4649
24120000,0,-20.6291,624.414,2.91802,0.44313
24140000,0,-23.3275,623.459,1.64865,0.373
24160000,1,-30.9399,627.985,0.499275,0.45044
24180000,0,-20.0994,625.832,0.560941,0.45
24200000,0,-20.4544,623.052,0.4535,0.4225
24220000,0,-20.9947,627.729,1.67053,0.395
24240000,0,-20.5814,625.22,0.101207,0.43
24260000,0,-20.4836,624.951,0.786187,0.439
24280000,1,-33.4421,628.759,0.860984,0.565143
24300000,0,-19.8493,622.524,1.11876,0.389
24320000,0,-21.9243,627.263,0.301707,0.49
24340000,0,-20.7949,626.521,0.992857,0.417
24360000,2,-40.335,625.015,1.77863,0.505
24380000,1,-32.7782,632.088,3.37253,0.606
24400000,0,-21.0674,626.766,0.0939453,0.505143
24420000,0,-21.0806,627.045,0.227985,0.39
24440000,0,-21.0237,627.474,0.548666,0.407286
24460000,0,-21.6554,627.82,1.61049,0.466455
24480000,1,-31.8439,627.603,5.74003,0.4305
24500000,1,-31.1149,627.395,3.00783,0.5778
24520000,0,-21.6629,625.132,3.39991,0.458333
24540000,0,-21.3575,625.141,0.19623,0.428
24560000,1,-31.824,626.174,1.21725,0.433875
24580000,2,-45.2547,622.815,4.32208,0.568
24600000,0,-20.3408,625.451,0.732809,0.486
24620000,0,-21.0102,627.247,0.110664,0.4461
24640000,1,-29.5591,622.56,3.1582,0.54
24660000,1,-31.1902,621.582,3.15599,0.445833
24680000,0,-21.1132,627.496,0.361355,0.338
24700000,0,-20.5775,625.924,0.0429785,0.43
24720000,1,-31.2268,624.271,1.85633,0.433833
24740000,0,-21.3447,627.882,4.22786,0.402
24760000,0,-21.0248,624.704,0.554577,0.44875
24780000,1,-31.4192,624.657,1.56921,0.416667
24800000,1,-32.452,625.869,1.58586,0.47
24820000,0,-20.9845,627.69,1.81051,0.366
24840000,1,-31.9886,626.666,2.43347,0.4765
24860000,1,-31.6495,625.889,2.12029,0.498
24880000,0,-22.3643,625.736,0.935941,0.378
24900000,0,-21.2123,627.619,0.0589276,0.363333
24920000,0,-20.9239,623.956,3.40237,0.416889
24940000,3,-51.9567,626.219,8.47329,0.4112
24960000,0,-20.9547,627.042,0.199299,0.488154
24980000,0,-20.7225,626.889,0.0124818,0.375
25000000,0,-20.0314,623.591,0.302067,0.452
25020000,0,-21.696,626.266,0.078188,0.45
25040000,1,-38.1485,626.404,3.37175,0.533
25060000,0,-20.9659,627.6,1.05383,0.637
25080000,0,-20.7172,626.403,1.4077,0.445
25100000,0,-20.9713,626.18,1.43691,0.415
25120000,0,-21.4427,627.647,1.86518,0.431857
25140000,0,-20.4523,624.513,0.827541,0.4145
25160000,0,-21.9298,627.328,0.349103,0.4445
25180000,0,-20.9261,626.14,1.04238,0.49775
25200000,0,-20.999,623.024,0.013519,0.379
25220000,0,-20.2901,626.305,1.87314,0.429
25240000,0,-20.6765,626.896,0.742965,0.351
25260000,0,-21.1011,627.457,2.40868,0.456
25280000,0,-22.2359,626.582,1.57679,0.384
25300000,0,-20.8554,627.032,0.962898,0.408375
25320000,0,-21.2467,627.859,0.97799,0.548
25340000,1,-32.8597,627.846,0.949794,0.4542
25360000,0,-20.8889,625.242,0.287192,0.453125
25380000,0,-21.5745,625.701,0.416637,0.512
25400000,0,-21.4913,627.441,3.10319,0.430437
25420000,0,-20.4579,626.271,0.0569823,0.418833
25440000,0,-22.0173,624.259,0.546689,0.34
25460000,0,-21.1548,627.294,0.521664,0.461
25480000,1,-29.2645,622.101,3.23089,0.507
25500000,0,-19.9856,623.897,0.980931,0.421667
25520000,1,-29.7633,621.292,1.75252,0.476
25540000,0,-20.4373,626.801,0.0822629,0.429
25560000,0,-21.5531,627.841,0.553918,0.438269
25580000,1,-30.67,625.801,0.840544,0.412
25600000,1,-30.8003,625.367,2.46918,0.477059
25620000,1,-33.9314,624.279,6.14359,0.4496
25640000,0,-21.7693,623.159,1.78425,0.39
25660000,1,-33.5674,623.681,2.52128,0.449226
25680000,1,-32.4986,627.879,4.11377,0.423625
25700000,0,-21.7666,625.053,1.76953,0.405
25720000,0,-21.0919,625.192,2.43603,0.489
25740000,0,-22.1198,625.093,0.536549,0.543
25760000,0,-20.447,624.907,0.919857,0.399
25780000,1,-33.1548,626.927,0.36091,0.407
25800000,1,-32.5307,625.855,2.76914,0.4305
25820000,0,-20.0681,624.834,0.601131,0.464
25840000,0,-20.597,625.164,0.990775,0.363
25860000,0,-21.3044,626.815,1.77619,0.469444
25880000,0,-21.1313,627.02,0.097298,0.487
25900000,0,-20.0178,622.976,0.732474,0.493
25920000,0,-20.4381,623.11,2.56846,0.367
25940000,1,-31.3446,624.624,2.85103,0.493222
25960000,0,-21.1829,626.177,0.00166378,0.453
25980000,0,-20.5085,625.426,0.66031,0.388
26000000,0,-21.4653,626.576,2.87518,0.3818
26020000,0,-21.2248,627.718,0.236296,0.369
26040000,0,-21.0161,627.235,0.204632,0.44425
26060000,0,-21.2238,626.277,0.587767,0.465636
26080000,0,-21.6352,627.62,0.0574424,0.386
26100000,0,-19.8464,623.304,0.321868,0.387
26120000,0,-20.5725,625.788,2.84561,0.413333
26140000,0,-21.5579,626.109,1.12984,0.413556
26160000,0,-21.0389,626.585,1.10621,0.432
26180000,0,-21.847,623.145,2.28492,0.425556
26200000,0,-21.5311,627.765,0.0402205,0.469857
26220000,0,-21.1571,625.906,2.38447,0.405
26240000,0,-21.1301,627.064,0.517186,0.4564
26260000,0,-22.2191,625.742,0.305773,0.446167
26280000,0,-21.5057,624.611,0.0499047,0.469542
26300000,0,-20.8065,626.641,0.348252,0.462333
26320000,0,-21.2822,625.929,0.044656,0.4925
26340000,0,-21.0027,625.444,0.582336,0.341
26360000,0,-21.5185,627.525,1.01223,0.431875
26380000,0,-21.0004,625.958,0.00432745,0.418227
26400000,0,-20.7974,625.804,4.02435,0.4462
26420000,0,-20.6794,623.915,2.3767,0.378
26440000,0,-21.4604,621.831,0.299387,0.44825
26460000,0,-20.815,624.077,2.69277,0.403
26480000,0,-20.2624,624.839,2.69409,0.388
26500000,0,-20.4058,623.778,0.835014,0.396
26520000,0,-21.3074,626.304,0.799429,0.358
26540000,0,-21.5125,627.19,0.374144,0.427
26560000,1,-31.4784,626.494,0.396101,0.4105
26580000,0,-20.6788,626.05,0.23038,0.422125
26600000,1,-34.0195,621.769,1.86729,0.395
26620000,0,-21.2094,626.522,0.506976,0.44025
26640000,0,-21.2676,624.477,0.525225,0.44
26660000,1,-33.7506,624.263,0.542512,0.441
26680000,1,-31.682,632.502,0.494318,0.50925
26700000,0,-21.3497,624.021,0.451068,0.40575
26720000,0,-21.9259,627.764,1.76608,0.378
26740000,0,-20.8049,625.733,0.134848,0.398
26760000,0,-22.1579,626.662,0.113163,0.4955
26780000,0,-21.4231,628.014,1.17048,0.428
26800000,0,-21.1613,623.583,0.938999,0.437333
26820000,0,-21.5731,627.954,2.76695,0.42
26840000,0,-21.2678,626.416,1.38204,0.371
26860000,0,-21.2347,626.974,0.98761,0.473
26880000,0,-20.6623,627.254,0.0118744,0.4475
26900000,0,-20.9645,626.698,0.34753,0.48
26920000,0,-21.4049,626.989,1.17066,0.382
26940000,0,-21.0581,627.041,0.566694,0.505889
26960000,0,-19.9535,623.686,0.221692,0.488
26980000,0,-21.8294,626.395,3.52145,0.455857
27000000,0,-20.2242,625.405,0.243073,0.39
27020000,0,-21.7936,625.31,0.142531,0.4634
27040000,0,-20.8684,626.667,0.180511,0.474
27060000,2,-44.2327,629.853,3.73354,0.51025
27080000,2,-43.3337,623.937,2.5955,0.466
27100000,0,-21.0221,627.159,2.09244,0.384
27120000,0,-20.8376,625.279,0.521934,0.46175
27140000,0,-21.5491,626.837,0.91941,0.427
27160000,0,-21.0654,625.949,0.711627,0.422
27180000,0,-20.27,625.425,0.374377,0.384
27200000,1,-31.3558,624.944,0.857036,0.546
27220000,0,-20.8593,627.274,1.82564,0.5
27240000,1,-31.1188,623.854,2.42678,0.422
27260000,0,-20.6479,626.738,1.5313,0.479316
27280000,1,-29.2296,627.301,1.91969,0.566
27300000,0,-21.492,627.284,0.113723,0.377
27320000,0,-21.6707,627.512,1.64953,0.537
27340000,1,-31.0617,626.291,1.65961,0.428647
27360000,0,-20.9902,627.468,0.0357205,0.400333
27380000,0,-21.7298,625.759,0.000586404,0.408
27400000,0,-20.4903,624.264,1.4019,0.574
27420000,0,-20.8663,627.198,0.0744488,0.432167
27440000,0,-21.186,626.05,0.0877533,0.425
27460000,0,-20.8288,627.239,1.81508,0.407
27480000,0,-21.0374,626.906,1.71069,0.445
27500000,0,-22.4438,626.208,3.41428,0.407
27520000,1,-32.55,625.06,0.498661,0.4445
27540000,0,-20.0862,625.195,0.149978,0.4486
27560000,1,-34.1943,625.512,0.837098,0.344
27580000,1,-31.6351,626.185,0.598028,0.475
27600000,1,-31.1081,631.215,2.1185,0.628
27620000,0,-21.3408,627.102,0.833566,0.391
27640000,0,-20.9787,627.708,1.5212,0.429875
27660000,1,-33.5639,630.921,3.32427,0.411
27680000,0,-22.3408,627.128,0.176202,0.434143
27700000,0,-20.0273,624.888,0.413078,0.4565
27720000,0,-20.6195,626.33,0.224956,0.395
27740000,0,-19.9773,625.492,0.0607268,0.434
27760000,2,-40.3658,629.215,1.67374,0.431667
27780000,0,-21.1121,626.19,1.18688,0.512
27800000,1,-34.2857,626.201,2.22322,0.462
27820000,0,-21.4296,627.89,0.224862,0.42325
27840000,0,-21.4257,626.326,1.90886,0.44
27860000,0,-21.1116,624.793,0.179606,0.435
27880000,0,-22.1314,622.63,2.27617,0.393
27900000,0,-21.6188,625.532,5.82393,0.436667
27920000,0,-21.8024,625.512,1.47979,0.419333
27940000,0,-21.4512,624.66,1.26048,0.433
27960000,1,-32.1041,625.789,0.394413,0.483
27980000,0,-21.5295,627.869,0.784277,0.489
28000000,1,-31.0248,623.993,2.3807,0.420833
28020000,0,-22.1019,627.25,3.5035,0.437889
28040000,0,-21.6565,621.352,0.153794,0.445
28060000,0,-21.9029,627.339,0.476472,0.406667
28080000,0,-20.8243,627.039,0.340685,0.47375
28100000,0,-20.8569,626.904,0.315191,0.361
28120000,0,-20.211,622.629,0.932472,0.41675
28140000,1,-32.7674,626.738,1.08119,0.406
28160000,3,-53.1106,629.928,4.01444,0.624
28180000,0,-21.6586,627.633,2.59368,0.441
28200000,0,-22.6154,626.185,0.159531,0.426
28220000,0,-21.9424,627.451,0.51323,0.4334
28240000,0,-20.2003,624.316,1.19015,0.426667
28260000,0,-20.6534,626.909,1.77668,0.404
28280000,0,-20.6944,626.715,0.174353,0.365
28300000,0,-22.1702,626.361,0.0264851,0.367
28320000,0,-21.6776,625.111,2.19024,0.428905
28340000,0,-20.9281,626.51,0.490763,0.404
28360000,1,-34.6514,627.644,0.267557,0.522
28380000,0,-21.128,627.752,1.71272,0.377
28400000,0,-22.0059,627.541,1.86767,0.449448
28420000,0,-20.0261,622.762,0.957289,0.484105
28440000,1,-30.6777,625.052,0.623159,0.476714
28460000,0,-20.7404,626.89,1.3524,0.3815
28480000,0,-21.4955,625.783,0.202054,0.386
28500000,0,-20.513,623.222,3.16732,0.429
28520000,0,-20.8898,623.761,1.22123,0.376
28540000,0,-21.7744,627.795,0.428073,0.451
28560000,0,-20.2977,625.998,2.90274,0.515909
28580000,0,-21.2859,626.961,0.0154378,0.504
28600000,0,-20.7225,626.702,0.452333,0.382
28620000,0,-20.8978,627.71,0.687403,0.376
28640000,0,-21.0711,627.123,0.819413,0.414
28660000,0,-19.4024,621.761,0.807211,0.498833
28680000,0,-19.8396,624.593,0.763952,0.499
28700000,0,-20.7054,627.244,0.119617,0.44065
28720000,0,-21.9713,625.617,0.348454,0.431333
28740000,1,-32.9971,622.937,1.08586,0.504
28760000,0,-20.1769,622.126,3.04742,0.442222
28780000,0,-20.376,624.107,0.366322,0.4545
28800000,1,-30.6659,630.603,1.12518,0.624
28820000,0,-21.002,627.118,0.161202,0.396333
28840000,0,-21.7921,626.866,0.861247,0.403
28860000,0,-20.1443,624.925,1.5834,0.383
28880000,2,-40.5853,621.989,2.44853,0.45125
28900000,0,-21.3284,626.962,1.662,0.386
28920000,0,-21.0517,627.225,0.229005,0.442667
28940000,0,-20.0327,623.117,1.8204,0.374
28960000,0,-21.0594,621.607,1.26101,0.4742
28980000,0,-20.8325,625.106,0.898181,0.466
29000000,0,-21.0042,627.65,0.870907,0.413
29020000,0,-21.5036,627.536,1.8471,0.611
29040000,0,-20.8315,624.936,0.571919,0.424556
29060000,0,-19.7083,623.634,0.35394,0.43
29080000,0,-20.2137,622.893,0.352815,0.437
29100000,0,-21.4102,625.254,0.419904,0.469
29120000,0,-20.742,626.006,0.250057,0.390333
29140000,0,-20.6162,621.595,0.965772,0.426
29160000,0,-21.3467,626.575,1.8348,0.43
29180000,0,-21.6892,626.704,0.184099,0.410889
29200000,0,-20.7016,626.917,0.62187,0.494
29220000,0,-21.2375,627.966,0.702506,0.477
29240000,0,-21.2357,626.482,0.293671,0.3935
29260000,1,-31.7473,627.835,2.74872,0.404
29280000,0,-21.3917,627.93,3.42981,0.417333
29300000,1,-30.9677,627.015,2.16163,0.4082
29320000,0,-20.6005,626.202,0.32863,0.3845
29340000,0,-21.9948,627.66,0.229695,0.406
29360000,0,-20.6102,626.525,0.36073,0.415
29380000,0,-20.944,626.883,0.0653565,0.471
29400000,0,-20.9173,625.405,0.762457,0.474
29420000,0,-20.7538,626.547,0.87112,0.358
29440000,0,-21.5791,625.47,0.361177,0.416
29460000,0,-19.7726,623.822,0.0602419,0.3995
29480000,0,-21.5257,627.966,2.6699,0.326
29500000,0,-20.9538,627.137,3.28875,0.507143
29520000,0,-21.6954,627.962,0.466224,0.369
29540000,0,-21.4147,627.45,0.385405,0.387
29560000,0,-21.1667,626.673,0.102917,0.446
29580000,0,-21.1195,626.144,0.677672,0.437
29600000,0,-21.6761,626.932,0.192531,0.406
29620000,0,-20.778,626.966,0.183193,0.454
29640000,1,-31.1938,629.021,0.977064,0.595
29660000,0,-20.5777,626.542,0.0635422,0.45275
29680000,0,-21.2156,625.547,0.415631,0.391
29700000,0,-21.3789,627.555,0.554019,0.439
29720000,0,-21.0665,624.315,0.533305,0.393
29740000,0,-20.6799,626.31,7.48821,0.4336
29760000,0,-20.241,625.641,0.617221,0.41275
29780000,0,-21.1714,625.814,0.157448,0.438
29800000,0,-19.597,623.554,0.378478,0.436667
29820000,2,-40.3031,625.916,3.24123,0.470429
29840000,1,-31.2765,626.854,3.13258,0.479333
29860000,0,-22.678,625.955,1.47226,0.424
29880000,0,-20.356,626.252,0.655071,0.4665
29900000,0,-20.9497,625.465,0.311753,0.465
29920000,2,-42.3198,628.101,4.66261,0.4305
29940000,0,-19.9539,625.235,2.50089,0.457
29960000,0,-20.6606,625.968,0.110831,0.4
29980000,2,-41.5263,625.933,4.2677,0.603
