generation,N_shifts,logPrior,logLik,eventRate,acceptRate
0,0,-15.6764,-4926.78,300.909,1
20000,0,-17.8061,663.953,3.08341,0.407
40000,0,-18.3952,663.186,0.271284,0.412923
60000,0,-18.3623,663.738,0.273261,0.4028
80000,0,-17.9794,664.457,1.62534,0.522
100000,1,-31.7561,663.486,1.66271,0.422
120000,0,-18.0509,663.81,0.225819,0.400187
140000,0,-18.0928,663.388,0.516683,0.424
160000,2,-38.5225,644.137,1.4828,0.5505
180000,1,-29.3396,664.956,2.24579,0.588
200000,0,-18.1548,664.881,1.82121,0.421
220000,0,-17.8578,663.283,0.448186,0.389
240000,0,-17.9398,664.199,0.0758158,0.39
260000,0,-18.0934,664.105,1.1141,0.399
280000,0,-17.6181,662.367,0.748444,0.456
300000,0,-18.3706,664.031,0.319303,0.361
320000,1,-29.2436,660.763,1.6441,0.385833
340000,0,-18.8544,661.07,2.68791,0.376
360000,1,-30.0776,668.637,1.69052,0.453654
380000,0,-18.6121,662.662,0.36004,0.402167
400000,2,-39.2541,662.371,2.77921,0.671
420000,0,-18.1888,664.483,0.359951,0.459
440000,1,-26.7415,661.57,0.907153,0.422
460000,0,-18.2589,662.95,2.56149,0.352
480000,0,-18.4022,663.635,1.31128,0.407
500000,0,-17.7772,663.656,2.90207,0.486
520000,1,-29.2313,664.115,1.10025,0.45
540000,0,-17.5618,661.606,0.0204439,0.417
560000,0,-18.6886,663.45,0.881926,0.407833
580000,0,-17.8995,664.72,0.492096,0.469
600000,1,-29.3748,665.819,1.22257,0.401
620000,0,-17.5001,662.543,0.623941,0.38
640000,0,-17.9973,664.685,0.232065,0.3754
660000,0,-17.7984,661.797,0.468414,0.405778
680000,0,-17.9178,664.225,3.37638,0.354
700000,0,-18.3276,664.512,0.515763,0.399
720000,0,-17.6454,661.432,0.0449794,0.41125
740000,1,-28.5839,665.383,1.50437,0.419667
760000,0,-17.281,658.626,0.134341,0.451308
780000,0,-18.2052,660.468,3.7737,0.354
800000,0,-17.7871,662.863,0.445857,0.441805
820000,0,-18.4405,663.117,0.933559,0.436
840000,0,-17.3848,662.78,0.5221,0.398429
860000,2,-40.5283,664.035,3.14762,0.6365
880000,0,-18.3163,663.044,0.558868,0.435
900000,0,-18.3016,662.16,0.954239,0.3825
920000,0,-17.6518,662.9,3.6945,0.423
940000,0,-17.626,662.827,0.577387,0.367
960000,0,-17.0864,657.175,0.207459,0.365
980000,2,-40.7577,669.953,2.55074,0.420545
1000000,0,-18.6251,662.683,3.09262,0.379111
1020000,0,-18.7141,662.554,0.870414,0.3744
1040000,0,-17.9464,663.694,0.0500799,0.396
1060000,0,-17.8911,662.5,0.600045,0.431176
1080000,0,-18.1818,660.988,0.0226924,0.4256
1100000,0,-17.8573,661.912,0.0333258,0.53
1120000,1,-27.4362,661.386,0.779525,0.381
1140000,0,-17.8183,658.935,0.0148203,0.505
1160000,1,-28.4663,668.108,1.42669,0.59
1180000,0,-18.4832,664.494,0.509133,0.387
1200000,0,-17.6842,663.859,0.686218,0.492
1220000,0,-18.1991,665.043,1.48583,0.3986
1240000,0,-19.2865,660.88,0.155066,0.402
1260000,0,-17.6158,662.155,0.521521,0.452
1280000,1,-28.3422,662.884,4.2204,0.4645
1300000,0,-18.8509,663.334,0.750523,0.531
1320000,1,-30.5869,668.099,2.35004,0.426364
1340000,0,-18.1003,664.22,0.493581,0.339
1360000,0,-18.4021,663.679,0.682009,0.398333
1380000,0,-17.3906,661.304,0.587521,0.4288
1400000,1,-29.0128,664.094,1.5232,0.476
1420000,0,-17.5491,659.663,1.68213,0.442889
1440000,3,-48.1216,661.404,3.0724,0.445
1460000,0,-18.8774,660.733,1.26874,0.441
1480000,0,-17.6735,662.302,0.716938,0.412947
1500000,0,-18.1678,664.043,0.922282,0.566
1520000,0,-17.923,664.012,1.11962,0.395
1540000,0,-18.9475,663.837,0.9166,0.485
1560000,0,-18.4638,663.934,5.54925,0.4508
1580000,1,-28.0965,662.994,0.141886,0.456
1600000,2,-42.9404,678.392,2.80948,0.511062
1620000,0,-18.9928,662.041,0.636979,0.439
1640000,0,-18.8012,661.714,0.3879,0.5236
1660000,0,-17.2382,661.314,1.76801,0.492
1680000,0,-17.6431,662.793,0.418597,0.388
1700000,0,-18.4935,664.393,1.45673,0.448875
1720000,0,-18.027,663.55,0.759735,0.386
1740000,0,-18.0463,664.071,0.500591,0.347
1760000,0,-18.3927,664.338,1.47222,0.3999
1780000,0,-18.8551,662.171,0.0356499,0.383
1800000,0,-18.1645,664.946,0.128772,0.421067
1820000,0,-17.8374,663.056,0.0769939,0.456286
1840000,0,-18.1085,661.983,1.21672,0.416
1860000,1,-28.8007,666.933,1.01194,0.481333
1880000,1,-28.5487,661.661,1.60256,0.440889
1900000,0,-19.0164,662.623,1.43737,0.386167
1920000,0,-17.2266,661.004,1.01655,0.452
1940000,0,-18.4187,664.013,0.483265,0.469833
1960000,0,-18.2881,664.683,0.569056,0.43
1980000,0,-17.47,662.943,0.232021,0.41775
2000000,0,-17.8015,664.34,1.02054,0.399
2020000,0,-17.4402,662.65,0.911113,0.359
2040000,1,-28.7505,664.118,0.676911,0.512667
2060000,0,-18.4488,663.787,0.969168,0.399
2080000,0,-17.6165,663.096,0.340625,0.4115
2100000,0,-18.0267,664.404,0.814294,0.552
2120000,0,-18.549,664.281,2.1288,0.457
2140000,0,-18.0187,664.119,1.99164,0.455
2160000,0,-18.0493,664.228,0.821643,0.417684
2180000,0,-18.0276,663.665,1.23483,0.398
2200000,0,-17.638,662.227,0.30068,0.457667
2220000,0,-17.6439,663.375,0.00220427,0.416333
2240000,0,-18.4833,664.439,1.30196,0.376
2260000,1,-28.7154,662.612,1.85725,0.4834
2280000,0,-18.0021,664.244,0.065022,0.373
2300000,0,-17.9927,664.151,0.214428,0.408444
2320000,1,-27.9581,663.626,0.695073,0.425818
2340000,2,-41.1406,669.258,3.14418,0.435636
2360000,1,-28.5424,665.805,0.477499,0.556
2380000,1,-27.3036,666.619,0.975196,0.512
2400000,0,-18.3214,663.644,3.38251,0.368
2420000,0,-17.5695,662.468,1.07602,0.454
2440000,0,-18.1066,663.61,0.0155985,0.369
2460000,0,-17.8985,664.498,3.73133,0.402
2480000,0,-19.0925,662.341,0.0454883,0.461
2500000,0,-18.1664,664.038,1.35656,0.39975
2520000,0,-18.0088,662.166,1.03134,0.432
2540000,1,-27.5905,661.549,0.162177,0.402
2560000,0,-18.7925,663.396,0.504392,0.383
2580000,0,-17.5206,662.589,0.588435,0.328
2600000,1,-27.4987,662.18,1.31208,0.407
2620000,0,-18.2867,664.611,0.425891,0.387
2640000,0,-19.1731,661.818,1.26129,0.458429
2660000,0,-18.1972,664.168,1.69929,0.399
2680000,3,-52.0865,668.188,1.44155,0.481545
2700000,0,-18.378,664.258,0.0864994,0.372
2720000,0,-18.5894,662.81,1.48538,0.3815
2740000,0,-18.2108,663.371,0.789542,0.493667
2760000,0,-18.254,664.505,1.76868,0.383
2780000,1,-27.5486,664.407,1.80747,0.384
2800000,0,-18.5766,663.556,3.13545,0.444
2820000,0,-17.9914,663.769,0.0492441,0.428
2840000,0,-18.3093,662.823,3.9184,0.4255
2860000,0,-18.4525,664.359,0.225475,0.357
2880000,0,-17.8948,661.228,0.949852,0.376
2900000,3,-50.2256,665.687,2.80641,0.595
2920000,0,-18.1884,652.307,0.13697,0.388
2940000,0,-18.312,662.217,0.0598806,0.377
2960000,0,-18.0234,664.608,1.07005,0.361
2980000,0,-18.4964,664.147,1.18243,0.357
3000000,1,-29.9609,662.499,2.12219,0.446824
3020000,0,-17.7664,662.311,0.277889,0.361
3040000,2,-40.1352,665.008,1.387,0.607
3060000,0,-18.8187,662.524,0.983379,0.41
3080000,0,-18.2179,661.624,0.223359,0.422294
3100000,0,-17.6246,663.503,2.01818,0.450833
3120000,0,-17.8915,662.259,0.534298,0.475
3140000,2,-37.7025,667.71,5.80476,0.446
3160000,0,-18.2612,664.406,1.71197,0.454333
3180000,0,-17.6854,662.093,0.0586619,0.396
3200000,1,-28.6611,664.107,0.503534,0.563
3220000,0,-17.8532,663.97,0.860347,0.502
3240000,0,-18.9047,663.36,0.552404,0.552545
3260000,0,-18.1999,664.845,0.2092,0.426
3280000,0,-17.7092,663.738,3.05702,0.562
3300000,0,-18.2883,659.288,0.00836927,0.471
3320000,0,-17.151,660.25,0.421083,0.445
3340000,0,-18.4871,658.87,0.323534,0.378
3360000,0,-17.8873,663.621,0.294302,0.381
3380000,0,-17.5758,663.47,0.471052,0.41925
3400000,0,-18.0344,664.599,0.0672457,0.41
3420000,0,-17.8459,664.006,1.47472,0.544
3440000,0,-17.9029,660.456,0.402761,0.345
3460000,0,-18.5603,664.714,1.24944,0.35
3480000,1,-28.048,663.654,0.353371,0.4465
3500000,1,-28.6725,665.101,2.02404,0.469
3520000,0,-17.9727,663.712,0.595002,0.386
3540000,0,-18.0589,662.274,1.23453,0.3934
3560000,1,-29.131,662.146,3.58149,0.409286
3580000,0,-17.9009,663.636,1.84301,0.367
3600000,0,-17.6985,659.973,1.61855,0.47625
3620000,1,-27.7588,663.27,4.90247,0.424353
3640000,0,-18.5506,663.471,0.417685,0.4258
3660000,1,-28.6652,662.81,2.01206,0.389429
3680000,0,-16.9269,658.715,0.980003,0.447
3700000,0,-17.946,664.546,1.28013,0.452087
3720000,1,-27.1936,662.287,2.79776,0.441
3740000,1,-28.3186,664.76,0.607525,0.4015
3760000,2,-36.1066,663.496,1.99994,0.423
3780000,0,-17.5631,662.814,0.761595,0.399333
3800000,3,-54.2548,667.44,0.802675,0.493467
3820000,1,-29.1842,663.54,2.01865,0.422
3840000,1,-27.9582,660.786,1.12734,0.375
3860000,1,-29.0619,661.893,1.16011,0.452667
3880000,0,-18.7927,663.186,1.00201,0.534
3900000,0,-18.2351,664.597,0.257922,0.436
3920000,0,-18.5683,664.415,0.339996,0.341
3940000,0,-18.204,659.818,0.169076,0.343
3960000,3,-49.8042,666.369,2.88126,0.607
3980000,0,-18.5417,664.601,0.680019,0.457
4000000,0,-17.9773,664.119,0.317317,0.461
4020000,0,-17.8331,662.56,2.56556,0.4792
4040000,0,-17.8482,662.131,0.691776,0.397
4060000,1,-32.1228,667.156,1.1734,0.618
4080000,0,-17.9305,664.183,0.0533287,0.482
4100000,0,-18.2181,662.693,0.809422,0.349
4120000,0,-18.9162,657.129,1.26079,0.486
4140000,0,-18.5856,663.985,0.476943,0.43785
4160000,0,-18.5342,664.669,1.33337,0.397
4180000,0,-18.1109,664.67,0.00504409,0.365
4200000,0,-18.1261,664.482,0.520392,0.346
4220000,1,-27.9874,663.443,1.13584,0.365
4240000,0,-17.4884,660.272,1.02269,0.381
4260000,0,-17.4427,663.07,0.230417,0.4141
4280000,0,-17.9795,663.069,1.96494,0.4314
4300000,0,-18.3009,664.055,2.15098,0.357
4320000,0,-17.5727,660.55,0.342531,0.3594
4340000,0,-18.2185,664.372,1.64985,0.3862
4360000,0,-18.5616,664.198,0.754949,0.399
4380000,1,-36.8819,675.707,6.15819,0.52875
4400000,1,-35.7806,677.898,3.27497,0.525
4420000,2,-44.7097,674.776,0.808355,0.55484
4440000,0,-17.7417,662.083,0.945441,0.437
4460000,1,-36.2324,679.062,4.82625,0.523
4480000,0,-17.7636,663.732,0.580241,0.432
4500000,0,-18.605,663.077,1.36249,0.4708
4520000,0,-17.9768,664.148,0.122736,0.391833
4540000,0,-17.4247,660.608,0.408049,0.333
4560000,1,-29.0759,663.98,1.72056,0.5075
4580000,1,-30.7291,663.062,0.429254,0.468833
4600000,0,-18.0403,663.7,1.83361,0.387
4620000,0,-17.8754,662.18,1.93562,0.388
4640000,0,-18.7463,664.02,2.79821,0.348
4660000,0,-18.3429,664.571,0.597203,0.448
4680000,0,-17.957,662.32,0.464812,0.39
4700000,1,-28.1221,664.256,0.613174,0.40275
4720000,0,-18.2678,664.889,0.420585,0.4575
4740000,1,-29.1564,668.386,2.34695,0.56
4760000,0,-18.3367,661.807,0.215589,0.394667
4780000,1,-28.7799,664.472,1.42836,0.421
4800000,0,-18.5389,662.58,0.0114868,0.458
4820000,0,-17.6834,662.779,0.795482,0.418
4840000,1,-27.4809,662.61,4.22346,0.422
4860000,0,-18.5717,663.483,0.111608,0.372
4880000,0,-17.6838,659.478,0.497789,0.401833
4900000,0,-18.1955,661.025,0.244527,0.4276
4920000,0,-18.6569,662.862,0.125342,0.499
4940000,0,-17.4778,662.301,0.69567,0.354
4960000,0,-18.3161,662.798,0.0956159,0.465111
4980000,0,-18.3525,663.402,2.90115,0.395111
5000000,1,-30.1407,662.521,2.2801,0.464429
5020000,1,-27.1112,665.06,1.0259,0.412545
5040000,0,-18.6931,664.235,1.87648,0.477
5060000,0,-18.1966,663.572,0.367821,0.359
5080000,1,-31.5083,660.878,0.745931,0.377667
5100000,0,-18.4753,664.043,0.129619,0.394
5120000,1,-28.836,664.913,1.17038,0.577
5140000,1,-28.6727,663.499,3.08333,0.548
5160000,0,-18.4415,661.569,1.01062,0.363
5180000,0,-18.5652,663.021,0.471305,0.356
5200000,0,-17.327,662.002,1.54524,0.412938
5220000,0,-17.4226,661.7,1.55116,0.36
5240000,0,-18.9984,661.885,2.5214,0.403
5260000,1,-28.2035,668.372,0.673539,0.442
5280000,0,-17.8016,663,0.470739,0.4145
5300000,0,-18.533,663.023,0.127323,0.4175
5320000,1,-32.4215,667.434,0.643833,0.58
5340000,0,-17.907,664.002,0.106118,0.379
5360000,0,-17.8883,664.649,1.93556,0.4736
5380000,2,-38.2804,662.78,2.53598,0.419667
5400000,0,-17.7204,663.319,1.29105,0.3925
5420000,0,-18.1153,663.319,1.08372,0.386
5440000,0,-17.8813,662.277,0.158859,0.345
5460000,0,-18.2575,663.243,0.245217,0.361
5480000,1,-29.3275,666.229,2.27395,0.441
5500000,0,-18.5324,662.27,1.13824,0.407
5520000,0,-18.8078,663.527,0.160797,0.364
5540000,1,-28.0188,665.984,1.27625,0.375
5560000,0,-18.6021,663.544,7.68066,0.3705
5580000,0,-18.3819,664.356,0.540876,0.443
5600000,0,-18.4063,662.718,1.73207,0.44775
5620000,0,-18.7871,663.797,2.59409,0.454
5640000,2,-38.8512,662.585,3.97213,0.478
5660000,0,-18.4234,664.069,2.4554,0.383
5680000,1,-28.7292,663.901,2.82083,0.480077
5700000,0,-18.2665,663.046,2.13521,0.366
5720000,0,-18.3242,663.056,0.457042,0.407
5740000,0,-17.6906,662.899,0.87991,0.485
5760000,1,-27.7329,664.221,0.756996,0.593
5780000,0,-18.0503,662.113,1.05457,0.436
5800000,0,-18.4089,663.904,0.310321,0.37
5820000,1,-31.2704,660.698,1.30992,0.40325
5840000,1,-28.9426,668.29,2.14925,0.59
5860000,0,-18.6604,664.269,1.03164,0.4335
5880000,0,-17.595,661.908,0.0462671,0.41225
5900000,0,-17.8083,661.643,0.252962,0.412364
5920000,0,-17.642,659.089,1.6216,0.375
5940000,0,-18.0713,664.406,0.161064,0.353
5960000,0,-18.3906,664.273,4.53551,0.422333
5980000,0,-17.8469,664.571,0.0258072,0.502111
6000000,0,-17.8891,663.708,0.849496,0.366
6020000,0,-18.4402,663.03,0.0464199,0.381
6040000,0,-18.349,664.586,0.77597,0.4344
6060000,2,-38.3448,665.078,3.05755,0.556
6080000,0,-18.3284,662.609,0.184109,0.4175
6100000,1,-27.2312,661.305,1.95673,0.465
6120000,0,-17.9863,664.84,0.890329,0.368
6140000,1,-29.8112,665.754,3.10845,0.357
6160000,1,-28.4285,665.245,1.0919,0.424
6180000,0,-18.8713,660.355,0.720231,0.359
6200000,0,-18.9008,662.919,2.27232,0.564
6220000,0,-18.1001,662.923,2.04837,0.352
6240000,1,-27.9912,660.261,0.607799,0.4256
6260000,0,-17.784,662.425,2.7469,0.3695
6280000,0,-18.5003,656.925,1.25734,0.464
6300000,0,-17.9315,662.473,1.48069,0.416
6320000,0,-18.2762,664.976,0.023361,0.381
6340000,0,-17.9844,663.136,0.824986,0.46
6360000,0,-17.3277,661.528,0.0857798,0.364
6380000,0,-17.8399,663.849,0.955661,0.424
6400000,0,-17.8278,661.609,1.58661,0.371
6420000,0,-17.4519,659.864,1.28182,0.418
6440000,0,-18.5714,664.284,0.933017,0.42
6460000,0,-17.3195,661.171,1.02717,0.466714
6480000,0,-17.9695,664.455,0.0820352,0.404667
6500000,0,-17.9314,663.233,1.79541,0.425333
6520000,0,-18.1128,663.275,0.332292,0.387
6540000,0,-18.8368,659.556,2.51405,0.3765
6560000,0,-17.8145,662.693,0.333336,0.434133
6580000,0,-17.9527,663.481,0.156784,0.427353
6600000,0,-18.0691,663.276,2.88956,0.462
6620000,2,-39.1922,660.887,3.25372,0.398
6640000,0,-18.6203,662.978,0.457544,0.393667
6660000,0,-18.065,663.711,1.20877,0.404
6680000,4,-62.2791,670.971,4.95093,0.599059
6700000,0,-18.0952,664.956,0.392332,0.362
6720000,1,-32.5121,661.719,3.21356,0.567
6740000,1,-29.7614,660.89,1.04232,0.382
6760000,1,-28.8111,661.849,2.52228,0.45
6780000,0,-18.1485,664.21,0.145385,0.4232
6800000,1,-28.1639,664.083,5.66697,0.388
6820000,0,-18.8608,662.636,0.483468,0.392
6840000,0,-17.8683,664.214,1.40262,0.361
6860000,1,-28.392,668.026,0.716865,0.4204
6880000,0,-17.7989,662.399,0.512343,0.488
6900000,1,-28.9501,661.975,1.36955,0.459
6920000,0,-18.4341,662.057,1.81129,0.341
6940000,0,-17.8072,663.135,0.279594,0.387833
6960000,0,-17.4424,662.187,0.302427,0.463429
6980000,0,-17.6179,662.284,0.894175,0.355
7000000,2,-39.7025,660.5,2.41117,0.412292
7020000,1,-28.9016,666.592,1.24057,0.463042
7040000,0,-17.5767,659.802,0.0713886,0.372
7060000,0,-17.8765,664.057,5.44405,0.432
7080000,0,-18.0078,663.972,4.31962,0.4185
7100000,0,-18.3194,662.562,0.124093,0.421
7120000,1,-27.8697,666.942,1.76187,0.569
7140000,1,-29.1319,662.293,0.358475,0.543
7160000,0,-18.1043,661.221,1.48637,0.403
7180000,2,-40.2963,665.555,2.28229,0.519
7200000,1,-29.3546,660.602,3.90669,0.4265
7220000,0,-17.6522,661.931,0.742806,0.3841
7240000,1,-31.7307,659.895,1.19934,0.545
7260000,0,-18.3899,664.266,0.113177,0.342
7280000,0,-18.8123,663.375,1.34197,0.415333
7300000,0,-18.0552,664.336,1.1491,0.382
7320000,0,-17.7112,664.185,4.39867,0.44425
7340000,0,-18.1644,663.143,0.636371,0.391
7360000,1,-28.0274,663.735,3.4494,0.456
7380000,0,-17.9466,663.914,1.37283,0.35
7400000,0,-17.988,664.348,0.391058,0.466
7420000,0,-17.9956,664.795,2.13797,0.351
7440000,1,-29.2975,657.536,1.2265,0.436667
7460000,0,-18.2578,664.948,2.33784,0.328
7480000,0,-17.8564,662.091,3.83493,0.464333
7500000,0,-17.8659,663.582,4.07076,0.442
7520000,0,-18.3406,663.914,0.931517,0.37
7540000,1,-27.9958,662.339,2.87085,0.32
7560000,4,-62.4085,672.235,5.39763,0.628
7580000,1,-27.6081,664.832,1.5627,0.413
7600000,0,-17.7712,660.385,0.230489,0.433
7620000,0,-17.5782,662.939,1.95668,0.411
7640000,0,-18.3723,664.151,0.554803,0.35
7660000,0,-17.98,662.566,0.096652,0.376
7680000,1,-27.8925,662.806,1.51728,0.483
7700000,0,-18.347,661.692,1.33868,0.442
7720000,0,-17.7723,660.606,0.0526613,0.44
7740000,0,-17.9305,663.071,0.568416,0.585
7760000,0,-17.9195,663.436,1.43776,0.415
7780000,0,-18.0776,663.077,1.00061,0.387
7800000,0,-18.0175,664.741,1.05177,0.523
7820000,1,-31.8638,662.323,1.9002,0.451
7840000,0,-18.0188,662.614,0.855203,0.482429
7860000,0,-18.4087,663.714,0.594788,0.447
7880000,0,-18.6179,663.52,0.0153441,0.39
7900000,0,-18.7812,663.026,0.479315,0.424655
7920000,0,-18.1762,664.588,1.28848,0.361
7940000,1,-28.2262,667.093,0.193392,0.4805
7960000,0,-18.5612,664.798,0.299821,0.342
7980000,0,-17.9099,664.299,1.4661,0.377
8000000,0,-18.135,664.369,1.80121,0.46
8020000,0,-18.3024,664.319,0.548505,0.358
8040000,0,-18.7084,664.171,1.19868,0.419
8060000,0,-18.2163,664.571,2.31864,0.499
8080000,0,-17.931,661.084,0.11631,0.3544
8100000,1,-28.0035,659.052,1.7897,0.477375
8120000,0,-17.6146,663.622,1.64946,0.462
8140000,3,-48.2048,665.129,4.7251,0.579
8160000,0,-18.4938,661.395,0.874091,0.4545
8180000,1,-26.9832,666.939,0.812899,0.648
8200000,0,-17.147,660.647,1.43356,0.388
8220000,0,-18.6152,663.886,0.897349,0.479
8240000,1,-30.4738,663.852,3.93272,0.477333
8260000,0,-17.2975,660.09,1.3174,0.41075
8280000,0,-17.8756,664.302,1.26393,0.432
8300000,0,-18.5919,663.345,0.512787,0.36
8320000,0,-18.2606,662.476,0.992292,0.365
8340000,0,-18.4013,662.959,0.946924,0.344
8360000,0,-18.3466,661.944,1.55743,0.332
8380000,0,-17.7426,664.017,0.979347,0.345
8400000,0,-17.2185,660.051,0.629648,0.39
8420000,0,-18.0852,664.658,0.728172,0.431
8440000,0,-17.6259,663.329,0.33441,0.39525
8460000,1,-30.2914,662.915,2.06667,0.433
8480000,1,-32.1925,667.172,0.826632,0.582818
8500000,0,-17.9426,663.477,1.8474,0.379
8520000,1,-26.9938,665.989,1.6682,0.561
8540000,0,-17.6994,663.769,0.87716,0.321
8560000,1,-28.0746,663.177,1.4575,0.382
8580000,0,-18.3096,664.688,0.059355,0.4615
8600000,0,-18.3167,661.091,0.219139,0.385
8620000,0,-17.8682,664.062,0.605762,0.377
8640000,0,-18.004,664.36,1.82526,0.6
8660000,0,-19.2081,662.602,0.230527,0.448286
8680000,0,-18.4431,661.767,3.32596,0.358
8700000,1,-27.7284,662.022,1.57275,0.3752
8720000,0,-17.4292,660.701,2.1123,0.445
8740000,1,-26.8695,663.303,0.649408,0.512333
8760000,1,-27.9978,663.78,1.25372,0.391667
8780000,1,-27.6566,666.77,1.25876,0.451533
8800000,0,-18.407,662.413,0.893435,0.424588
8820000,0,-18.8363,663.972,3.61109,0.382
8840000,0,-17.5255,663.277,0.0160718,0.405
8860000,1,-27.7721,662.761,1.94587,0.452
8880000,0,-17.5755,663.421,0.460245,0.408
8900000,0,-17.8162,664.313,1.13033,0.433
8920000,0,-18.3497,664.727,0.0288278,0.405
8940000,0,-17.7853,662.812,1.98932,0.41
8960000,0,-17.9406,664.034,1.46218,0.423625
8980000,1,-28.4931,665.742,5.11087,0.4335
9000000,0,-18.0936,662.207,0.00651877,0.465
9020000,1,-28.0017,668.126,0.404751,0.551
9040000,0,-18.1948,664.547,1.70124,0.438
9060000,2,-42.2517,662.499,4.10126,0.623
9080000,0,-17.9918,664.324,0.48899,0.476143
9100000,0,-17.386,661.059,0.102146,0.402
9120000,0,-17.8001,661.881,2.11512,0.34
9140000,0,-18.3172,664.434,0.454786,0.42
9160000,0,-18.7855,662.871,1.46758,0.463429
9180000,0,-18.4463,663.636,0.695507,0.391
9200000,0,-18.4344,664.521,0.34461,0.3925
9220000,0,-18.2407,661.639,0.601785,0.351333
9240000,0,-18.4528,662.799,3.45436,0.374
9260000,0,-17.6761,662.959,1.16171,0.628
9280000,0,-18.139,663.94,0.710128,0.4265
9300000,0,-17.8507,663.008,0.699328,0.535
9320000,1,-28.3638,663.488,0.379583,0.4305
9340000,1,-27.8341,663.178,2.73276,0.46
9360000,3,-53.8379,668.989,2.47809,0.615
9380000,1,-27.4277,663.829,1.40005,0.451
9400000,0,-17.8674,664.302,5.0127,0.333
9420000,0,-18.0518,664.137,1.50424,0.454
9440000,0,-17.5726,663.292,0.918965,0.318
9460000,0,-18.587,663.864,0.865862,0.4645
9480000,0,-17.3298,662.15,0.0158138,0.4076
9500000,0,-18.0059,658.497,0.38392,0.435182
9520000,0,-18.4155,659.313,0.146366,0.382
9540000,0,-18.0964,663.78,0.921576,0.385
9560000,1,-28.7861,662.549,1.43622,0.359
9580000,0,-18.2881,662.669,2.58562,0.442
9600000,0,-17.767,661.318,1.10366,0.38
9620000,0,-17.9653,664.058,1.39372,0.348
9640000,1,-27.8422,667.686,0.347758,0.484
9660000,1,-27.3309,666.277,0.336967,0.439
9680000,1,-28.925,667.725,0.712261,0.559
9700000,0,-17.96,663.038,0.102052,0.407
9720000,0,-18.1874,664.83,0.0973482,0.451
9740000,0,-17.6941,663.486,0.758913,0.432429
9760000,0,-18.0201,663.649,1.38082,0.480143
9780000,0,-17.8684,663.987,1.75195,0.4118
9800000,0,-17.5382,662.046,0.897821,0.348
9820000,0,-18.9198,663.495,1.24986,0.362
9840000,0,-18.461,664.528,2.14143,0.419
9860000,0,-18.3719,663.521,0.033159,0.441514
9880000,0,-18.8128,658.806,0.220649,0.44625
9900000,1,-29.377,660.5,0.333106,0.382
9920000,1,-27.2448,662.007,1.02165,0.478
9940000,0,-17.7293,659.782,1.10574,0.419
9960000,0,-18.7441,663.819,1.63581,0.419833
9980000,0,-18.1915,663.495,0.30162,0.433
10000000,0,-18.8292,662.474,0.623446,0.509
10020000,0,-18.1425,662.69,0.967961,0.377
10040000,0,-17.7198,663.295,0.31727,0.408
10060000,1,-28.386,660.292,1.76047,0.484
10080000,0,-18.7466,663.317,2.12108,0.4835
10100000,1,-28.7766,666.616,4.06959,0.4365
10120000,0,-17.7075,663.525,2.47272,0.43
10140000,1,-29.7514,662.986,0.293231,0.537
10160000,0,-18.2871,665.089,2.41639,0.451
10180000,1,-28.7275,668.729,3.32845,0.436
10200000,0,-18.3824,663.447,0.0320843,0.481
10220000,0,-17.8131,663.982,0.343874,0.417
10240000,1,-29.1098,670.339,0.693541,0.4762
10260000,0,-18.1402,664.326,1.53497,0.375
10280000,0,-18.0398,663.424,0.483761,0.442
10300000,0,-17.8755,663.502,0.811854,0.355
10320000,0,-17.7877,664.279,0.0975712,0.392444
10340000,0,-18.535,664.713,1.40708,0.412714
10360000,0,-17.7097,662.876,0.489067,0.42225
10380000,1,-29.7266,664.96,0.720889,0.443
10400000,1,-28.8889,662.448,1.40212,0.440333
10420000,0,-18.2403,664.773,0.342023,0.369
10440000,0,-17.953,664.09,0.364959,0.445
10460000,0,-17.9863,662.456,0.22385,0.522
10480000,2,-38.8083,667.271,1.79887,0.417
10500000,0,-17.8033,662.302,0.111476,0.405556
10520000,1,-30.5179,663.559,1.96403,0.4428
10540000,0,-17.8497,664.548,0.636599,0.404857
10560000,0,-17.8476,664.291,0.433871,0.413833
10580000,1,-28.2103,664.44,0.58934,0.3845
10600000,1,-28.5424,666.821,1.09581,0.639
10620000,0,-17.9796,664.671,1.96757,0.39
10640000,0,-18.3074,664.087,1.41369,0.49
10660000,2,-41.4673,678.691,3.99618,0.572625
10680000,1,-32.1282,674.861,0.729693,0.512
10700000,0,-18.7515,662.721,0.63758,0.359
10720000,1,-27.2134,668.591,0.368972,0.637
10740000,0,-18.1604,663.273,1.20849,0.415
10760000,0,-18.77,662.662,0.0171859,0.415
10780000,1,-27.4255,661.724,0.823792,0.427
10800000,0,-18.8753,664.081,2.17894,0.413
10820000,0,-18.6545,663.288,2.32515,0.36
10840000,0,-17.7849,664.47,1.10993,0.435538
10860000,0,-17.796,663.346,0.0437407,0.411
10880000,2,-40.2236,664.155,6.51419,0.453333
10900000,1,-29.2626,663.196,0.989822,0.499267
10920000,2,-43.9462,676.398,2.06427,0.601
10940000,0,-17.8526,664.219,1.87368,0.425538
10960000,0,-18.3804,664.025,0.603483,0.514
10980000,0,-18.1302,664.713,1.5232,0.366
11000000,1,-27.8425,664.417,2.75984,0.41225
11020000,0,-18.3561,664.926,1.05694,0.348667
11040000,0,-17.8983,663.563,1.07001,0.349
11060000,1,-28.707,667.74,0.927614,0.448538
11080000,0,-18.4012,661.084,3.25644,0.419615
11100000,1,-26.9806,662.56,0.244369,0.404
11120000,1,-27.0503,670.053,5.03694,0.623
11140000,0,-18.8764,664.1,0.291512,0.4256
11160000,0,-18.0211,662.363,0.460656,0.4086
11180000,0,-18.4788,662.758,1.66108,0.355
11200000,1,-29.0541,665.285,0.707294,0.438
11220000,0,-17.3694,660.155,2.19423,0.35
11240000,1,-29.6535,662.962,3.16052,0.3932
11260000,0,-18.0618,663.489,0.0286161,0.342
11280000,0,-18.5315,664.514,0.933853,0.344
11300000,0,-18.1396,663.544,1.04602,0.399
11320000,1,-29.2767,667.744,0.913281,0.573
11340000,0,-17.3628,662.539,0.842623,0.37775
11360000,0,-17.3123,661.842,1.83221,0.389
11380000,0,-18.4926,662.963,0.0938882,0.419
11400000,0,-17.9219,664.175,0.258029,0.3965
11420000,0,-17.2311,661.8,3.49136,0.385286
11440000,0,-18.3177,663.572,0.183078,0.459
11460000,0,-18.0234,664.104,1.23841,0.409
11480000,0,-17.1936,660.912,0.35342,0.433667
11500000,1,-28.8819,665.241,3.38164,0.535
11520000,0,-18.6301,662.3,3.02321,0.476167
11540000,0,-18.4133,659.406,0.714234,0.4925
11560000,0,-18.037,663.959,0.561252,0.356
11580000,0,-17.7814,663.492,1.28631,0.428077
11600000,0,-17.3926,662.882,0.0018085,0.428
11620000,1,-27.381,662.316,0.716905,0.446533
11640000,0,-17.9319,664.26,1.69005,0.509
11660000,0,-17.5435,662.716,0.467024,0.442667
11680000,0,-17.6385,662.914,0.717775,0.447143
11700000,1,-28.1564,663.999,0.0899302,0.595
11720000,0,-18.756,663.64,0.2887,0.361
11740000,1,-29.2439,659.309,1.36096,0.423
11760000,0,-17.5619,663.224,0.276204,0.404667
11780000,1,-29.3534,664.807,3.11822,0.4865
11800000,1,-31.634,664.469,2.02874,0.577
11820000,0,-17.8982,664.123,0.456922,0.41
11840000,1,-31.3781,661.54,0.234019,0.4155
11860000,0,-18.14,664.656,0.932422,0.381333
11880000,2,-39.019,662.258,3.09215,0.62
11900000,0,-17.6549,663.957,2.72266,0.406
11920000,0,-17.7973,661.247,1.49606,0.4426
11940000,0,-18.697,664.338,0.138461,0.412
11960000,1,-30.4042,659.346,0.191735,0.428
11980000,1,-31.1257,663.914,0.737398,0.395
12000000,0,-17.6324,661.539,0.631016,0.399571
12020000,0,-18.062,661.313,0.670492,0.354
12040000,0,-18.2729,662.997,0.6161,0.441286
12060000,0,-18.1009,661.463,0.580525,0.42
12080000,0,-18.1304,661.564,1.40209,0.47
12100000,0,-18.2678,664.689,0.415226,0.418286
12120000,0,-17.7992,664.355,1.08108,0.39775
12140000,0,-18.0537,663.755,2.18392,0.423
12160000,0,-18.0398,662.709,5.13226,0.585
12180000,0,-18.2091,661.627,0.899486,0.439714
12200000,0,-17.4488,662.466,1.46944,0.378
12220000,0,-18.8881,661.285,0.956891,0.418
12240000,0,-18.6107,664.366,0.320418,0.4568
12260000,2,-43.8339,664.804,4.11746,0.454
12280000,0,-18.1865,664.39,1.18127,0.4385
12300000,0,-17.9049,664.328,0.663566,0.384714
12320000,0,-17.8963,662.811,0.224633,0.442429
12340000,0,-17.6294,663.969,0.87346,0.386
12360000,0,-18.3423,664.299,0.0331445,0.42
12380000,0,-17.4198,661.927,1.94896,0.361
12400000,0,-17.4262,662.928,0.81168,0.357
12420000,1,-31.4926,662.17,3.38021,0.433
12440000,0,-17.1174,659.807,0.470403,0.357
12460000,0,-18.9661,662.669,2.03858,0.413
12480000,0,-17.8943,660.31,0.170034,0.493
12500000,0,-17.6708,663.112,0.813346,0.436
12520000,0,-18.363,664.896,0.198973,0.354
12540000,0,-18.0063,663.143,0.443434,0.368
12560000,2,-41.9226,663.85,5.59743,0.345
12580000,0,-18.3319,661.107,1.75776,0.4482
12600000,1,-30.8265,663.666,1.86831,0.436
12620000,1,-29.2541,665.798,0.323821,0.559
12640000,0,-17.6585,662.665,0.0716171,0.3977
12660000,0,-18.9115,663.171,0.18807,0.412667
12680000,1,-31.6286,663.238,2.80659,0.406
12700000,0,-17.6798,662.746,0.317787,0.401
12720000,4,-61.7942,666.483,5.58496,0.463706
12740000,0,-17.8396,664.515,0.268158,0.386
12760000,0,-18.1078,659.34,0.231225,0.473739
12780000,0,-18.0438,663.807,0.782481,0.366
12800000,1,-27.9509,663.054,2.8062,0.4668
12820000,0,-18.6582,664.474,1.56859,0.356
12840000,0,-18.4735,662.847,0.206101,0.359
12860000,0,-18.3885,664.691,1.21616,0.44
12880000,0,-18.6083,662.252,1.09303,0.4604
12900000,0,-18.5672,662.255,0.0368505,0.38
12920000,0,-18.3487,663.666,0.993258,0.394
12940000,0,-18.0393,663.882,0.82059,0.418
12960000,1,-29.9132,668.658,0.389208,0.448444
12980000,2,-43.4502,665.065,0.912048,0.459857
13000000,0,-17.8798,662.496,0.335003,0.626
13020000,0,-18.323,663.465,1.3233,0.426
13040000,0,-17.981,664.535,0.61202,0.374167
13060000,0,-18.4318,664.892,0.126811,0.381
13080000,0,-18.0515,662.191,1.31863,0.4062
13100000,0,-17.6396,662.421,1.41698,0.409143
13120000,0,-18.5088,664.176,0.0708343,0.392
13140000,0,-18.4283,662.023,1.05028,0.363
13160000,0,-19.0367,662.964,0.594125,0.454917
13180000,0,-18.292,664.847,1.31024,0.407667
13200000,0,-17.6908,663.927,0.322845,0.424
13220000,0,-18.4818,664.24,2.66221,0.4435
13240000,0,-18.2338,664.055,1.9419,0.4248
13260000,1,-29.7485,667.007,0.323613,0.487
13280000,0,-18.6288,661.866,2.45008,0.428667
13300000,0,-18.3184,664.205,0.0384728,0.39
13320000,0,-17.9054,664.024,0.514078,0.543
13340000,0,-18.5276,662.187,0.681889,0.45025
13360000,0,-18.0897,662.291,1.71014,0.397
13380000,0,-17.8682,664.02,1.50066,0.4274
13400000,0,-18.6775,664.181,2.87991,0.494
13420000,1,-27.1402,666.224,0.269822,0.431
13440000,0,-19.1273,657.375,2.08943,0.437571
13460000,0,-18.3369,664.895,0.0678637,0.372
13480000,0,-18.5567,663.407,0.532843,0.388
13500000,0,-18.4902,663.571,0.433994,0.348
13520000,0,-17.6864,661.084,0.31796,0.416333
13540000,1,-27.6267,668.862,2.21827,0.413
13560000,0,-18.1257,662.639,0.054875,0.417222
13580000,0,-17.9376,664.344,1.06854,0.4475
13600000,1,-28.1444,663.263,0.622178,0.358
13620000,0,-18.3605,664.797,1.24136,0.4341
13640000,0,-17.9334,663.455,0.0156584,0.368
13660000,0,-17.7789,662.235,0.495472,0.445167
13680000,0,-18.7188,663.948,4.35988,0.433667
13700000,0,-18.2244,664.909,2.05729,0.411
13720000,1,-28.765,665.353,3.61022,0.5
13740000,3,-47.7239,662.314,4.74538,0.515
13760000,0,-18.533,662.683,1.041,0.494533
13780000,0,-18.4217,663.496,0.549023,0.4386
13800000,0,-18.2388,664.652,0.124793,0.408
13820000,0,-18.5014,664.065,0.0902732,0.425
13840000,0,-18.7482,664.049,1.70887,0.412167
13860000,0,-17.4438,662.578,0.830722,0.4
13880000,0,-18.4037,662.737,2.45337,0.497
13900000,0,-18.7227,664.045,0.527138,0.459714
13920000,1,-27.7904,664.328,2.91378,0.427571
13940000,0,-17.6458,662.781,2.95627,0.432333
13960000,0,-18.7318,662.514,1.46238,0.434364
13980000,1,-27.4695,662.963,0.226201,0.390857
14000000,0,-19.3509,662.497,0.56607,0.455
14020000,0,-18.1068,664.057,0.569898,0.349
14040000,1,-32.9034,672.771,3.04764,0.504
14060000,1,-34.6123,674.19,4.28495,0.563
14080000,0,-17.4776,660.757,1.40991,0.415667
14100000,1,-28.7374,665.711,1.05282,0.421
14120000,0,-17.8765,663.792,1.02256,0.379
14140000,0,-18.7431,662.065,0.39146,0.45225
14160000,1,-33.312,677.095,2.29196,0.525
14180000,1,-29.6766,673.33,0.951432,0.543
14200000,1,-30.1523,663.808,0.547244,0.409143
14220000,1,-31.6264,674.65,2.56944,0.53975
14240000,0,-18.3045,663.406,0.668519,0.485
14260000,1,-32.4399,677.286,0.810593,0.56
14280000,2,-37.9885,663.917,3.4011,0.415167
14300000,0,-18.0255,663.742,1.63917,0.416
14320000,0,-18.857,659.732,0.975165,0.384
14340000,0,-17.4779,662.252,1.93278,0.523667
14360000,1,-30.178,660.338,1.41207,0.488
14380000,1,-27.9463,661.473,1.05718,0.431
14400000,0,-17.2348,660.754,1.70153,0.417444
14420000,1,-27.9137,662.994,4.90353,0.4374
14440000,0,-18.127,661.625,0.179099,0.349
14460000,0,-18.39,664.066,0.105427,0.429
14480000,1,-28.0484,664.713,1.26699,0.348
14500000,3,-47.9685,662.59,9.43079,0.67
14520000,0,-18.4895,664.039,1.22691,0.509
14540000,0,-17.989,663.62,0.762101,0.362
14560000,2,-39.7389,657.403,4.66478,0.488
14580000,0,-17.7911,663.423,1.98273,0.4
14600000,0,-18.3393,664.697,0.0240158,0.369
14620000,2,-39.8038,664.078,5.91474,0.483583
14640000,0,-17.5963,662.013,1.07417,0.34
14660000,1,-27.5896,662.68,1.47041,0.404
14680000,0,-17.7999,663.89,0.223606,0.375
14700000,0,-18.4106,659.873,1.72769,0.421
14720000,0,-17.5669,661.707,0.0341517,0.344
14740000,0,-17.9525,662.206,0.0148256,0.43
14760000,2,-43.0282,679.609,2.49376,0.4924
14780000,7,-104.221,668.431,15.5371,0.57925
14800000,2,-49.7728,676.627,1.56521,0.5496
14820000,2,-43.4915,674.639,4.21226,0.511
14840000,2,-44.3206,673.499,4.8749,0.571
14860000,2,-43.4869,676.973,0.834845,0.512
14880000,0,-18.3775,662.963,0.13758,0.455167
14900000,0,-18.5891,664.041,1.65754,0.4182
14920000,0,-18.0028,664.5,1.78134,0.387
14940000,1,-31.2045,679.306,1.95026,0.47
14960000,5,-78.1361,666.272,7.95733,0.683
14980000,2,-43.5105,681.481,5.03887,0.588
15000000,0,-18.8831,660.104,0.355503,0.454857
15020000,1,-27.7641,664.349,1.43907,0.362
15040000,1,-27.0897,663.118,1.35554,0.449
15060000,0,-17.9514,664.176,0.760164,0.396714
15080000,0,-18.7047,663.26,0.926151,0.399
15100000,0,-17.7755,663.772,1.12049,0.367
15120000,1,-28.087,662.532,1.38324,0.398667
15140000,0,-18.1119,664.822,1.01465,0.5
15160000,2,-39.0036,659.634,1.0007,0.557
15180000,0,-17.3734,662.34,2.3917,0.586
15200000,4,-60.4364,672.708,6.15143,0.644
15220000,1,-30.3417,674.679,2.362,0.5562
15240000,2,-40.1673,672.818,2.07474,0.529
15260000,1,-32.632,676.562,1.2814,0.5362
15280000,0,-17.3242,661.045,2.35242,0.407
15300000,2,-38.9265,672.773,4.75276,0.571
15320000,1,-33.8848,677.114,2.76787,0.596125
15340000,0,-17.7873,661.709,0.253771,0.565
15360000,0,-18.4807,664.856,2.04262,0.486091
15380000,0,-18.6445,663.372,2.31244,0.484
15400000,0,-17.8471,664.238,1.91159,0.364
15420000,0,-17.8082,663.551,1.63225,0.4041
15440000,0,-18.3981,663.819,0.240299,0.3936
15460000,2,-40.3496,662.337,2.22597,0.3985
15480000,0,-19.4055,662.263,0.9535,0.442
15500000,0,-17.9888,664.591,1.98031,0.417444
15520000,0,-17.5264,663.175,0.0599258,0.6236
15540000,0,-17.5975,662.737,1.16504,0.432
15560000,0,-18.6417,663.894,0.033523,0.393667
15580000,0,-17.9869,660.538,2.87315,0.442154
15600000,0,-17.5375,659.581,2.07515,0.508
15620000,0,-18.8164,663.071,1.73368,0.441733
15640000,1,-28.7875,662.345,2.7674,0.4265
15660000,0,-18.1473,664.807,0.344326,0.402
15680000,0,-18.622,661.895,0.309419,0.5036
15700000,0,-18.3859,664.732,3.84511,0.3896
15720000,1,-28.9883,667.43,1.58617,0.577
15740000,1,-30.5096,663.467,0.400291,0.384
15760000,0,-18.0714,664.623,0.0879391,0.517
15780000,1,-31.5304,659.677,4.98924,0.606
15800000,1,-29.8913,665.183,1.07502,0.429125
15820000,0,-18.4821,664.332,0.11212,0.494
15840000,0,-18.4013,664.771,0.509493,0.382
15860000,1,-27.5153,661.59,1.58357,0.399
15880000,0,-17.4383,662.298,1.32979,0.435
15900000,0,-17.804,663.319,0.125111,0.4275
15920000,0,-18.331,657.225,0.258948,0.41375
15940000,0,-18.1357,664.726,0.163657,0.325
15960000,0,-17.7982,661.515,0.0239093,0.456667
15980000,0,-17.9654,664.366,0.0360389,0.37
16000000,0,-17.4238,662.431,4.84047,0.419667
16020000,1,-29.1695,663.121,1.79263,0.408
16040000,0,-17.7778,662.09,0.730651,0.389
16060000,1,-27.617,662.902,1.02334,0.48
16080000,0,-17.5757,663.582,0.920257,0.374
16100000,0,-18.1062,663.645,0.125912,0.358
16120000,2,-47.4458,663.685,2.14162,0.639
16140000,1,-26.7378,662.49,2.99135,0.409
16160000,0,-17.3113,662.156,1.57947,0.345
16180000,2,-39.275,662.03,4.7853,0.384
16200000,0,-18.3571,663.369,0.678997,0.37
16220000,0,-18.5469,657.733,0.176629,0.3715
16240000,0,-18.2955,665.034,1.18755,0.385
16260000,0,-18.5865,663.882,1.20602,0.5175
16280000,0,-18.0093,660.76,0.515039,0.351
16300000,1,-28.609,663.422,2.96315,0.407455
16320000,0,-18.4798,664.667,0.0268643,0.388333
16340000,1,-27.8093,668.075,1.61988,0.637
16360000,0,-17.8335,663.017,0.121967,0.37
16380000,0,-17.7211,663.248,1.85502,0.342
16400000,0,-18.3688,664.242,2.25508,0.384
16420000,0,-18.0128,663.807,0.603327,0.402
16440000,0,-18.2685,662.787,1.83495,0.429167
16460000,0,-18.0705,664.647,0.345763,0.400667
16480000,0,-18.0179,664.85,0.149172,0.41
16500000,0,-18.9464,661.536,0.991269,0.339
16520000,0,-17.795,660.802,0.195859,0.472
16540000,0,-17.6371,663.43,1.35928,0.4225
16560000,0,-17.1735,656.061,0.724857,0.424889
16580000,0,-17.8566,662.697,1.84007,0.453625
16600000,1,-27.1664,662.778,2.3645,0.42
16620000,1,-28.4013,666.845,0.824215,0.499
16640000,1,-29.7217,674.576,0.531154,0.493
16660000,0,-18.4024,664.302,1.45153,0.475
16680000,0,-18.0909,664.01,1.75553,0.444143
16700000,1,-28.1317,664.054,3.95067,0.422
16720000,0,-18.5534,664.173,0.0913656,0.397364
16740000,0,-18.5009,661.093,0.774854,0.392
16760000,2,-38.981,662.857,2.17893,0.465222
16780000,0,-17.4926,662.009,3.92884,0.379
16800000,0,-17.771,663.652,0.0796339,0.4175
16820000,0,-18.0292,664.902,0.852253,0.361
16840000,0,-17.4371,661.704,0.544473,0.4588
16860000,0,-18.5436,664.611,1.58055,0.554667
16880000,0,-18.2041,664.391,1.47367,0.493684
16900000,1,-28.1338,665.2,2.0729,0.422
16920000,1,-29.0494,665.033,4.06013,0.586
16940000,2,-40.496,674.998,2.92975,0.51
16960000,0,-17.6567,662.955,1.46868,0.5492
16980000,0,-18.4003,662.964,1.1089,0.459
17000000,0,-17.3453,660.783,2.14155,0.416429
17020000,0,-18.8358,664.287,2.11227,0.37
17040000,0,-18.8743,663.137,2.5663,0.4875
17060000,0,-17.9854,663.068,0.428069,0.443333
17080000,0,-18.4903,663.494,0.514071,0.374
17100000,0,-17.826,663.814,4.60479,0.379833
17120000,1,-27.2066,663.232,3.27358,0.4065
17140000,0,-18.7775,662.943,1.3157,0.395667
17160000,0,-17.7163,663.379,0.358085,0.393
17180000,0,-17.7765,662.642,2.46484,0.359
17200000,0,-17.9775,663.404,0.806464,0.366
17220000,0,-17.9489,661.058,1.75278,0.451
17240000,0,-18.4296,663.897,0.568369,0.384
17260000,0,-18.1484,664.673,0.566255,0.364
17280000,0,-18.7202,662.662,0.957195,0.427
17300000,0,-17.4545,660.831,0.297645,0.435923
17320000,0,-18.3724,663.46,4.95787,0.439222
17340000,0,-17.6945,663.402,1.00134,0.359
17360000,1,-27.1345,661.969,1.57055,0.4585
17380000,0,-18.2737,664.353,0.109042,0.422
17400000,0,-18.0776,663.718,0.581581,0.354
17420000,0,-17.8758,664.227,0.184201,0.383
17440000,0,-18.1903,664.924,0.644754,0.574
17460000,0,-17.1017,659.728,0.386603,0.466
17480000,0,-18.8261,661.403,0.32233,0.517
17500000,0,-18.0318,663.586,0.191535,0.422
17520000,1,-27.7496,665.036,1.31723,0.41525
17540000,0,-18.4768,663.466,0.537587,0.378
17560000,0,-18.7107,664.44,0.230394,0.352
17580000,0,-18.9491,663.048,0.552711,0.483
17600000,0,-18.0034,662.818,0.413095,0.44825
17620000,0,-18.1111,661.422,0.0349723,0.371
17640000,0,-19.0561,661.719,0.649906,0.417
17660000,1,-28.8186,660.357,4.14264,0.465625
17680000,0,-18.475,664.161,0.189023,0.4615
17700000,0,-17.9695,660.183,0.192941,0.406
17720000,0,-18.1504,664.387,0.942388,0.416
17740000,0,-18.323,663.471,1.36322,0.503
17760000,0,-18.0181,663.117,0.882642,0.43375
17780000,2,-38.6781,661.427,1.15446,0.522
17800000,0,-17.5956,663.464,1.23479,0.361
17820000,0,-17.7597,661.224,0.654793,0.415778
17840000,0,-18.4059,664.842,1.05345,0.46275
17860000,0,-17.8151,663.412,0.229997,0.414286
17880000,0,-17.5535,662.107,1.39527,0.3725
17900000,0,-18.4891,664.111,0.50067,0.445
17920000,0,-17.6503,662.471,0.913788,0.43585
17940000,0,-17.8187,663.907,1.24085,0.455
17960000,0,-17.7332,663.303,0.342308,0.37
17980000,0,-18.1818,661.763,0.173974,0.45685
18000000,1,-27.4202,660.971,1.42672,0.502
18020000,4,-68.1475,684.248,4.58785,0.532
18040000,1,-32.1193,675.651,4.63296,0.554
18060000,1,-29.4274,660.79,1.77836,0.412
18080000,1,-33.7177,672.338,1.58705,0.467
18100000,0,-18.132,664.394,0.0164755,0.378
18120000,0,-18.5971,661.75,1.70087,0.405
18140000,0,-18.9531,663.611,1.67445,0.386
18160000,1,-27.3858,664.487,2.38152,0.441
18180000,0,-17.8229,664.141,1.07025,0.41735
18200000,0,-18.8456,663.017,1.14341,0.381
18220000,0,-18.6966,664.436,3.47625,0.440143
18240000,1,-26.8985,660.995,2.65462,0.428778
18260000,0,-18.0931,664.571,0.606463,0.46275
18280000,0,-17.4348,660.352,1.82798,0.468421
18300000,2,-38.0663,662.32,4.61743,0.393
18320000,0,-18.1576,663.531,1.24224,0.436
18340000,0,-18.3102,663.889,0.158657,0.459583
18360000,0,-18.2879,663.888,0.996242,0.501
18380000,0,-18.2888,663.46,0.708702,0.42
18400000,0,-17.8153,664.222,1.11926,0.426
18420000,0,-18.4976,664.333,0.0221496,0.364
18440000,1,-28.1312,661.079,2.51878,0.4682
18460000,1,-26.894,665.963,3.30048,0.3645
18480000,2,-44.6311,677.85,5.07111,0.5533
18500000,1,-28.937,659.218,3.42153,0.412
18520000,1,-30.7549,675.394,2.28933,0.633
18540000,1,-27.9725,662.067,4.48902,0.431286
18560000,1,-33.1258,663.45,3.62527,0.3735
18580000,0,-18.2155,662.366,1.81212,0.47725
18600000,0,-18.5614,662.21,0.0152457,0.555
18620000,0,-18.0376,664.83,0.330356,0.341
18640000,0,-18.3705,661.981,0.17814,0.398
18660000,1,-32.1804,664.638,0.931057,0.661
18680000,1,-34.8263,662.528,0.708067,0.549
18700000,0,-17.9561,662.38,2.314,0.34
18720000,0,-18.3557,660.306,0.671119,0.331
18740000,1,-27.2151,663.273,1.56356,0.378
18760000,0,-18.045,664.002,0.820983,0.481
18780000,0,-17.7899,660.731,0.95733,0.369
18800000,2,-41.149,674.514,1.76336,0.4974
18820000,0,-18.6341,663.411,0.686294,0.544
18840000,0,-18.6281,663.686,0.3304,0.512
18860000,0,-18.198,663.791,1.52511,0.44
18880000,0,-18.344,663.514,0.642181,0.471556
18900000,0,-18.3216,664.749,1.25182,0.452958
18920000,0,-18.0658,662.923,1.9383,0.464917
18940000,0,-17.9525,663.963,0.271006,0.417333
18960000,0,-18.0423,661.217,0.00295193,0.500538
18980000,0,-18.8197,662.937,0.212865,0.378
19000000,0,-17.8926,664.037,0.433604,0.414941
19020000,0,-18.4166,664.708,3.83982,0.372333
19040000,0,-17.9279,663.982,1.68079,0.419
19060000,0,-18.0285,664.227,1.47354,0.424
19080000,0,-17.9632,662.72,0.639001,0.434
19100000,0,-18.0993,664.88,0.852015,0.403389
19120000,0,-18.1967,664.297,0.543425,0.42175
19140000,0,-18.1659,661.787,0.209346,0.561
19160000,0,-18.6619,663.299,0.143088,0.4585
19180000,1,-29.8969,662.962,4.33393,0.33
19200000,1,-27.2992,669.856,0.987056,0.498
19220000,1,-29.6781,662.314,1.09686,0.387667
19240000,1,-27.2156,663.494,1.71339,0.42
19260000,0,-18.3978,664.537,3.17907,0.479
19280000,0,-17.7545,663.024,0.676374,0.345
19300000,0,-18.7819,662.993,1.39325,0.45
19320000,0,-19.1137,661.572,1.43431,0.476333
19340000,0,-18.2134,663.659,1.19796,0.357
19360000,1,-27.7596,666.794,3.03558,0.62475
19380000,0,-18.2577,663.07,0.229119,0.398625
19400000,0,-18.3969,664.666,0.285482,0.388
19420000,0,-18.1811,663.576,0.279918,0.378
19440000,0,-18.8723,663.918,1.11173,0.357
19460000,2,-39.1424,668.433,3.68949,0.557
19480000,0,-18.5151,661.583,1.3253,0.441
19500000,0,-17.9128,663.529,1.13429,0.464
19520000,0,-18.6554,663.213,0.242972,0.4235
19540000,0,-18.576,664.738,1.54865,0.375
19560000,0,-17.8414,663.139,0.519712,0.367
19580000,0,-19.0626,663.048,4.36542,0.4305
19600000,0,-18.3945,661.785,0.867389,0.365667
19620000,0,-17.7278,663.339,2.23081,0.362
19640000,0,-17.9067,663.707,2.53462,0.4615
19660000,1,-28.6926,662.726,4.50977,0.406
19680000,0,-17.5432,663.425,0.536289,0.506
19700000,0,-18.0901,663.379,0.559495,0.364
19720000,0,-17.9432,662.07,0.607879,0.448
19740000,0,-18.4619,663.706,0.0402495,0.387
19760000,0,-18.6941,663.24,0.545823,0.369
19780000,0,-17.9507,663.773,0.699166,0.36
19800000,0,-18.1999,664.419,0.345005,0.40315
19820000,0,-17.8496,664.362,0.0189233,0.3715
19840000,0,-17.3557,662.043,0.441721,0.447
19860000,0,-18.0867,663.381,0.90503,0.45975
19880000,1,-29.1259,663.561,1.0752,0.419
19900000,0,-18.3304,662.018,0.233239,0.443
19920000,0,-17.7527,661.707,0.254956,0.397
19940000,1,-29.1736,662.515,3.02069,0.457167
19960000,1,-27.1845,657.474,0.60149,0.4675
19980000,0,-18.5599,662.797,0.272525,0.566
20000000,0,-17.879,664.032,0.687686,0.371
20020000,0,-17.6747,662.327,0.0176114,0.453368
20040000,4,-68.4618,658.387,5.39658,0.498667
20060000,0,-18.204,664.538,1.41053,0.402667
20080000,0,-18.5191,660.973,0.288969,0.391
20100000,1,-32.6431,666.88,0.87784,0.43825
20120000,0,-18.9132,661.964,0.154449,0.408
20140000,2,-41.1996,667.515,3.7226,0.571
20160000,0,-17.9941,663.223,0.15463,0.346
20180000,0,-18.3405,663.915,0.0482418,0.413091
20200000,0,-18.0558,661.949,1.01441,0.334
20220000,0,-18.2978,664.925,0.894798,0.387
20240000,0,-18.415,664.139,0.347832,0.406727
20260000,0,-18.264,662.841,0.21149,0.448125
20280000,0,-18.2934,664.027,1.08304,0.4885
20300000,0,-18.6503,662.668,0.00698682,0.416
20320000,2,-39.52,668.153,1.48432,0.521
20340000,0,-18.3368,664.028,1.72196,0.333
20360000,2,-46.9552,678.132,3.01265,0.542
20380000,1,-31.2512,660.666,2.471,0.48225
20400000,3,-56.1551,679.626,3.26475,0.5878
20420000,0,-18,664.568,1.91501,0.428
20440000,0,-18.5521,664.554,0.390548,0.428625
20460000,0,-17.6981,661.83,0.0654049,0.401
20480000,0,-17.7785,662.533,0.424649,0.44825
20500000,0,-17.9926,656.714,1.02275,0.396
20520000,0,-18.3217,664.645,0.510614,0.411
20540000,0,-17.429,661.363,2.32716,0.355
20560000,0,-17.3551,661.517,0.311874,0.629
20580000,1,-27.9317,662.811,1.53588,0.443
20600000,0,-17.0737,658.587,0.0437176,0.393
20620000,5,-73.987,676.464,6.06117,0.562
20640000,2,-40.2479,670.746,3.77208,0.567
20660000,0,-18.4013,663.573,2.57885,0.416833
20680000,4,-61.597,672.376,5.45479,0.545
20700000,0,-18.4967,661.151,0.644048,0.386
20720000,0,-18.3617,660.692,0.0764906,0.42
20740000,1,-27.1161,662.515,2.66745,0.426
20760000,2,-40.3838,662.384,3.54036,0.432
20780000,0,-18.1233,662.441,0.099029,0.480375
20800000,0,-19.028,662.541,1.69447,0.49
20820000,1,-29.7055,674.003,5.70587,0.511
20840000,1,-28.4008,664.371,8.40863,0.486
20860000,0,-18.1023,663.171,0.300122,0.411
20880000,0,-18.3393,662.969,2.61353,0.326
20900000,0,-18.3742,660.132,1.31122,0.4102
20920000,0,-18.7641,659.728,2.31374,0.408
20940000,3,-49.0826,664.311,4.50858,0.651
20960000,0,-18.4689,663.458,0.574583,0.392643
20980000,0,-17.6648,661.386,1.01605,0.3545
21000000,4,-61.2467,663.936,3.92801,0.573
21020000,0,-18.4091,663.953,3.21575,0.534
21040000,0,-18.2064,664.471,0.798694,0.348
21060000,0,-17.3533,661.548,0.218611,0.381667
21080000,1,-28.7213,661.865,2.7197,0.375
21100000,1,-31.5322,671.451,2.58497,0.536
21120000,3,-50.59,674.845,1.29805,0.55925
21140000,2,-46.3842,676.827,3.33172,0.543
21160000,0,-17.7617,662.625,2.91286,0.452222
21180000,0,-18.5412,661.151,4.71579,0.478
21200000,1,-35.0735,677.512,2.67681,0.5358
21220000,0,-18.6323,659.683,0.806676,0.396
21240000,0,-17.5565,660.489,1.72132,0.433353
21260000,0,-17.9715,662.344,0.458554,0.438889
21280000,1,-32.2184,671.634,1.18738,0.427
21300000,1,-36.1217,677.169,1.44639,0.515
21320000,0,-17.6177,662.654,0.460492,0.39
21340000,1,-27.8847,666.664,1.41235,0.573714
21360000,0,-18.6978,663.243,0.732938,0.507227
21380000,0,-18.7684,663.067,0.509713,0.391
21400000,2,-40.1258,673.242,5.92167,0.623
21420000,3,-51.7364,675.951,4.91785,0.607
21440000,0,-18.2247,661.552,0.597958,0.41
21460000,1,-26.7524,662.602,0.295244,0.469556
21480000,0,-18.0086,664.174,0.221087,0.4696
21500000,1,-28.9299,664.622,2.34245,0.503778
21520000,0,-18.1968,664.989,2.11018,0.35
21540000,1,-30.3113,666.243,2.83685,0.606
21560000,0,-18.015,663.333,0.513404,0.42
21580000,1,-27.4968,663.876,2.84695,0.416571
21600000,0,-18.3655,663.297,1.2754,0.384
21620000,0,-18.0253,664.239,1.98115,0.384
21640000,1,-28.1465,662.916,1.08307,0.408
21660000,0,-17.7492,662.554,1.61306,0.415
21680000,0,-17.6379,662.025,0.718357,0.58075
21700000,0,-17.784,662.886,1.34645,0.4546
21720000,0,-18.2883,663.74,0.817748,0.477
21740000,0,-18.568,663.502,0.971119,0.325
21760000,0,-17.7073,663.487,0.9676,0.443667
21780000,0,-17.8581,662.854,1.24165,0.4095
21800000,0,-17.7386,662.104,0.620032,0.4215
21820000,1,-28.4525,666.698,2.71861,0.459
21840000,0,-17.4976,661.914,1.10958,0.41424
21860000,1,-28.5342,665.731,1.653,0.501
21880000,0,-17.9541,663.799,2.25075,0.349
21900000,0,-17.7615,662.783,0.435276,0.486
21920000,0,-18.7491,663.979,0.885409,0.456
21940000,0,-18.7717,664.095,0.854865,0.432417
21960000,1,-27.7453,661.766,1.85141,0.429
21980000,0,-18.2216,663.87,0.0735488,0.354
22000000,0,-18.6442,664.366,1.22673,0.352
22020000,0,-18.2839,664.378,4.56553,0.356
22040000,0,-17.6739,663.677,0.242539,0.358
22060000,0,-18.0533,664.199,0.566167,0.4176
22080000,0,-18.369,662.472,1.06616,0.4738
22100000,1,-28.3387,664.104,0.474782,0.377
22120000,0,-17.5709,663.003,3.27441,0.381333
22140000,0,-17.8028,664.217,0.90018,0.433
22160000,0,-18.1793,664.575,0.551236,0.39
22180000,0,-18.676,664.202,1.4654,0.472769
22200000,0,-18.1821,662.691,0.343863,0.3935
22220000,0,-17.7576,662.201,0.937926,0.37
22240000,0,-18.4965,662.018,0.666655,0.37
22260000,1,-28.1554,662.424,1.18536,0.438
22280000,1,-28.5839,666.167,3.99177,0.4875
22300000,2,-37.2362,666.085,4.93968,0.619
22320000,0,-18.4324,664.722,1.47767,0.377
22340000,2,-38.9096,656.694,2.20357,0.534
22360000,1,-27.4337,665.556,0.274654,0.569
22380000,0,-18.6611,661.667,0.743082,0.374
22400000,0,-17.6105,660.747,0.472659,0.441857
22420000,0,-18.0136,662.089,1.70919,0.346
22440000,0,-17.7306,663.499,1.694,0.408
22460000,0,-18.4714,663.226,0.000486167,0.383333
22480000,0,-18.1355,660.44,0.102073,0.41536
22500000,1,-31.3775,657.275,5.20037,0.418
22520000,1,-28.9813,661.328,0.914104,0.48
22540000,0,-17.889,663.673,0.936559,0.5175
22560000,0,-18.2026,661.932,0.692829,0.359
22580000,0,-18.6545,661.138,1.36192,0.4418
22600000,0,-18.8111,662.716,0.0437587,0.393636
22620000,0,-17.1496,660.155,0.560275,0.4265
22640000,0,-18.0722,660.149,0.0550034,0.369
22660000,1,-28.2415,666.151,0.877435,0.47
22680000,0,-18.2972,663.433,0.223358,0.473833
22700000,1,-30.3681,660.973,1.02301,0.434
22720000,1,-28.2476,664.79,2.3713,0.434125
22740000,0,-17.9641,659.512,1.6532,0.363
22760000,0,-18.9903,662.059,1.28256,0.352
22780000,0,-18.1484,664.465,0.249968,0.4314
22800000,0,-18.5822,664.625,0.523781,0.434455
22820000,3,-48.3042,665.133,3.52702,0.414727
22840000,1,-27.6586,667.816,0.696141,0.594
22860000,0,-18.4614,663.913,0.166211,0.372
22880000,1,-33.161,657.606,1.75804,0.5415
22900000,0,-18.5419,663.913,0.0414291,0.378
22920000,0,-18.8102,663.646,1.71696,0.383
22940000,2,-44.2662,669.437,0.163329,0.568
22960000,2,-41.6201,665.536,8.05115,0.564
22980000,1,-30.8143,661.401,2.46248,0.442
23000000,1,-33.1043,677.848,0.744601,0.53
23020000,1,-36.2317,677.611,2.3319,0.5265
23040000,2,-40.5217,665.966,3.51655,0.537
23060000,0,-18.2663,663.475,0.154568,0.4182
23080000,0,-17.1827,661.389,0.602298,0.4243
23100000,0,-17.8232,663.013,0.28204,0.3822
23120000,1,-29.0354,659.539,2.46688,0.393
23140000,0,-18.9638,662.942,0.343225,0.365
23160000,0,-18.849,663.796,0.542243,0.392
23180000,0,-18.5215,663.507,0.394627,0.548333
23200000,0,-18.9475,663.345,0.566348,0.448
23220000,0,-17.4601,662.939,0.632901,0.623
23240000,0,-19.0967,660.34,1.89842,0.387
23260000,0,-18.4096,664.687,0.270554,0.336
23280000,0,-18.9087,661.299,1.17797,0.353
23300000,0,-19.1169,662.004,0.376594,0.388
23320000,0,-17.5457,662.73,0.0853409,0.443
23340000,0,-18.0943,663.353,1.51964,0.4613
23360000,0,-18.1969,664.742,0.443896,0.451
23380000,4,-62.4146,673.278,5.90787,0.585545
23400000,0,-18.7522,662.624,0.0796507,0.373
23420000,0,-18.1473,664.32,1.36,0.358
23440000,0,-18.2928,661.257,1.16866,0.4085
23460000,0,-18.4373,662.886,0.354645,0.381667
23480000,1,-29.1831,663.66,1.38674,0.431
23500000,2,-40.6659,670.347,4.67341,0.577
23520000,0,-17.0108,657.983,0.930852,0.470333
23540000,1,-29.1814,665.462,1.07829,0.539
23560000,0,-18.4302,664.717,0.789678,0.362
23580000,0,-18.4338,663.981,0.681185,0.371
23600000,1,-27.6222,661.721,2.54281,0.362
23620000,0,-17.7054,663.357,2.28842,0.433625
23640000,0,-17.4609,659.602,0.442324,0.36
23660000,0,-18.1398,663.332,0.421547,0.455769
23680000,0,-18.2064,664.404,0.43202,0.386625
23700000,1,-30.1953,665.276,1.5779,0.4444
23720000,0,-18.0182,664.901,0.846278,0.407
23740000,0,-18.4601,664.607,4.40137,0.467
23760000,0,-17.6971,663.388,1.06792,0.422
23780000,0,-18.1188,664.567,0.232378,0.375
23800000,0,-18.5419,659.166,3.44224,0.4184
23820000,0,-17.9635,660.841,0.180914,0.382
23840000,1,-27.0024,663.78,0.485794,0.3618
23860000,2,-38.9171,662.85,0.58547,0.4
23880000,0,-18.5085,664.569,1.85084,0.436
23900000,0,-18.2737,664.768,1.71981,0.390714
23920000,0,-18.3139,662.838,0.18115,0.376
23940000,1,-28.2841,660.183,1.72834,0.443
23960000,0,-18.5051,664.927,0.0748862,0.448
23980000,0,-18.8443,662.814,0.921272,0.402
24000000,1,-27.874,663.357,1.34306,0.4338
24020000,0,-18.0256,664.806,0.0928141,0.371
24040000,1,-31.925,667.584,2.73128,0.429667
24060000,0,-18.1302,662.197,0.059076,0.6065
24080000,1,-27.9406,660.661,0.937813,0.56
24100000,0,-18.2379,664.818,1.78015,0.436
24120000,0,-18.9728,662.76,1.96328,0.401333
24140000,0,-18.394,663.76,0.074672,0.476167
24160000,0,-18.5841,661.49,0.157273,0.446154
24180000,1,-30.1382,662.536,1.30355,0.429125
24200000,1,-28.001,663.42,1.66138,0.4771
24220000,0,-18.2132,663.894,0.0966721,0.406
24240000,0,-18.1016,664.624,0.647168,0.3845
24260000,0,-18.2035,662.975,1.5173,0.406
24280000,0,-18.5789,664.758,1.20468,0.454
24300000,1,-30.7205,675.722,4.26344,0.498
24320000,0,-18.3766,663.631,0.568112,0.404571
24340000,0,-17.7878,662.647,0.386616,0.354
24360000,0,-17.6381,663.62,0.695638,0.412
24380000,0,-18.4102,663.571,0.0421738,0.386
24400000,2,-39.9249,661.155,5.61636,0.456333
24420000,0,-19.069,662.962,0.753617,0.412867
24440000,0,-18.5775,663.005,0.128923,0.4728
24460000,0,-18.3004,664.19,1.82298,0.478
24480000,0,-18.0532,664.64,3.75338,0.579
24500000,0,-18.0587,664.667,1.18192,0.372
24520000,0,-18.4037,662.641,2.25152,0.459
24540000,0,-17.8544,664.213,1.19593,0.427
24560000,0,-17.8547,662.395,0.82634,0.4295
24580000,0,-18.582,664.816,1.19612,0.388667
24600000,0,-17.8442,664.584,0.503505,0.382
24620000,0,-17.7686,663.559,1.21552,0.592
24640000,0,-18.0779,661.163,2.17161,0.453
24660000,1,-28.8692,659.011,0.950144,0.36
24680000,0,-18.6935,660.444,0.365083,0.416
24700000,0,-18.2974,663.837,0.807766,0.417333
24720000,0,-17.2079,661.027,1.28958,0.387
24740000,0,-18.035,663.204,5.31253,0.489
24760000,0,-17.914,660.086,0.703033,0.385
24780000,0,-17.6607,663.78,0.311735,0.524
24800000,1,-27.2727,660.737,4.36747,0.456
24820000,1,-27.6679,660.984,2.50234,0.371
24840000,0,-18.2182,663.323,0.0573041,0.384
24860000,0,-18.2213,663.693,0.624241,0.3832
24880000,0,-17.4337,660.701,1.40954,0.434
24900000,0,-18.5435,664.406,0.233982,0.392333
24920000,2,-37.9261,667.269,0.865561,0.648
24940000,0,-18.1216,661.945,0.30066,0.379
24960000,0,-18.1123,663.955,5.58908,0.429733
24980000,0,-17.6707,664.055,0.44022,0.401
25000000,0,-18.6362,664.599,0.541353,0.419
25020000,1,-28.3853,666.197,1.96943,0.4882
25040000,0,-17.9353,663.936,1.04004,0.386
25060000,0,-18.1343,664.327,1.09441,0.3605
25080000,0,-18.2163,664.343,0.193564,0.386
25100000,0,-18.0894,664.372,5.58099,0.417786
25120000,0,-17.9702,664.785,0.432841,0.381667
25140000,1,-29.6787,665.579,2.56035,0.45
25160000,0,-17.8591,663.876,1.74678,0.413
25180000,0,-17.7847,663.213,1.17141,0.377
25200000,2,-39.3813,667.922,7.63043,0.488
25220000,0,-18.3427,663.265,1.25676,0.352
25240000,0,-18.2494,664.233,0.77175,0.37
25260000,0,-18.0286,662.28,0.341035,0.45
25280000,0,-18.0695,658.035,0.361803,0.404
25300000,1,-27.044,662.131,3.62632,0.3785
25320000,0,-18.0695,664.631,1.74203,0.367
25340000,1,-29.0889,658.849,2.59129,0.4045
25360000,0,-18.8018,663.04,0.584475,0.376
25380000,0,-18.8891,663.536,3.04135,0.402
25400000,0,-18.2562,664.762,0.484956,0.318
25420000,0,-17.5461,663.253,0.683429,0.425818
25440000,0,-17.9677,663.348,0.898787,0.37
25460000,0,-18.5753,663.539,1.65806,0.396222
25480000,0,-17.9024,663.356,0.722884,0.4
25500000,0,-18.2497,664.655,1.13354,0.433125
25520000,0,-18.7324,664.423,0.631878,0.415
25540000,0,-17.8958,663.071,1.00702,0.365667
25560000,0,-17.8771,664.252,1.42305,0.373
25580000,0,-18.1727,664.156,1.90795,0.367
25600000,0,-18.0637,664.101,0.575409,0.376
25620000,0,-17.5046,662.225,1.36531,0.365
25640000,0,-17.9432,661.906,2.31376,0.514
25660000,0,-18.5876,662.418,0.692386,0.374
25680000,0,-18.1143,662.621,2.25165,0.357
25700000,0,-18.178,663.088,0.370862,0.457833
25720000,0,-18.3653,664.532,3.19079,0.368
25740000,0,-18.4533,663.273,1.43086,0.379
25760000,1,-27.8754,662.274,0.764152,0.422
25780000,0,-18.4128,664.684,0.051134,0.351
25800000,0,-18.2883,664.688,0.0132083,0.371
25820000,0,-18.8244,664.017,1.62009,0.373
25840000,0,-18.4432,662.407,1.86162,0.37
25860000,2,-41.3842,663.853,1.30578,0.429
25880000,3,-50.8839,667.704,2.33412,0.419429
25900000,3,-49.3896,663.231,8.03547,0.431182
25920000,0,-18.0875,660.843,1.04361,0.366
25940000,0,-18.3625,664.639,1.56656,0.524333
25960000,0,-19.0003,661.977,1.71896,0.4495
25980000,0,-18.5782,664.116,0.772786,0.5565
26000000,1,-27.9954,661.787,3.20126,0.4545
26020000,0,-18.0551,663.738,0.201642,0.479
26040000,0,-17.5968,662.601,0.679832,0.569
26060000,0,-19.0487,663.632,1.10785,0.404
26080000,0,-18.2568,660.761,0.924604,0.433429
26100000,0,-18.3946,662.693,0.410356,0.373
26120000,0,-18.5267,664.112,0.41495,0.408
26140000,0,-19.2009,661.953,2.22535,0.3948
26160000,0,-17.9776,661.589,0.22763,0.364
26180000,0,-18.1967,664.466,3.21953,0.624
26200000,0,-18.5342,662.114,2.69537,0.479
26220000,1,-30.2797,665.788,0.590823,0.546
26240000,0,-17.615,662.85,0.387226,0.345
26260000,0,-18.1922,663.577,0.162192,0.433429
26280000,0,-17.9698,664.274,0.421805,0.395
26300000,0,-19.0023,662.594,1.67337,0.419
26320000,0,-18.9006,662.956,1.03259,0.406375
26340000,0,-18.2959,662.306,1.01781,0.392
26360000,0,-17.8064,662.643,0.469903,0.4076
26380000,0,-18.5339,663.814,0.933226,0.373
26400000,0,-18.1542,664.616,0.829633,0.391
26420000,0,-17.9936,663.588,0.424857,0.445857
26440000,4,-62.3971,660.844,3.92085,0.684
26460000,0,-18.8092,657.622,1.5705,0.4045
26480000,0,-18.1733,663.735,0.0547734,0.459
26500000,0,-18.0967,662.561,0.334032,0.354
26520000,0,-18.436,663.492,1.09026,0.401308
26540000,0,-17.9954,663.607,0.818417,0.581
26560000,0,-17.9198,660.651,0.425554,0.465
26580000,0,-17.9198,663.077,0.0180272,0.423
26600000,1,-28.3381,662.584,1.8438,0.4632
26620000,0,-17.8729,662.4,0.260859,0.438167
26640000,0,-18.8682,663.167,2.57441,0.367
26660000,2,-46.3087,675.18,2.15491,0.519
26680000,0,-18.3529,662.503,0.0881594,0.468
26700000,0,-18.0522,663,1.01581,0.400333
26720000,1,-29.1698,660.215,2.37326,0.443667
26740000,1,-27.4465,663.6,1.00775,0.3745
26760000,1,-33.6434,662.092,0.978107,0.3975
26780000,1,-32.5922,660.895,2.17391,0.4075
26800000,1,-28.7995,663.793,3.65309,0.3978
26820000,3,-53.4451,658.862,1.09846,0.4455
26840000,3,-50.3931,672.258,4.54017,0.603
26860000,2,-44.6651,691.319,0.938376,0.529333
26880000,3,-58.7732,687.499,4.3118,0.483
26900000,0,-17.6732,663.694,2.85734,0.459
26920000,0,-17.8422,664.472,1.80963,0.385
26940000,5,-76.7945,661.546,5.81076,0.432833
26960000,1,-27.6539,667.335,1.87834,0.447
26980000,0,-18.898,664.069,0.347643,0.4025
27000000,1,-28.2916,662.672,3.18983,0.4668
27020000,1,-32.1434,663.466,0.762466,0.406
27040000,1,-28.1964,663.677,1.55214,0.442063
27060000,0,-18.1067,661.806,0.36149,0.434
27080000,2,-42.1983,676.476,1.66405,0.6495
27100000,1,-31.9473,675.946,0.0837336,0.595
27120000,2,-46.9262,689.152,1.49572,0.469
27140000,0,-16.8886,652.099,0.0240695,0.488
27160000,2,-42.5243,677.879,3.29291,0.561
27180000,0,-18.3639,662.531,0.71315,0.392
27200000,0,-18.2617,664.187,0.827114,0.545
27220000,0,-17.9904,663.574,2.0431,0.3955
27240000,0,-18.1585,664.394,0.575957,0.444727
27260000,0,-17.4803,658.342,0.490926,0.404333
27280000,0,-17.5146,661.398,3.16481,0.353
27300000,0,-17.5664,662.285,0.230045,0.467
27320000,0,-17.4401,663.132,1.14184,0.42
27340000,1,-27.1773,662.205,0.447644,0.483
27360000,2,-40.475,660.221,1.0219,0.358
27380000,0,-18.1448,664.689,3.11483,0.394
27400000,1,-30.1192,663.568,0.334352,0.39
27420000,0,-17.9999,659.155,1.30557,0.43
27440000,0,-17.8153,664.121,3.03384,0.4422
27460000,0,-18.1322,664.738,0.214145,0.385
27480000,0,-18.3377,662.586,0.2113,0.383667
27500000,0,-17.6626,662.624,1.46598,0.459
27520000,3,-49.0259,659.328,3.78429,0.45
27540000,0,-18.034,664.89,0.324695,0.375
27560000,0,-17.8184,663.286,1.03213,0.428167
27580000,0,-18.231,663.48,0.487596,0.457
27600000,1,-28.6338,662.272,1.21256,0.49925
27620000,0,-17.8762,662.756,1.62611,0.459
27640000,1,-28.4447,664.935,0.473881,0.587
27660000,0,-17.7374,664.027,1.20124,0.383
27680000,0,-18.1887,663.747,0.0591481,0.463
27700000,1,-27.8694,662.724,0.615926,0.549
27720000,1,-27.1887,662.391,0.362411,0.434111
27740000,0,-18.7157,664.368,1.56326,0.392
27760000,0,-18.3571,664.562,0.142836,0.450667
27780000,1,-29.8836,667.631,2.7257,0.59
27800000,0,-18.6491,664.512,0.166772,0.536
27820000,0,-18.6348,663.904,0.538727,0.409
27840000,0,-18.7448,663.441,0.782044,0.479727
27860000,0,-18.2358,664.961,2.90968,0.38
27880000,0,-18.7769,662.215,1.40764,0.3845
27900000,0,-18.7804,662.629,0.666871,0.429
27920000,0,-18.1633,664.454,0.970046,0.417375
27940000,0,-18.1463,664.468,1.48238,0.401
27960000,0,-17.6661,663.303,0.745381,0.427333
27980000,0,-17.9923,663.145,0.202614,0.459
28000000,0,-18.4001,664.455,2.86521,0.435
28020000,0,-18.0704,661.941,0.898703,0.448833
28040000,0,-18.9309,663.575,1.77115,0.358
28060000,0,-18.2355,664.912,0.453181,0.459458
28080000,0,-18.6322,663.154,0.642859,0.5316
28100000,0,-19.0015,663.079,1.28307,0.412
28120000,1,-28.1134,666.433,2.33771,0.447
28140000,0,-18.559,664.862,0.126412,0.437143
28160000,0,-18.1918,664.391,0.431713,0.51825
28180000,0,-19.0573,662.931,0.507315,0.415364
28200000,0,-18.3859,663.738,4.97687,0.484
28220000,1,-28.2912,663.637,1.51117,0.443
28240000,0,-18.6523,660.933,0.835792,0.427
28260000,0,-18.3116,662.767,0.0105378,0.497857
28280000,0,-18.0433,664.215,0.308454,0.465
28300000,1,-30.4198,668.559,1.63176,0.617
28320000,0,-17.8852,664.609,1.12996,0.423
28340000,0,-18.0447,663.44,3.25752,0.417
28360000,0,-17.6391,660.979,0.513754,0.405
28380000,0,-17.1845,660.822,1.31466,0.421
28400000,0,-18.6157,664.078,0.478245,0.373
28420000,0,-17.9464,664.383,0.847023,0.391
28440000,0,-17.4605,661.429,0.296637,0.398571
28460000,0,-18.0541,663.088,0.378479,0.421
28480000,0,-18.8539,662.036,0.000235914,0.444
28500000,3,-47.7004,662.439,2.71934,0.439
28520000,0,-17.3267,661.409,0.662637,0.441
28540000,1,-28.7298,662.445,2.80167,0.3525
28560000,0,-18.1526,662.732,0.261112,0.37
28580000,0,-17.69,660.412,0.92739,0.369
28600000,0,-18.2972,663.351,0.758918,0.398
28620000,1,-27.3602,663.854,1.23633,0.388
28640000,1,-27.8884,662.965,1.51659,0.384
28660000,3,-48.0059,661.909,10.6135,0.504
28680000,0,-18.0405,663.478,0.467339,0.435667
28700000,1,-29.1402,662.929,0.162516,0.455
28720000,0,-18.4412,664.41,0.37637,0.413
28740000,1,-30.877,663.653,0.98447,0.455
28760000,0,-18.1255,663.7,0.061952,0.41
28780000,1,-30.7492,662.759,1.87798,0.404167
28800000,0,-18.5099,664.738,0.0158615,0.375
28820000,0,-18.5451,664.631,0.236954,0.4475
28840000,1,-27.7384,658.423,2.70729,0.44
28860000,0,-17.9919,664.507,1.68875,0.421
28880000,0,-18.0933,664.36,0.969508,0.395714
28900000,0,-18.2301,663.712,0.28707,0.4
28920000,0,-18.2236,664.003,3.20814,0.358
28940000,0,-19.0362,662.041,0.252627,0.4849
28960000,0,-17.5587,661.522,0.437212,0.417
28980000,1,-28.829,667.965,1.43027,0.534667
29000000,0,-18.7258,664.48,0.882843,0.365
29020000,1,-27.2183,662.523,4.62631,0.44675
29040000,0,-17.7798,663.504,0.645067,0.451889
29060000,1,-29.0136,663.464,1.21012,0.516
29080000,2,-47.3389,680.315,2.43814,0.557
29100000,0,-18.0018,663.03,0.5521,0.382
29120000,0,-17.0188,656.47,0.461634,0.373
29140000,0,-17.209,661.205,1.07845,0.343
29160000,0,-17.1397,658.423,2.46149,0.44396
29180000,0,-17.1738,659.552,1.54572,0.428
29200000,0,-17.8699,663.882,2.29289,0.522385
29220000,0,-18.2725,664.143,0.382231,0.525714
29240000,0,-18.6273,664.181,0.689201,0.339
29260000,0,-18.9034,663.851,3.06013,0.452059
29280000,1,-28.223,660.294,1.16203,0.374
29300000,1,-27.4437,661.312,1.54373,0.456429
29320000,1,-29.796,663.372,0.862486,0.425
29340000,1,-30.3871,665.27,2.28292,0.583
29360000,0,-17.8136,662.938,0.185841,0.407667
29380000,1,-29.8221,662.754,2.61964,0.462
29400000,0,-18.1999,663.96,2.72739,0.447
29420000,0,-17.9207,664.38,0.735058,0.419
29440000,0,-18.5763,662.447,0.0372909,0.346
29460000,0,-17.7752,663.672,1.82533,0.329
29480000,0,-17.7284,664.048,1.82702,0.394
29500000,0,-17.5809,662.119,0.438859,0.353
29520000,1,-29.5315,665.305,2.53123,0.45
29540000,0,-18.0285,664.707,0.133233,0.413
29560000,0,-18.0907,663.932,1.58151,0.471
29580000,1,-27.815,662.321,2.74096,0.567
29600000,0,-18.1495,662.449,0.400945,0.356
29620000,0,-18.5286,661.811,0.317216,0.377
29640000,1,-32.0707,667.64,0.351211,0.462
29660000,0,-17.741,661.824,1.00277,0.4576
29680000,0,-18.284,663.519,1.79032,0.470429
29700000,0,-18.475,663.852,2.11555,0.453091
29720000,0,-18.1967,664.16,0.247236,0.362
29740000,1,-27.5927,663.272,2.36853,0.405
29760000,0,-18.4451,663.803,0.182865,0.375
29780000,0,-18.2643,663.729,6.15085,0.572667
29800000,0,-17.9348,664.418,1.50155,0.505
29820000,2,-40.4635,663.763,1.53447,0.566
29840000,0,-18.005,660.9,0.309179,0.391667
29860000,0,-18.5236,664.503,1.34826,0.52
29880000,0,-18.2391,663.773,4.49847,0.344
29900000,0,-18.4744,663.301,1.0081,0.386
29920000,0,-18.2977,663.065,1.60061,0.437
29940000,0,-17.7907,663.191,0.0380044,0.396
29960000,1,-27.3055,667.149,1.36237,0.49
29980000,0,-17.7896,662.68,0.353334,0.483
