generation,N_shifts,logPrior,logLik,eventRate,acceptRate
0,0,-16.0745,-3524.29,500,0
20000,0,-25.4364,595.486,0.332025,0.411
40000,0,-25.4763,595.984,0.235839,0.553
60000,0,-25.3052,595.997,2.12852,0.367
80000,0,-25.5287,595.257,1.45438,0.531333
100000,0,-26.8277,594.969,0.0311001,0.41
120000,0,-23.9881,593.674,0.473132,0.481
140000,0,-24.9515,593.827,2.35704,0.477
160000,0,-24.0823,594.047,1.2212,0.4256
180000,0,-25.0383,594.832,0.142695,0.424
200000,0,-24.7567,595.547,2.30525,0.479667
220000,0,-25.366,595.817,0.978419,0.381
240000,0,-24.0283,592.136,0.600125,0.392
260000,0,-25.9282,594.785,0.444065,0.386
280000,0,-26.1925,595.545,0.258764,0.459636
300000,0,-24.5569,593.968,0.244648,0.365
320000,0,-26.3968,596.08,0.0372565,0.4726
340000,0,-24.5547,591.996,0.0456619,0.457
360000,1,-38.3253,593.652,2.98554,0.371
380000,0,-26.592,594.122,1.51967,0.395
400000,0,-24.9454,594.986,0.0405663,0.424
420000,0,-24.1651,593.735,0.38637,0.527
440000,0,-26.0496,594.629,0.00157354,0.379
460000,1,-35.2641,593.275,3.01719,0.462
480000,1,-37.1249,595.038,0.514672,0.487333
500000,0,-24.9923,595.756,2.00575,0.412
520000,1,-34.782,597.068,2.03413,0.506
540000,0,-24.8238,595.209,1.02671,0.443
560000,0,-24.0921,592.933,2.32544,0.39
580000,1,-37.0134,593.083,1.52978,0.438
600000,1,-32.7855,585.931,1.49945,0.413
620000,1,-36.2475,594.351,1.22426,0.474
640000,1,-35.8019,597.877,0.541981,0.454421
660000,1,-36.0402,594.7,1.20367,0.43925
680000,1,-33.8346,594.314,1.45591,0.371
700000,0,-24.2656,593.884,0.880568,0.429
720000,0,-24.9089,595.195,1.48463,0.47875
740000,0,-25.4515,589.983,1.18514,0.496
760000,0,-26.394,595.166,2.07062,0.38825
780000,0,-24.716,595.542,1.15444,0.452917
800000,1,-35.6287,596.274,5.67082,0.446
820000,0,-26.7479,595.769,0.876643,0.460875
840000,1,-33.2209,593.174,3.25388,0.573
860000,0,-23.8797,592.115,3.61396,0.441
880000,0,-26.0928,595.661,0.206343,0.4225
900000,1,-34.4197,594.676,1.44661,0.523
920000,4,-73.7313,596.7,2.27747,0.51
940000,0,-24.9753,594.519,0.977318,0.423
960000,0,-25.1671,592.023,1.69312,0.441
980000,2,-54.1634,596.421,2.36457,0.50075
1000000,1,-34.8389,588.865,2.5865,0.457333
1020000,0,-24.5018,594.735,0.350891,0.519
1040000,0,-24.2314,591.609,0.416042,0.422625
1060000,0,-25.1935,594.978,1.49816,0.424
1080000,0,-24.2292,592.794,0.204487,0.373
1100000,0,-25.4835,595.075,0.0283381,0.427333
1120000,0,-25.3624,595.652,2.23913,0.566
1140000,0,-24.6537,595.517,0.553909,0.624
1160000,0,-24.8487,592.867,0.203689,0.417
1180000,0,-24.7636,594.31,0.335216,0.416
1200000,0,-25.4217,588.868,0.535233,0.444
1220000,0,-25.915,595.86,1.88413,0.497
1240000,0,-24.8018,595.284,0.41875,0.435625
1260000,1,-36.7252,594.23,0.950965,0.619
1280000,0,-27.1929,595.274,2.01439,0.42
1300000,1,-35.3715,591.072,3.16317,0.468429
1320000,0,-25.9295,596.477,0.195129,0.491
1340000,3,-58.2511,592.415,2.02705,0.479
1360000,1,-37.2605,594.268,1.77568,0.391
1380000,0,-23.832,593.104,1.45205,0.478
1400000,0,-25.1429,596.013,0.292368,0.441
1420000,0,-24.6908,595.085,0.120396,0.443
1440000,0,-25.4069,595.612,2.00335,0.545
1460000,2,-44.5446,592.755,1.98808,0.459
1480000,0,-25.179,589.318,0.463042,0.467
1500000,0,-27.2767,594.097,0.565334,0.444
1520000,0,-25.9488,594.7,0.303612,0.517
1540000,0,-25.1681,595.358,0.159395,0.496333
1560000,0,-24.6497,594.74,1.48767,0.491571
1580000,0,-24.585,593.188,0.929845,0.42
1600000,0,-23.7214,593.36,0.0167503,0.500167
1620000,0,-25.2754,596.009,0.563253,0.392
1640000,0,-23.8961,593.296,1.27859,0.406
1660000,0,-26.2865,594.953,1.66227,0.382
1680000,1,-34.1057,594.634,2.57255,0.419
1700000,0,-25.1015,593.928,0.46317,0.515
1720000,1,-35.3771,595.155,3.79664,0.43
1740000,0,-24.9645,594.415,0.487659,0.5078
1760000,0,-24.3351,594.178,0.113283,0.438
1780000,0,-25.6661,595.333,1.06501,0.641
1800000,1,-34.6229,596.052,3.47354,0.459091
1820000,1,-35.0266,585.74,1.66612,0.423
1840000,0,-25.14,595.874,0.848053,0.433
1860000,0,-26.3711,594.62,0.816789,0.3875
1880000,0,-25.0421,595.599,0.312111,0.43525
1900000,0,-25.0206,594.671,0.0435098,0.416
1920000,2,-45.9943,590.178,3.20524,0.502
1940000,0,-25.3882,596.004,3.24743,0.407
1960000,0,-25.6875,594.588,0.235621,0.4465
1980000,0,-24.3555,593.926,0.193162,0.4486
2000000,0,-25.4495,594.164,0.500283,0.46
2020000,2,-46.527,595.946,1.11334,0.482083
2040000,0,-24.1903,593.178,1.01608,0.443
2060000,0,-26.4027,595.2,0.488108,0.4455
2080000,0,-24.47,591.855,0.279361,0.420333
2100000,0,-23.5936,590.921,0.391657,0.449222
2120000,1,-38.0364,593.603,0.954346,0.423
2140000,0,-25.383,594.889,0.457512,0.503571
2160000,1,-38.6128,593.045,1.65267,0.4514
2180000,0,-24.4463,593.845,0.208426,0.407
2200000,0,-26.0329,594.434,0.412849,0.445931
2220000,2,-44.6826,598.65,2.31458,0.535
2240000,0,-26.4222,595.976,1.04501,0.485
2260000,0,-24.7207,595.495,0.257724,0.38
2280000,1,-34.6636,594.237,0.545409,0.508
2300000,1,-36.2491,595.826,3.29987,0.578
2320000,0,-25.6335,596.06,0.221836,0.533
2340000,0,-25.8107,595.865,3.9023,0.489091
2360000,1,-35.6149,597.996,0.861692,0.472818
2380000,2,-44.8594,595.276,1.77622,0.638
2400000,0,-26.0666,595.524,2.15403,0.546
2420000,0,-25.652,595.974,0.0806039,0.4235
2440000,0,-25.4757,595.1,0.741834,0.446
2460000,0,-24.0005,593.649,0.688638,0.398
2480000,0,-25.2603,595.984,0.275148,0.407
2500000,0,-27.4366,594.197,0.891851,0.382
2520000,0,-24.3932,594.64,1.68815,0.494
2540000,0,-25.1644,595.185,0.0982024,0.398
2560000,1,-35.1225,594.729,1.58709,0.484
2580000,0,-23.9831,592.391,1.51424,0.594
2600000,0,-24.5329,594.966,0.233831,0.4447
2620000,3,-61.3087,593.787,4.02142,0.529556
2640000,1,-37.6525,593.879,2.11882,0.419
2660000,0,-23.3535,591.394,0.565325,0.385
2680000,0,-24.2251,592.517,0.158897,0.608
2700000,0,-24.8668,595.47,1.17402,0.456536
2720000,1,-37.6862,592.399,2.14735,0.5935
2740000,0,-24.1398,593.295,0.35614,0.586
2760000,0,-25.0434,593.069,1.17509,0.405667
2780000,0,-25.5798,594.041,2.08723,0.444333
2800000,1,-35.141,595.238,0.644312,0.5084
2820000,0,-24.7235,593.375,0.0671172,0.481
2840000,0,-25.7234,595.439,1.01484,0.4595
2860000,0,-23.765,592.982,0.8396,0.434
2880000,0,-23.2942,589.564,3.82939,0.494778
2900000,0,-25.3944,594.696,0.344692,0.473
2920000,0,-25.4891,594.378,1.09489,0.44145
2940000,0,-24.4742,594.069,0.0870561,0.441333
2960000,0,-24.9532,589.186,0.0246887,0.575333
2980000,2,-45.5791,597.815,1.62211,0.431
3000000,0,-25.1817,594.258,0.73922,0.4615
3020000,0,-23.612,591.607,1.29998,0.4354
3040000,1,-34.7027,594.539,2.65083,0.463
3060000,0,-25.2544,596.24,3.35812,0.503
3080000,0,-25.204,594.658,1.58256,0.413
3100000,0,-25.231,594.98,0.352435,0.48
3120000,0,-23.0224,591.049,2.03236,0.506957
3140000,0,-26.8849,593.437,2.16634,0.396
3160000,0,-26.9413,595.335,0.612934,0.481
3180000,0,-25.2093,593.708,0.84217,0.427
3200000,0,-25.8907,595.291,0.253861,0.4678
3220000,1,-36.8123,595.717,2.00329,0.442875
3240000,0,-24.9717,592.992,1.06692,0.417222
3260000,0,-25.1432,594.294,0.517561,0.418
3280000,0,-24.7564,593.597,0.677726,0.473944
3300000,0,-25.2715,595.164,0.864246,0.473
3320000,1,-37.6955,593.3,3.53683,0.4795
3340000,1,-34.8438,594.733,0.570423,0.475074
3360000,1,-36.0434,591.757,0.129664,0.476833
3380000,1,-33.9642,597.778,2.38462,0.492583
3400000,1,-36.9106,593.723,4.46801,0.4328
3420000,0,-24.0781,593.138,0.144899,0.458
3440000,0,-26.1012,595.89,0.751911,0.422333
3460000,0,-27.226,594.387,1.06198,0.46575
3480000,0,-25.23,595.114,0.103821,0.412
3500000,0,-24.5158,590.298,0.336746,0.417
3520000,0,-25.3971,595.192,0.303417,0.413
3540000,0,-25.5372,595.442,0.760835,0.449
3560000,0,-25.3119,595.903,0.808117,0.497
3580000,0,-24.6939,594.243,1.69946,0.395
3600000,0,-24.9236,595.197,0.790944,0.48
3620000,0,-25.4335,595.511,0.653524,0.495429
3640000,0,-25.6284,593.601,0.452006,0.46525
3660000,0,-24.4038,594.147,1.21744,0.403
3680000,1,-33.4865,591.782,1.74121,0.472
3700000,0,-24.2716,594.177,0.730446,0.425
3720000,0,-25.5569,595.324,0.3116,0.437333
3740000,0,-24.5721,593.351,3.01927,0.468
3760000,1,-34.7512,597.38,2.48475,0.55
3780000,0,-26.3891,593.609,0.18866,0.429
3800000,0,-25.6548,594.037,0.00564591,0.486333
3820000,1,-34.7137,598.379,0.801014,0.439
3840000,0,-25.4696,595.672,0.364676,0.468
3860000,0,-25.9415,595.758,1.96609,0.47075
3880000,0,-24.5544,593.405,1.02465,0.439
3900000,0,-24.7236,593.111,0.189594,0.403
3920000,0,-25.2626,596.226,0.129254,0.436875
3940000,0,-25.1083,594.724,0.211851,0.458444
3960000,1,-35.5449,595.188,2.65335,0.521
3980000,0,-25.6112,595.606,0.206506,0.403
4000000,0,-23.5854,591.153,0.0471136,0.479
4020000,0,-25.8075,593.896,0.777928,0.493
4040000,0,-24.7741,595.661,0.858696,0.387
4060000,0,-24.7514,592.828,0.799542,0.453
4080000,0,-25.4422,594.888,1.15871,0.418
4100000,0,-25.4398,594.461,1.48767,0.392
4120000,1,-35.4309,594.221,3.58449,0.47025
4140000,0,-27.1856,594.966,0.873238,0.394
4160000,0,-24.7035,593.732,0.475802,0.438545
4180000,0,-26.5906,594.439,0.914507,0.42
4200000,0,-23.7282,592.918,0.407003,0.4965
4220000,1,-40.102,597.878,2.07801,0.450909
4240000,0,-25.4705,593.136,4.13223,0.492
4260000,0,-24.8966,591.433,0.862277,0.427
4280000,0,-25.1351,593.292,2.72105,0.473
4300000,0,-25.8736,596.233,1.47317,0.607
4320000,0,-24.7438,588.636,0.183917,0.382
4340000,0,-26.2455,596.338,0.116237,0.482
4360000,0,-25.4598,593.787,2.11612,0.444
4380000,0,-25.2795,594.474,0.222519,0.513
4400000,0,-24.9517,595.392,0.910759,0.528333
4420000,0,-24.2685,594.574,1.16137,0.54875
4440000,0,-24.7136,595.05,0.528659,0.407
4460000,2,-48.1031,587.406,3.4057,0.584
4480000,0,-24.9874,593.674,0.421365,0.41
4500000,0,-26.2825,594.214,0.10695,0.432
4520000,0,-26.352,593.844,3.22572,0.484
4540000,0,-26.2582,593.691,0.165175,0.477
4560000,0,-24.8606,595.446,0.787969,0.499545
4580000,0,-25.6644,596.435,0.547111,0.464
4600000,0,-24.9801,592.029,0.1937,0.46475
4620000,0,-26.7668,593.142,0.0709947,0.477
4640000,3,-57.5613,594.46,4.08502,0.424
4660000,0,-25.413,596.118,0.232602,0.361
4680000,0,-24.1909,594.117,0.243922,0.469
4700000,1,-34.6765,595.411,2.86263,0.648333
4720000,0,-24.5898,594.486,0.29169,0.5055
4740000,1,-39.9777,594.16,5.48838,0.498
4760000,0,-24.1545,591.839,2.84941,0.451364
4780000,0,-25.4241,595.977,0.07859,0.411
4800000,0,-24.1129,594.119,0.996033,0.423333
4820000,0,-26.3694,596.384,0.207727,0.456
4840000,0,-24.7941,595.61,0.0303387,0.432
4860000,0,-25.3018,595.221,0.479239,0.417
4880000,1,-35.2279,595.737,1.75972,0.483667
4900000,0,-27.5714,595.016,0.490075,0.417
4920000,1,-35.0113,595.279,1.86729,0.442
4940000,1,-35.5556,598.625,0.791526,0.588
4960000,0,-24.5357,594.636,0.366336,0.436
4980000,1,-35.6358,593.474,4.24416,0.490731
5000000,2,-45.2169,591.147,1.96444,0.612
5020000,0,-23.7555,591.867,2.40605,0.498
5040000,0,-23.5142,592.967,0.341106,0.413
5060000,0,-24.5143,594.04,0.0546119,0.529
5080000,0,-25.1203,593.615,0.414066,0.428667
5100000,0,-26.5204,595.314,2.3034,0.442
5120000,1,-37.0262,594.791,1.54756,0.476667
5140000,0,-24.8684,592.868,0.296375,0.436
5160000,1,-34.9922,595.689,1.78987,0.451
5180000,0,-25.1153,594.875,3.80193,0.55
5200000,0,-24.3942,594.043,1.37109,0.361
5220000,0,-24.05,592.968,3.17833,0.466154
5240000,1,-37.9578,592.445,3.51411,0.417875
5260000,1,-35.0712,597.344,2.05728,0.528615
5280000,0,-24.6617,594.941,0.0606239,0.419
5300000,0,-25.066,594.306,1.88769,0.45925
5320000,0,-26.6251,595.671,0.153281,0.578833
5340000,0,-23.7221,592.897,1.19465,0.3985
5360000,0,-26.6619,595.567,0.715842,0.479786
5380000,0,-26.9912,592.056,0.431732,0.407
5400000,0,-24.9943,595.404,0.831274,0.408
5420000,0,-24.4721,591.892,2.04732,0.419
5440000,1,-34.9815,594.971,1.42012,0.4686
5460000,0,-25.0298,594.591,2.49425,0.463
5480000,0,-25.0182,595.599,0.543639,0.423
5500000,0,-24.6438,591.514,0.0240229,0.685
5520000,0,-25.8675,596.461,0.138418,0.413
5540000,0,-24.1006,593.999,2.03052,0.512
5560000,0,-25.7899,596.174,3.78042,0.444
5580000,0,-25.0634,594.987,1.24399,0.542
5600000,0,-23.4548,591.421,2.19817,0.381
5620000,0,-23.8358,591.644,0.791583,0.367
5640000,0,-25.6255,595.276,0.0223369,0.384
5660000,0,-24.3675,594.033,0.391503,0.403
5680000,0,-24.5397,592.714,0.669956,0.402
5700000,0,-24.328,593.271,1.09128,0.5005
5720000,0,-26.0736,594.561,2.22235,0.485778
5740000,0,-26.4997,594.977,0.749271,0.452
5760000,0,-25.3105,593.646,0.271597,0.389
5780000,1,-37.1685,592.687,1.57114,0.4712
5800000,2,-45.3538,594.349,3.41525,0.594
5820000,1,-33.3979,592.269,0.782126,0.4255
5840000,0,-25.3674,595.86,1.55217,0.618
5860000,1,-41.3155,593.716,0.646584,0.443
5880000,0,-25.5466,595.632,1.33955,0.496333
5900000,0,-26.4044,595.396,0.871676,0.54
5920000,0,-24.7074,591.687,3.45425,0.452556
5940000,0,-25.0087,595.378,0.833938,0.430143
5960000,1,-36.7711,594.213,1.29298,0.412
5980000,1,-36.3647,595.863,1.59238,0.44425
6000000,1,-33.5507,594.18,0.602878,0.545
6020000,0,-26.1742,595.664,0.649655,0.423
6040000,4,-68.3877,591.818,5.62147,0.535
6060000,0,-24.6594,594.798,0.0453846,0.461
6080000,0,-24.1649,594.291,0.0222918,0.378
6100000,0,-23.7214,592.258,0.937072,0.418
6120000,0,-25.8132,595.798,0.151928,0.425
6140000,0,-24.3209,593.931,0.585434,0.4698
6160000,1,-35.5448,595.061,3.44312,0.373
6180000,0,-26.0866,596.425,0.626286,0.419
6200000,0,-25.1253,591.922,0.418467,0.407333
6220000,0,-25.0023,595.611,0.0885832,0.418667
6240000,0,-24.7916,594.084,0.779294,0.378
6260000,0,-25.2108,595.825,2.23482,0.415
6280000,0,-25.5458,595.552,2.32831,0.392
6300000,0,-25.3279,595.197,2.10896,0.445286
6320000,0,-23.0157,590.799,0.292912,0.402
6340000,0,-25.1537,594.384,0.187609,0.461571
6360000,1,-36.5744,597.209,2.23934,0.448
6380000,0,-26.0286,595.747,0.466658,0.447
6400000,0,-24.7634,592.835,0.689334,0.431667
6420000,3,-54.8878,591.804,4.62072,0.4525
6440000,0,-23.6687,587.764,0.235947,0.543
6460000,0,-24.7877,593.307,0.701401,0.431222
6480000,0,-24.7007,595.22,0.158219,0.498
6500000,1,-35.741,595.059,1.04108,0.5444
6520000,1,-37.2777,593.754,1.93705,0.47
6540000,0,-24.7835,588.926,1.66398,0.4485
6560000,0,-24.9976,596.087,0.833708,0.5105
6580000,0,-28.0209,594.228,0.214172,0.505375
6600000,0,-24.9368,595.756,0.122767,0.54675
6620000,2,-45.0093,595.314,5.57155,0.422538
6640000,0,-25.3402,595.397,1.80774,0.418
6660000,0,-26.0536,594.469,0.922951,0.503
6680000,0,-25.4589,593.342,0.286521,0.574
6700000,0,-24.1813,594.44,0.847889,0.572
6720000,0,-24.7837,595.171,0.199158,0.520222
6740000,0,-26.3084,595.952,0.0558799,0.499
6760000,0,-25.7834,593.906,0.383047,0.518571
6780000,1,-35.3635,594.59,0.246945,0.557
6800000,0,-24.8406,595.605,2.20981,0.405667
6820000,0,-23.7176,590.748,1.23809,0.387667
6840000,0,-26.1246,596.013,1.98018,0.555
6860000,0,-26.2182,594.713,0.959417,0.477941
6880000,0,-24.8278,594.09,0.465723,0.392
6900000,1,-37.6024,597.158,1.72187,0.485364
6920000,1,-39.5582,594.051,4.1778,0.4415
6940000,0,-24.2718,594.749,1.74903,0.449
6960000,1,-37.0706,592.713,1.5978,0.526
6980000,1,-34.6129,593.311,1.9863,0.4415
7000000,4,-71.4878,592.286,3.41497,0.4564
7020000,0,-24.2662,594.317,1.24903,0.376
7040000,0,-26.7345,594.722,0.975282,0.452
7060000,0,-23.5731,592.794,0.690386,0.422
7080000,0,-25.0605,594.713,0.0328953,0.423
7100000,0,-26.9431,595.23,0.227994,0.47
7120000,0,-26.7546,594.948,1.07301,0.4518
7140000,0,-24.5493,592.767,1.19935,0.463308
7160000,0,-26.0332,595.235,0.375401,0.508308
7180000,3,-56.5195,593.878,6.50848,0.6
7200000,1,-37.1702,592.023,2.28284,0.464
7220000,0,-22.9655,590.752,1.46526,0.461714
7240000,0,-25.8052,595.867,0.00159224,0.449
7260000,0,-23.8869,589.379,0.789683,0.4971
7280000,0,-24.4199,594.725,1.15103,0.45
7300000,0,-25.0787,596.016,0.624345,0.557
7320000,0,-26.1017,595.77,0.861242,0.491667
7340000,0,-24.8058,594.802,0.765781,0.43075
7360000,0,-23.0205,590.484,0.445047,0.46
7380000,1,-34.0708,592.663,1.36401,0.488
7400000,0,-25.8971,595.558,0.417091,0.421
7420000,1,-35.1005,596.949,1.12085,0.6155
7440000,0,-25.1257,594.858,0.622347,0.411
7460000,1,-34.3066,594.385,4.00966,0.37
7480000,0,-25.76,595.916,0.179414,0.572
7500000,0,-25.1398,593.076,2.6626,0.6
7520000,0,-26.4319,594.369,0.41454,0.447
7540000,0,-26.7764,592.583,4.43416,0.465
7560000,2,-44.3446,595.944,6.75357,0.591
7580000,0,-25.6521,595.675,4.9899,0.447
7600000,0,-26.1695,593.069,0.336928,0.408
7620000,0,-25.0545,595.943,2.93653,0.396
7640000,0,-26.1227,596.397,0.0247052,0.39
7660000,0,-25.0243,593.979,0.452999,0.379
7680000,0,-26.601,594.182,0.0779418,0.454
7700000,0,-24.43,594.837,1.88212,0.476769
7720000,0,-25.523,595.648,0.742654,0.5805
7740000,0,-25.8186,595.522,0.0848548,0.406
7760000,0,-24.6989,594.158,1.15532,0.484143
7780000,0,-24.9487,594.962,1.38006,0.4301
7800000,0,-27.0309,590.261,0.315573,0.4396
7820000,3,-56.3243,595.947,4.78338,0.53
7840000,1,-32.8724,592.423,0.681152,0.4975
7860000,0,-25.2535,596.103,0.910109,0.418
7880000,0,-24.7206,595.571,0.0515139,0.4158
7900000,0,-24.9342,595.602,0.346742,0.387
7920000,0,-26.1726,594.616,1.13249,0.4375
7940000,1,-35.554,593.24,1.53647,0.4445
7960000,0,-26.6501,593.55,0.289456,0.5002
7980000,0,-24.2805,594.479,0.30534,0.406
8000000,0,-24.7046,595.609,0.0491243,0.4215
8020000,1,-35.7219,591.124,3.49625,0.412
8040000,0,-23.1499,589.146,0.129691,0.375
8060000,0,-24.6291,595.223,0.0645671,0.48725
8080000,0,-25.9667,594.99,1.42523,0.458313
8100000,0,-24.9413,594.718,0.891732,0.398
8120000,0,-26.1422,590.159,1.78038,0.424
8140000,0,-24.829,595.624,0.247908,0.456
8160000,0,-25.5182,595.306,0.359516,0.46
8180000,0,-25.7493,594.064,1.40929,0.459333
8200000,0,-24.1643,594.585,0.634316,0.4255
8220000,0,-24.1013,593.792,0.695879,0.454
8240000,0,-24.5151,594.963,0.12475,0.434
8260000,0,-23.8285,592.57,0.163776,0.412
8280000,1,-34.6499,593.381,0.292032,0.424667
8300000,1,-33.9565,592.763,1.69315,0.482556
8320000,0,-23.7141,592.12,0.285215,0.57
8340000,1,-36.706,591.936,1.8941,0.454667
8360000,0,-27.6428,592.516,0.811439,0.523
8380000,0,-26.2607,594.849,0.255697,0.4238
8400000,0,-26.4493,591.815,1.30864,0.416333
8420000,1,-37.3681,593.244,2.87051,0.45175
8440000,0,-24.8381,593.655,5.11268,0.4345
8460000,0,-25.4237,594.429,0.350164,0.433
8480000,0,-25.7175,595.266,0.44481,0.448167
8500000,1,-34.3309,594.81,2.14123,0.414
8520000,1,-36.2937,594.761,2.41381,0.441667
8540000,0,-25.2939,595.95,0.393687,0.431
8560000,0,-23.7396,592.849,1.52026,0.47
8580000,0,-25.6097,593.195,1.5303,0.491
8600000,0,-24.6718,595.25,0.603109,0.457087
8620000,0,-26.071,595.685,0.908119,0.509
8640000,0,-25.0412,594.831,2.40671,0.513
8660000,0,-26.6864,594.325,1.7157,0.503364
8680000,0,-24.9053,592.009,0.0849624,0.392
8700000,0,-25.0539,594.768,0.179842,0.475267
8720000,0,-24.7733,592.324,0.118878,0.389
8740000,0,-25.5326,594.8,1.6799,0.552
8760000,0,-25.0818,596.109,0.889773,0.396
8780000,0,-25.1951,594.609,0.236641,0.599
8800000,0,-26.3514,594.741,0.494321,0.487455
8820000,0,-25.1507,594.978,2.53473,0.4
8840000,0,-25.0825,595.534,0.0829516,0.460667
8860000,0,-25.3605,596.338,0.963308,0.399
8880000,0,-24.2708,593.146,0.12765,0.39
8900000,0,-23.0241,590.227,3.5382,0.382
8920000,0,-25.3386,593.928,0.129882,0.459
8940000,0,-25.3483,595.514,0.735254,0.358
8960000,0,-25.0347,595.685,0.120956,0.5438
8980000,0,-27.3434,592.68,0.215165,0.502
9000000,2,-46.022,590.734,1.86355,0.565
9020000,0,-24.5042,594.97,0.44714,0.514467
9040000,0,-26.045,590.724,0.75876,0.546
9060000,2,-45.4002,596.645,1.63162,0.4466
9080000,0,-25.633,594.431,0.582166,0.534
9100000,2,-43.1618,593.459,3.14938,0.539
9120000,1,-32.9881,592.364,1.51464,0.4358
9140000,0,-25.3436,595.252,0.0477569,0.438
9160000,0,-26.3787,595.997,0.172376,0.392
9180000,1,-33.8883,593.116,0.332343,0.425889
9200000,0,-25.068,594.633,0.91989,0.466167
9220000,2,-46.0333,593.46,3.87043,0.482455
9240000,0,-25.8345,594.971,0.907695,0.542
9260000,0,-24.6132,592.75,0.863014,0.478846
9280000,0,-25.344,594.063,0.934596,0.424
9300000,0,-25.4719,596.276,0.677603,0.493
9320000,0,-25.0292,594.693,0.201181,0.524
9340000,0,-24.9478,594.903,0.0801316,0.459
9360000,0,-24.1709,593.842,0.0452107,0.5735
9380000,1,-35.6176,594.27,1.82,0.5045
9400000,2,-44.5448,596.418,2.25917,0.519842
9420000,1,-35.7833,590.144,0.828687,0.532
9440000,0,-25.2148,591.54,2.1517,0.46
9460000,0,-25.2,592.672,0.845586,0.392
9480000,0,-24.8153,595.847,0.629464,0.407
9500000,0,-24.2364,594.049,0.527398,0.389
9520000,0,-23.6821,592.57,0.16954,0.4504
9540000,0,-24.813,593.485,0.446455,0.46725
9560000,1,-40.102,598.046,2.07716,0.509
9580000,0,-25.7251,594.183,0.0385123,0.476571
9600000,1,-34.2765,592.545,3.95836,0.453
9620000,0,-24.5436,594.427,0.728843,0.438273
9640000,0,-23.5973,592.702,1.46911,0.4775
9660000,0,-26.5963,595.908,0.582788,0.404
9680000,0,-25.2817,595.472,0.308167,0.644
9700000,0,-24.9673,595.808,0.360347,0.425
9720000,0,-24.9822,594.751,0.864908,0.480286
9740000,1,-37.3153,596.247,1.40676,0.371
9760000,0,-25.928,596.003,0.470653,0.444833
9780000,1,-38.209,594.109,0.77764,0.437
9800000,0,-25.4269,594.937,0.271213,0.475
9820000,0,-26.0647,594.932,3.1149,0.379
9840000,0,-23.4411,592.413,0.30165,0.435
9860000,0,-25.3165,591.483,0.905525,0.426333
9880000,0,-25.8506,591.991,1.02451,0.412
9900000,0,-24.8085,593.973,0.156403,0.446333
9920000,1,-39.1202,595.051,4.35916,0.399
9940000,0,-24.4899,593.895,5.32416,0.631
9960000,0,-24.375,591.695,0.665117,0.591
9980000,0,-24.3245,594.359,0.245053,0.356
10000000,0,-25.5817,595.017,0.511489,0.435
10020000,1,-35.6849,590.49,0.716136,0.486714
10040000,0,-25.6773,595.972,0.72368,0.502
10060000,0,-25.0218,594.643,0.33455,0.472
10080000,0,-25.7809,594.664,0.590151,0.414
10100000,1,-35.9153,591.613,2.4074,0.425
10120000,0,-25.3784,596.169,0.52055,0.387
10140000,2,-47.5332,592.908,3.3389,0.4815
10160000,0,-24.7031,593.966,1.15283,0.447
10180000,0,-25.037,594.394,2.09232,0.399
10200000,2,-46.5828,588.512,3.64173,0.462556
10220000,1,-34.7262,592.268,0.216274,0.428
10240000,1,-35.457,591.979,2.79852,0.527
10260000,0,-24.63,595.029,0.0994724,0.557333
10280000,0,-24.3276,594.463,0.0852002,0.41
10300000,0,-25.8733,592.153,0.732117,0.463
10320000,0,-26.4215,593.028,0.814802,0.4308
10340000,1,-37.9464,592.751,2.56987,0.478
10360000,0,-24.3117,594.001,0.487677,0.459
10380000,0,-24.2194,594.829,1.40322,0.492294
10400000,0,-25.2173,592.634,1.91058,0.505
10420000,0,-25.7208,594.522,0.03381,0.658
10440000,0,-24.4354,594.837,0.0614631,0.489
10460000,0,-26.0153,596.01,0.1939,0.468
10480000,0,-24.6405,593.563,0.531278,0.41
10500000,0,-26.8764,595.708,0.387432,0.464
10520000,0,-24.4396,593.626,3.86156,0.4615
10540000,0,-25.8057,596.029,2.87889,0.456
10560000,0,-25.2592,594.438,0.268993,0.37
10580000,1,-34.9001,593.227,0.935919,0.502
10600000,0,-25.1902,594.364,0.276191,0.391
10620000,0,-24.0822,593.044,0.123531,0.439714
10640000,1,-36.4301,599.154,3.44108,0.493667
10660000,0,-24.5554,595.077,0.225786,0.533
10680000,0,-25.0844,593.405,1.034,0.427
10700000,0,-25.6292,592.434,0.201782,0.508045
10720000,0,-24.7705,595.018,0.000867102,0.43
10740000,0,-25.0969,596.117,0.0046008,0.448
10760000,0,-25.9426,594.453,3.24216,0.454
10780000,0,-23.7291,592.732,2.03225,0.515
10800000,0,-25.7933,592.56,1.51273,0.456625
10820000,0,-24.7709,593.859,1.08885,0.549
10840000,0,-24.7917,595.753,1.04322,0.419
10860000,0,-23.6726,592.003,0.461635,0.448
10880000,0,-25.0042,595.339,0.189717,0.399
10900000,0,-25.6018,592.772,0.571526,0.381
10920000,0,-25.5477,596.133,2.39063,0.465
10940000,1,-37.1765,593.57,2.14287,0.482
10960000,0,-25.313,595.677,0.610282,0.434
10980000,0,-23.7726,593.554,1.19642,0.486
11000000,1,-38.2843,594.232,1.99906,0.43
11020000,0,-24.0214,593.967,0.628238,0.446
11040000,0,-25.5245,595.871,1.72776,0.457
11060000,0,-25.3532,595.253,1.96294,0.471357
11080000,0,-24.4631,595.262,0.385685,0.428667
11100000,0,-24.9281,594.495,1.28308,0.462
11120000,0,-25.2847,595.597,0.0196455,0.464545
11140000,0,-25.8755,594.066,0.121626,0.4529
11160000,0,-24.7857,595.123,0.788675,0.416
11180000,0,-26.4814,594.917,1.3762,0.404
11200000,0,-26.0227,596.452,0.571138,0.41
11220000,0,-26.0717,594.483,0.37743,0.4225
11240000,1,-36.2949,595.889,3.06023,0.543
11260000,1,-34.6473,595.305,1.1844,0.4446
11280000,0,-24.4809,594.531,0.820965,0.49125
11300000,0,-26.0264,596.497,1.44719,0.378
11320000,0,-25.807,594.93,0.507802,0.419
11340000,0,-25.4918,595.59,1.83827,0.481
11360000,1,-35.6659,594.579,3.33525,0.437
11380000,0,-24.9236,595.047,2.36883,0.368
11400000,1,-37.6011,591.5,0.470738,0.471333
11420000,0,-24.043,593.74,0.168344,0.41975
11440000,0,-24.5308,594.351,0.885628,0.437
11460000,0,-25.3112,595.462,0.48737,0.462636
11480000,0,-24.1012,593.644,0.850222,0.408
11500000,0,-26.3015,595.12,1.01161,0.423
11520000,0,-23.2115,591.943,0.0453867,0.524
11540000,0,-24.6751,593.916,1.71431,0.438312
11560000,0,-25.0241,594.674,2.02344,0.473
11580000,1,-35.8595,596.437,2.00517,0.505
11600000,0,-24.5881,594.318,7.36997,0.444
11620000,1,-36.4806,594.491,3.30024,0.604
11640000,0,-24.7623,595.382,2.8402,0.476
11660000,0,-25.3282,595.412,0.31792,0.428
11680000,0,-24.7434,592.641,0.122878,0.458
11700000,0,-24.104,591.543,0.191744,0.439
11720000,0,-25.198,596.172,3.86943,0.482875
11740000,0,-25.8015,593.059,0.231978,0.464857
11760000,0,-25.2944,593.976,0.432458,0.435
11780000,2,-48.8113,590.749,0.92375,0.454
11800000,0,-25.2706,595.305,0.0423374,0.4555
11820000,0,-25.4552,596.247,3.59085,0.457333
11840000,0,-26.2335,594.846,0.434459,0.477417
11860000,0,-25.4628,594.176,0.00296688,0.459864
11880000,0,-25.1333,595.642,0.326659,0.526
11900000,0,-24.289,594.76,0.721122,0.412
11920000,0,-24.7163,594.156,0.00402973,0.39
11940000,0,-24.41,594.623,0.752288,0.533
11960000,1,-34.2606,594.172,2.05387,0.552
11980000,0,-24.4167,594.581,1.29916,0.511
12000000,0,-24.7834,594.614,2.35947,0.375
12020000,1,-33.0768,591.164,4.17849,0.452
12040000,1,-35.5985,591.799,4.99409,0.5115
12060000,2,-47.9088,595.583,0.905978,0.4475
12080000,0,-24.3627,594.425,0.937388,0.419
12100000,0,-24.5283,594.296,1.50054,0.442667
12120000,1,-35.0962,597.409,1.38855,0.465667
12140000,0,-23.741,593.259,2.42855,0.4416
12160000,0,-24.8031,594.459,0.875938,0.461471
12180000,0,-25.6986,595.894,0.216846,0.55
12200000,1,-37.6039,592.843,0.480965,0.447
12220000,2,-46.4899,594.052,1.26906,0.498
12240000,0,-23.9272,593.125,0.187314,0.4318
12260000,0,-25.9086,595.423,2.67586,0.462
12280000,0,-26.1224,594.384,0.889739,0.483172
12300000,0,-24.933,595.861,1.25633,0.442
12320000,0,-26.2452,595.881,0.974997,0.433
12340000,0,-25.8278,596.254,0.411918,0.413
12360000,0,-24.8896,594.788,0.52318,0.386
12380000,1,-34.9747,592.324,3.59106,0.4375
12400000,0,-24.3357,593.491,0.318014,0.47463
12420000,1,-38.1184,595.285,1.21196,0.4414
12440000,0,-23.2685,587.352,0.289478,0.354
12460000,1,-34.26,592.984,0.221109,0.476111
12480000,0,-25.6194,595.559,1.40066,0.5925
12500000,1,-32.9798,591.699,0.960821,0.549
12520000,0,-26.7493,594.037,0.0155206,0.536
12540000,0,-25.3626,595.792,1.33844,0.398
12560000,1,-36.2855,594.798,0.174824,0.47
12580000,1,-36.0058,593.217,4.50209,0.504
12600000,3,-55.0012,592.804,5.07506,0.482
12620000,0,-23.9912,594.274,0.0988153,0.491
12640000,1,-35.6815,595.484,1.88499,0.519
12660000,0,-23.5432,592.357,0.132569,0.603
12680000,0,-25.5356,596.092,1.21778,0.400333
12700000,0,-24.6719,593.987,0.75553,0.525875
12720000,1,-34.6286,595.026,0.709213,0.491
12740000,0,-23.9945,594.021,0.450773,0.493
12760000,0,-24.9897,595.763,0.258681,0.484
12780000,0,-24.2636,593.897,0.704603,0.366
12800000,0,-25.7333,595.72,2.85809,0.388
12820000,1,-34.626,594.043,1.3792,0.489765
12840000,0,-25.4399,593.687,0.989509,0.439
12860000,0,-26.3978,592.938,2.33128,0.474684
12880000,0,-23.5451,592.037,0.0907295,0.404
12900000,0,-25.5569,594.643,0.793938,0.5275
12920000,0,-24.5967,593.249,0.0150565,0.519692
12940000,1,-33.6629,592.773,1.58714,0.456562
12960000,0,-26.2984,594.192,0.319489,0.396
12980000,0,-24.3914,592.284,2.97001,0.475
13000000,0,-25.3703,595.583,0.663787,0.472
13020000,0,-25.846,596.014,1.32546,0.5785
13040000,0,-26.6159,595.667,0.629915,0.439
13060000,0,-25.4911,595.016,2.13941,0.442
13080000,1,-34.6948,595.467,1.03414,0.481
13100000,0,-25.1827,592.614,0.0869237,0.446667
13120000,0,-25.4842,592.455,1.78241,0.4
13140000,0,-26.9211,591.505,2.39321,0.461
13160000,0,-24.5291,594.784,2.98434,0.451
13180000,0,-24.9818,595.776,0.164287,0.44
13200000,2,-44.7862,596.278,2.76672,0.466
13220000,0,-24.2049,594.373,0.218268,0.5135
13240000,0,-26.4407,594.245,0.379471,0.41
13260000,4,-71.3647,591.677,7.05017,0.592
13280000,0,-25.3007,594.675,1.45127,0.466667
13300000,0,-24.9086,595.853,0.18172,0.554
13320000,0,-23.1708,584.369,0.104243,0.504
13340000,0,-26.7969,594.613,1.08177,0.422
13360000,0,-25.9474,596.519,0.264782,0.495
13380000,0,-25.3014,593.486,1.82321,0.493
13400000,0,-23.895,585.436,1.4032,0.4575
13420000,0,-25.6148,595.401,0.64102,0.419
13440000,3,-56.8398,593.634,3.89273,0.613
13460000,1,-36.0158,593.655,1.83449,0.485
13480000,0,-24.383,594.351,0.260495,0.494667
13500000,0,-27.1119,593.174,0.314043,0.413
13520000,1,-33.6096,593.127,1.86589,0.446
13540000,0,-25.2861,594.554,0.42445,0.439
13560000,0,-24.2427,593.541,1.38775,0.436909
13580000,2,-47.0763,591.548,1.95763,0.465
13600000,0,-26.5527,593.173,0.70247,0.41
13620000,0,-25.202,594.669,0.221143,0.559167
13640000,0,-26.8159,589.25,1.57526,0.448
13660000,0,-24.9314,594.972,0.989179,0.454
13680000,2,-47.8255,595.248,1.96167,0.457
13700000,0,-26.5908,594.631,0.135162,0.398
13720000,1,-36.082,595.438,4.79924,0.5166
13740000,0,-24.8271,595.211,0.851327,0.414
13760000,0,-26.6251,593.622,2.35313,0.395
13780000,2,-46.2877,595.02,1.90325,0.469
13800000,1,-35.9512,593.333,1.32628,0.446875
13820000,1,-36.3807,591.781,0.570262,0.396
13840000,0,-26.5808,594.574,2.00387,0.373
13860000,0,-25.8268,595.485,1.90264,0.457444
13880000,0,-24.6076,594.28,1.47987,0.472385
13900000,0,-24.5194,592.922,1.6433,0.426
13920000,0,-24.1493,593.805,0.331698,0.387
13940000,2,-48.6565,594.907,2.94002,0.5016
13960000,0,-24.197,593.469,0.0563021,0.4462
13980000,0,-24.9297,595.594,0.0948267,0.434
14000000,0,-25.9744,596.411,0.24845,0.57
14020000,1,-34.8986,596.085,0.10234,0.4756
14040000,0,-24.8307,595.015,2.12196,0.518
14060000,0,-25.7409,595.329,0.161513,0.433
14080000,0,-25.1535,595.094,1.08545,0.414
14100000,0,-25.3707,594.46,0.252448,0.464
14120000,0,-23.7442,591.924,0.319609,0.481625
14140000,0,-25.502,595.342,0.195597,0.447143
14160000,0,-24.6013,593.161,0.43186,0.409
14180000,0,-24.5952,593.737,0.639548,0.365
14200000,1,-34.8108,594.739,1.00828,0.435
14220000,2,-46.2294,594.701,3.21885,0.481
14240000,1,-34.3415,595.186,1.47014,0.457
14260000,0,-25.0832,594.68,0.476779,0.565
14280000,0,-25.6283,593.477,0.584895,0.496
14300000,1,-35.3075,595.788,2.18241,0.505333
14320000,0,-25.6536,594.023,0.651312,0.429
14340000,0,-27.0646,594.851,0.878202,0.387
14360000,0,-27.0355,594.172,0.771776,0.461
14380000,1,-36.1558,595.185,1.43144,0.488167
14400000,0,-25.2136,594.776,0.860198,0.412
14420000,0,-25.5596,592.386,0.318196,0.44
14440000,0,-24.4095,592.927,0.27485,0.467
14460000,0,-24.3445,594.997,1.84333,0.46775
14480000,0,-25.2922,595.273,1.89636,0.464286
14500000,1,-37.0262,593.926,1.88324,0.439
14520000,0,-25.6034,595.041,0.817612,0.482455
14540000,0,-23.6769,591.551,1.22614,0.490333
14560000,0,-23.0412,590.601,1.09106,0.366
14580000,0,-26.0205,589.957,0.744423,0.447
14600000,0,-24.0874,590.493,0.523932,0.534
14620000,2,-43.8793,589.878,5.48201,0.462
14640000,1,-36.2496,594.778,1.45399,0.486
14660000,0,-25.5348,595.438,1.03773,0.468545
14680000,0,-26.9181,595.21,0.956784,0.435
14700000,0,-24.664,594.132,0.111997,0.423
14720000,1,-34.8807,594.041,4.37171,0.397
14740000,0,-26.3703,592.971,1.1544,0.448167
14760000,0,-26.0098,594.561,0.62382,0.4106
14780000,0,-24.8083,592.721,0.741764,0.374
14800000,1,-33.4152,593.714,0.841776,0.48025
14820000,0,-25.7592,594.019,0.776447,0.395
14840000,0,-24.3294,594.873,0.691543,0.413
14860000,0,-24.4275,594.664,5.64789,0.467
14880000,1,-33.8031,595.016,1.99577,0.659
14900000,0,-25.806,592.783,0.529827,0.439
14920000,1,-39.492,593.474,1.51415,0.4475
14940000,0,-25.7795,595.474,3.01686,0.517
14960000,0,-24.9375,593.434,0.576676,0.511
14980000,0,-25.2803,593.759,3.16421,0.44175
15000000,0,-24.4078,591.661,0.927346,0.424
15020000,0,-24.7656,595.305,0.104916,0.4666
15040000,0,-24.2694,591.418,1.31335,0.392
15060000,0,-24.5797,595.271,0.591621,0.4486
15080000,0,-23.4877,592.474,0.570563,0.466
15100000,0,-24.0171,594.136,0.489682,0.429333
15120000,0,-24.6185,593.219,2.32354,0.378
15140000,0,-24.2972,594.654,1.48958,0.394
15160000,1,-34.1156,595.715,0.35784,0.526
15180000,0,-24.934,594.549,0.489428,0.413857
15200000,0,-24.2772,594.395,1.46442,0.4912
15220000,0,-24.4347,593.969,0.674856,0.4618
15240000,0,-26.0033,595.406,0.168444,0.4345
15260000,0,-24.8762,595.426,1.8174,0.504
15280000,0,-24.6778,592.753,0.866311,0.618
15300000,0,-25.7738,594.953,0.017616,0.495
15320000,1,-34.0989,590.107,0.101333,0.435
15340000,1,-34.4742,593.819,4.29192,0.453
15360000,0,-26.2667,593.528,0.768878,0.428
15380000,2,-49.1893,593.584,4.40184,0.498
15400000,1,-37.3333,597.921,0.663648,0.63
15420000,0,-24.2888,594.158,2.46476,0.5055
15440000,0,-25.6207,595.75,0.463686,0.4585
15460000,1,-36.0895,595.737,3.91401,0.548
15480000,0,-23.8223,588.852,0.628779,0.404
15500000,0,-24.4462,594.071,3.06257,0.4645
15520000,0,-24.6871,595.184,0.423133,0.463
15540000,1,-34.3608,594.796,1.45107,0.455
15560000,1,-34.9211,594.237,4.13361,0.481333
15580000,0,-26.7111,594.379,0.128106,0.49
15600000,0,-24.0351,593.678,0.620889,0.411
15620000,0,-26.7681,593.506,0.0244127,0.445
15640000,0,-24.9693,595.858,0.471844,0.448
15660000,0,-23.7112,593.374,3.66202,0.475435
15680000,0,-28.2397,593.149,0.202797,0.449111
15700000,0,-24.018,593.332,1.14313,0.534
15720000,1,-39.3705,595.156,1.39938,0.392
15740000,0,-25.5663,593.86,1.04337,0.4295
15760000,2,-51.9796,586.306,3.36674,0.479
15780000,0,-25.0441,595.787,3.73166,0.398
15800000,0,-23.8592,584.994,3.91877,0.389
15820000,1,-32.4223,591.698,0.762697,0.454
15840000,1,-35.1103,596.802,1.26792,0.527
15860000,1,-34.0062,593.735,0.572148,0.481519
15880000,1,-35.3612,595.188,1.81089,0.46
15900000,2,-44.5449,594.273,2.25476,0.43175
15920000,0,-23.1341,591.357,1.41278,0.44
15940000,0,-24.0641,592.608,0.354411,0.4335
15960000,1,-34.7488,594.137,0.979414,0.567
15980000,1,-38.2262,595.594,0.792194,0.507
16000000,0,-26.6341,596.201,0.28117,0.399
16020000,0,-24.6472,594.64,1.55688,0.426
16040000,2,-48.8599,595.282,4.70625,0.465
16060000,1,-39.2941,598.037,1.5148,0.431
16080000,0,-26.229,593.423,0.28398,0.487
16100000,0,-24.9552,592.676,0.23436,0.4385
16120000,0,-24.9459,594.037,0.0321828,0.452
16140000,0,-25.0401,594.127,0.686369,0.489667
16160000,0,-24.5282,594.846,1.92525,0.456833
16180000,0,-24.4634,593.065,0.295629,0.385
16200000,0,-26.2646,596.151,1.34214,0.458
16220000,0,-24.345,589.577,0.624448,0.4405
16240000,0,-27.7373,594.787,2.20711,0.422
16260000,0,-23.6643,592.344,1.45795,0.4595
16280000,0,-25.908,595.917,0.672923,0.401
16300000,0,-24.25,593.657,2.2263,0.43925
16320000,0,-26.3294,594.29,0.670198,0.667
16340000,0,-26.7109,595.738,0.0236158,0.436333
16360000,0,-25.0573,594.885,0.741301,0.508
16380000,0,-25.8862,595.309,0.443965,0.469857
16400000,1,-35.7874,593.725,1.27949,0.424667
16420000,1,-36.8866,597.156,1.35822,0.508667
16440000,0,-25.0147,594.863,0.640909,0.442
16460000,0,-25.6051,595.919,1.90027,0.398
16480000,0,-24.2968,594.936,0.259849,0.517077
16500000,0,-24.0652,593.8,1.18655,0.549
16520000,0,-25.467,594.68,4.24578,0.524
16540000,0,-25.8603,594.442,0.850304,0.43
16560000,0,-26.1244,595.602,3.13928,0.467333
16580000,1,-34.9469,594.615,0.567677,0.451
16600000,1,-35.5643,595.418,0.716372,0.493
16620000,0,-26.8033,595.321,0.449616,0.418
16640000,0,-26.7833,594.757,1.00643,0.4553
16660000,1,-35.0773,592.931,5.09037,0.449333
16680000,0,-25.6659,593.612,0.0327565,0.4835
16700000,0,-25.7961,595.125,0.667982,0.4384
16720000,0,-24.618,595.422,0.260681,0.516333
16740000,3,-56.0844,588.321,0.680795,0.582
16760000,0,-25.9838,596.195,1.21716,0.462333
16780000,0,-24.6457,595.265,1.6402,0.4005
16800000,0,-25.5783,592.42,0.972576,0.445
16820000,0,-24.8443,595.03,0.901352,0.375
16840000,0,-25.6,593.768,0.815352,0.404
16860000,1,-34.057,594.16,0.938419,0.485
16880000,0,-25.5534,592.476,0.366135,0.451
16900000,0,-24.0066,594.057,0.23663,0.405
16920000,0,-25.2815,594.826,3.39486,0.521
16940000,0,-25.9279,593.228,1.01201,0.401
16960000,0,-26.3043,594.405,1.56404,0.546333
16980000,0,-25.1062,593.956,0.392373,0.388
17000000,1,-34.0094,593.253,2.14626,0.548
17020000,1,-34.9728,590.441,2.0557,0.509
17040000,0,-24.291,594.608,1.80012,0.42975
17060000,1,-34.9038,597.718,1.25535,0.642
17080000,0,-24.5042,593.592,0.891407,0.455
17100000,1,-34.894,592.532,3.46866,0.536
17120000,0,-24.887,593.308,0.817284,0.425
17140000,0,-24.8565,593.015,0.179429,0.411
17160000,1,-35.0834,595.318,3.07187,0.423
17180000,1,-35.8307,595.27,0.735831,0.416
17200000,0,-25.6515,593.461,0.900582,0.507
17220000,0,-24.139,594.535,0.466293,0.398
17240000,0,-25.4445,594.383,0.12915,0.494043
17260000,0,-25.11,594.774,0.796141,0.489667
17280000,1,-35.1293,595.9,3.70651,0.4724
17300000,0,-24.8506,590.016,0.473352,0.397
17320000,0,-25.2852,595.874,1.54793,0.4748
17340000,0,-26.6274,593.391,1.88512,0.36
17360000,1,-37.7757,595.774,4.2679,0.510667
17380000,0,-24.9021,594.983,1.32587,0.509333
17400000,0,-24.0496,593.68,2.94305,0.477
17420000,0,-25.9208,596.053,1.13353,0.431364
17440000,0,-26.059,596.452,1.00826,0.438667
17460000,0,-25.6157,596.117,0.30775,0.427
17480000,0,-26.7052,593.271,0.188085,0.4638
17500000,2,-43.3468,596.527,4.12584,0.58
17520000,0,-24.6474,595.101,0.676986,0.425
17540000,0,-25.9449,594.926,1.34223,0.471
17560000,0,-26.0799,595.689,0.0930507,0.429
17580000,0,-25.6199,596.429,1.79478,0.401
17600000,0,-25.2387,593.115,0.716319,0.492
17620000,0,-25.9551,595.87,0.587511,0.377
17640000,0,-24.2677,594.807,0.622043,0.4795
17660000,0,-24.6816,595.004,1.38011,0.378
17680000,1,-35.4006,593.26,4.63128,0.446
17700000,0,-24.5851,593.997,1.61502,0.42
17720000,2,-45.0223,594.818,4.07891,0.401
17740000,1,-35.5913,597.654,2.80082,0.513
17760000,0,-25.6692,595.828,0.0378213,0.413
17780000,0,-27.1192,593.011,3.6316,0.432
17800000,1,-37.2111,594.822,3.25379,0.48
17820000,1,-36.1249,592.604,2.68456,0.465
17840000,0,-24.7271,592.742,0.954638,0.4625
17860000,0,-27.0248,592.899,0.647414,0.4845
17880000,0,-25.9884,595.008,0.164513,0.4895
17900000,0,-24.5191,591.95,3.42255,0.465714
17920000,0,-25.4408,595.009,3.34903,0.464077
17940000,0,-25.1249,594.174,0.953729,0.415
17960000,0,-25.6816,596.013,6.45757,0.371
17980000,0,-24.2318,594.701,0.458055,0.4652
18000000,0,-23.9398,593.269,0.17353,0.441
18020000,0,-24.3164,594.663,0.407196,0.428
18040000,0,-25.9498,594.03,0.608118,0.401
18060000,0,-24.3852,593.422,0.0822248,0.496
18080000,1,-34.8734,596.004,2.31761,0.484
18100000,0,-26.244,593.984,2.19157,0.485154
18120000,0,-23.9921,594.003,1.83302,0.504
18140000,0,-26.0664,593.135,2.78684,0.473333
18160000,1,-35.2774,595.448,0.347364,0.418
18180000,0,-24.4195,594.803,0.0592396,0.47
18200000,0,-24.3374,593.561,0.541583,0.5425
18220000,0,-25.0874,593.665,3.05525,0.436667
18240000,0,-25.4318,595.381,1.01322,0.448
18260000,0,-25.0507,595.562,1.22107,0.4856
18280000,0,-25.1095,593.743,1.9417,0.4655
18300000,0,-25.1304,595.172,0.571841,0.460667
18320000,0,-26.9109,594.054,1.62059,0.41
18340000,0,-24.8226,594.396,0.0480235,0.4435
18360000,0,-23.8504,593.6,0.189003,0.451
18380000,0,-24.807,593.52,0.838427,0.4296
18400000,0,-24.1271,592.761,1.04797,0.395
18420000,0,-25.5212,595.92,1.06564,0.454
18440000,0,-24.2043,593.406,0.367526,0.473667
18460000,0,-27.1782,594.927,0.7366,0.405
18480000,0,-24.9666,595.377,0.0360531,0.401
18500000,0,-24.7026,595.085,1.09743,0.491417
18520000,0,-24.5167,593.973,0.150942,0.484
18540000,2,-47.4975,590.681,4.02677,0.5225
18560000,0,-26.5197,595.852,0.777041,0.4555
18580000,0,-24.1438,594.45,4.31581,0.381
18600000,0,-24.5228,593.954,3.2436,0.441
18620000,0,-27.4093,594.331,1.59041,0.44
18640000,0,-23.1688,590.518,0.28154,0.48875
18660000,1,-36.3821,593.607,5.58322,0.478
18680000,0,-26.4182,595.109,0.238111,0.447455
18700000,0,-25.1933,595.395,0.297867,0.491
18720000,2,-45.5079,592.771,5.44838,0.509
18740000,0,-25.2231,595.779,0.28181,0.45325
18760000,0,-24.5367,595.023,2.742,0.569
18780000,0,-24.0618,591.745,1.91367,0.439
18800000,1,-35.6327,593.964,1.45622,0.448
18820000,1,-32.6497,589.765,0.825728,0.442
18840000,0,-26.9427,593.965,0.21852,0.388
18860000,0,-26.2482,595.789,0.573543,0.46
18880000,0,-26.1503,594.36,0.372713,0.4672
18900000,0,-24.1201,594.367,0.271438,0.4294
18920000,1,-34.2603,592.5,1.79912,0.4469
18940000,0,-26.0209,595.913,3.27845,0.4045
18960000,1,-35.4359,592.073,3.46445,0.418
18980000,1,-37.6616,595.997,1.97408,0.393
19000000,0,-25.2494,595.482,0.45099,0.488
19020000,0,-25.1656,595.554,1.39519,0.44
19040000,1,-33.9863,592.252,0.839013,0.495167
19060000,0,-25.8619,594.794,0.994233,0.44775
19080000,0,-25.7109,596.073,0.74213,0.46336
19100000,0,-23.986,593.052,0.384582,0.445
19120000,1,-35.5667,596.843,1.71688,0.624
19140000,0,-25.8549,594.89,0.237115,0.450455
19160000,0,-26.8771,596.025,0.14486,0.468
19180000,0,-23.9259,593.585,1.85437,0.460462
19200000,0,-24.4376,592.981,0.645397,0.353
19220000,0,-25.6862,593.564,0.19287,0.381
19240000,0,-25.5786,595.769,1.47253,0.451
19260000,0,-25.9154,594.762,0.602942,0.526286
19280000,0,-24.6617,594.828,0.760175,0.415
19300000,0,-24.3819,593.601,0.418585,0.427
19320000,2,-45.5506,599.169,1.16521,0.464875
19340000,1,-33.9914,593.962,2.30907,0.444
19360000,0,-25.256,594.86,0.835427,0.4412
19380000,0,-25.8758,594.96,2.19778,0.406
19400000,1,-36.3518,598.533,2.21301,0.6145
19420000,0,-24.0634,593.772,0.100777,0.4618
19440000,0,-27.4601,594.218,0.0602206,0.438
19460000,0,-25.0832,595.494,0.724506,0.4895
19480000,0,-26.3883,595.902,0.670802,0.426
19500000,0,-25.8379,594.716,0.336664,0.4415
19520000,0,-24.2517,593.403,0.227084,0.431
19540000,0,-25.6038,594.821,0.528312,0.485
19560000,0,-27.5335,594.613,1.1706,0.412
19580000,1,-36.0897,595.561,0.834352,0.4802
19600000,0,-24.6146,592.827,0.105423,0.478
19620000,2,-44.6339,596.244,1.44903,0.608
19640000,0,-25.353,594.465,0.311252,0.385
19660000,0,-25.8641,595.465,0.49156,0.393
19680000,0,-27.1589,593.188,1.84884,0.368
19700000,0,-24.2488,594.391,0.26074,0.388
19720000,1,-33.9325,593.092,1.53271,0.461
19740000,0,-23.8868,591.972,0.0828317,0.4305
19760000,0,-26.6346,595.247,0.698041,0.422
19780000,3,-58.9234,595.777,4.38972,0.452667
19800000,0,-26.1931,593.971,3.84797,0.5378
19820000,0,-24.9239,595.437,1.63898,0.383
19840000,0,-25.6676,596.022,2.26904,0.499
19860000,0,-25.2906,595.56,0.515255,0.526
19880000,0,-24.174,593.364,2.45557,0.399
19900000,0,-27.2693,593.157,0.208171,0.43575
19920000,0,-24.785,592.455,0.129487,0.484455
19940000,0,-25.2818,595.386,0.279338,0.374
19960000,0,-24.7146,591.371,0.706896,0.447
19980000,0,-24.2709,593.553,1.26441,0.423
20000000,1,-36.1736,594.764,2.04847,0.4866
20020000,3,-57.8582,593.786,1.85052,0.439
20040000,1,-35.7284,594.518,0.886388,0.487111
20060000,0,-27.2202,595.319,1.45063,0.431
20080000,0,-25.6904,594.33,0.509536,0.416
20100000,0,-24.4833,594.862,2.50885,0.4245
20120000,0,-25.3605,594.679,1.51673,0.432
20140000,0,-26.3239,595.058,1.89564,0.44
20160000,0,-25.1451,589.995,0.306774,0.4515
20180000,0,-26.0341,594.381,0.554651,0.466167
20200000,0,-25.3483,595.891,0.331902,0.479833
20220000,0,-26.085,594.516,0.0734369,0.483
20240000,0,-26.0682,596.244,1.70621,0.448409
20260000,0,-26.0114,595.725,1.68312,0.585
20280000,0,-26.7686,595.059,1.15954,0.499263
20300000,1,-35.0956,595.137,0.785488,0.377
20320000,1,-36.3274,600.345,1.07729,0.53
20340000,1,-40.0241,592.945,0.478456,0.450857
20360000,0,-24.7221,594.564,0.407046,0.523
20380000,0,-24.9591,595.762,0.385516,0.489
20400000,0,-24.6736,595.368,1.35155,0.402
20420000,0,-25.7667,589.936,0.296129,0.408
20440000,0,-24.3621,594.703,0.00566765,0.4785
20460000,0,-25.7651,595.435,2.30998,0.4
20480000,0,-25.2036,594.617,0.0180183,0.495154
20500000,1,-34.3154,592.722,0.457414,0.534
20520000,0,-24.6149,592.815,0.981954,0.422
20540000,0,-25.3613,592.209,0.34567,0.488
20560000,0,-24.0183,593.769,0.442967,0.5105
20580000,0,-25.0947,594.719,2.96272,0.436333
20600000,1,-34.0834,593.712,0.231876,0.4346
20620000,0,-25.6786,596.37,0.205425,0.4605
20640000,0,-24.2831,594.849,0.093272,0.525
20660000,0,-25.9117,596.378,0.354256,0.423
20680000,0,-26.8906,595.323,0.624131,0.40775
20700000,0,-25.2274,595.536,0.965567,0.424
20720000,0,-25.6687,596.288,0.123915,0.477286
20740000,0,-25.5558,595.87,1.20648,0.453
20760000,0,-26.0304,595.353,2.44482,0.511
20780000,1,-38.0805,595.441,2.47234,0.477167
20800000,0,-24.3374,592.154,0.516451,0.435714
20820000,0,-26.2278,592.065,0.457454,0.389
20840000,0,-25.6068,592.541,0.30384,0.464
20860000,2,-43.5371,594.807,3.02439,0.517
20880000,0,-24.9957,595.31,0.185311,0.474941
20900000,0,-23.3601,591.01,0.233982,0.442333
20920000,0,-26.1567,592.993,0.830069,0.456
20940000,0,-24.9817,593.408,0.230787,0.455
20960000,0,-24.3059,590.045,0.443428,0.473
20980000,0,-24.9627,592.767,1.63945,0.381
21000000,0,-26.1636,595.269,0.321432,0.4415
21020000,1,-33.5718,591.141,0.25685,0.518
21040000,3,-54.3695,595.306,3.86605,0.544
21060000,0,-25.2084,595.909,0.995693,0.392
21080000,0,-25.1196,594.597,0.759682,0.464
21100000,0,-25.1433,594.373,1.97848,0.455
21120000,0,-24.2438,593.81,0.184255,0.405
21140000,0,-25.5411,593.228,1.22974,0.457
21160000,0,-25.978,595.619,0.0327694,0.442125
21180000,0,-26.0983,595.731,0.235853,0.387
21200000,1,-36.1535,597.241,3.20405,0.494417
21220000,1,-34.8884,596.072,5.95397,0.533
21240000,1,-35.5434,589.603,3.94008,0.552
21260000,0,-23.1999,590.364,0.720996,0.477444
21280000,0,-27.2268,594.912,1.86072,0.376
21300000,1,-36.5197,594.836,0.694026,0.494667
21320000,0,-25.1355,594.585,2.2035,0.4401
21340000,0,-25.0889,592.942,3.51881,0.4095
21360000,1,-34.6167,594.174,0.442604,0.626
21380000,0,-24.2735,592.915,1.36456,0.51
21400000,0,-24.6003,594.227,1.17071,0.404
21420000,0,-26.1153,595.838,0.828264,0.425
21440000,0,-24.9515,592.05,0.685337,0.482444
21460000,0,-24.9973,595.588,0.389543,0.4452
21480000,0,-25.8106,595.924,1.96216,0.493625
21500000,1,-36.566,594.296,0.98448,0.48
21520000,0,-25.4579,595.411,0.307374,0.48075
21540000,0,-23.6164,591.184,1.37374,0.395
21560000,1,-34.3669,593.925,1.15409,0.435727
21580000,2,-45.2067,592.463,1.07174,0.4745
21600000,0,-26.8391,590.618,0.0723926,0.46825
21620000,0,-27.0802,595.552,2.52382,0.454
21640000,0,-26.6384,592.832,0.703411,0.425556
21660000,1,-35.9615,594.096,1.33699,0.474056
21680000,0,-25.8177,595.987,2.53497,0.441
21700000,0,-24.6731,591.445,3.36192,0.389
21720000,0,-24.6043,595.043,1.00523,0.426
21740000,0,-27.252,593.126,0.832476,0.449636
21760000,0,-24.9986,593.679,0.311601,0.399
21780000,2,-46.2607,587.089,0.838166,0.48625
21800000,0,-25.0832,594.762,0.30774,0.4328
21820000,3,-58.7901,592.194,3.29936,0.5019
21840000,0,-24.8514,594.699,1.01889,0.405
21860000,0,-24.6806,594.674,0.231619,0.434
21880000,0,-25.4585,595.885,2.12473,0.454727
21900000,0,-26.8581,595.736,0.31702,0.548
21920000,0,-24.9516,594.802,0.443513,0.43275
21940000,0,-25.5532,596.006,2.67394,0.442
21960000,0,-24.4315,593.523,2.62851,0.461462
21980000,1,-35.3037,595.809,2.06644,0.459
22000000,0,-25.8978,595.236,0.235465,0.416
22020000,0,-24.9971,595.997,1.82856,0.414
22040000,0,-25.0655,593.55,1.85375,0.525
22060000,0,-24.5548,592.726,0.77731,0.488667
22080000,1,-34.8431,591.72,0.984878,0.655
22100000,0,-25.11,590.404,0.972751,0.42475
22120000,1,-36.8611,600.917,0.790315,0.605571
22140000,0,-26.0741,593.856,1.03398,0.408
22160000,0,-24.2538,594.429,0.085613,0.417
22180000,0,-26.1698,595.681,0.306187,0.536
22200000,1,-34.6579,590.531,1.35273,0.537625
22220000,0,-26.2738,594.272,2.9035,0.376
22240000,0,-25.7536,594.534,0.171474,0.516889
22260000,0,-25.1738,595.808,1.14809,0.49
22280000,0,-23.9659,593.388,1.79909,0.362
22300000,1,-35.7309,592.959,0.648986,0.4964
22320000,1,-33.7721,594.443,1.59602,0.392
22340000,0,-24.4676,594.133,0.959533,0.510818
22360000,0,-24.4012,593.588,1.33441,0.499778
22380000,0,-27.1815,595.645,0.369821,0.448143
22400000,0,-25.6764,592.27,0.922029,0.459167
22420000,1,-37.1451,595.342,0.716038,0.46
22440000,0,-25.3778,592.385,0.514101,0.406
22460000,0,-24.8182,595.211,1.07957,0.463
22480000,0,-24.0049,593.203,0.0149385,0.44
22500000,0,-24.4703,592.791,0.0369546,0.45
22520000,0,-24.8077,594.672,1.7916,0.502933
22540000,0,-25.4156,595.811,0.269182,0.422
22560000,2,-48.6255,590.354,2.15371,0.529
22580000,1,-36.3164,593.085,1.9835,0.415
22600000,1,-34.2718,593.79,1.29202,0.5215
22620000,1,-35.7077,594.178,2.27279,0.475529
22640000,1,-34.9464,591.407,0.988144,0.4764
22660000,0,-27.1657,595.502,0.185876,0.566375
22680000,0,-25.6242,594.083,0.424709,0.524818
22700000,2,-42.9913,593.125,3.10989,0.454
22720000,0,-25.3866,593.956,1.73767,0.5105
22740000,0,-24.2497,591.988,0.0307289,0.396
22760000,0,-26.6424,595.933,2.22083,0.4895
22780000,0,-24.0915,592.807,0.0231351,0.385
22800000,0,-24.5841,593.233,0.092696,0.46
22820000,0,-25.23,595.749,0.868035,0.392
22840000,0,-24.3866,593.387,1.84304,0.4348
22860000,0,-24.6061,594.198,0.896352,0.374
22880000,0,-25.6381,595.98,1.08567,0.42
22900000,1,-33.3706,590.484,1.0595,0.508
22920000,0,-23.4672,591.625,0.676628,0.425
22940000,0,-26.5413,595.728,0.871163,0.415
22960000,0,-26.3376,595.655,0.638789,0.421333
22980000,0,-24.3619,593.033,4.77143,0.474
23000000,0,-26.9869,595.921,0.456972,0.456833
23020000,1,-34.6648,592.618,1.63822,0.387
23040000,0,-24.1839,590.952,0.644125,0.465176
23060000,0,-24.5737,593.836,0.236626,0.498684
23080000,0,-24.6466,594.387,2.87724,0.389
23100000,1,-36.8842,596.717,0.947327,0.47075
23120000,1,-34.9155,598.605,1.36685,0.474167
23140000,1,-36.4912,592.283,0.231934,0.505
23160000,1,-41.8681,597.983,2.98917,0.6
23180000,0,-24.7682,595.812,1.79061,0.514
23200000,0,-26.276,594.425,0.0746077,0.443
23220000,0,-24.2233,590.327,0.017101,0.399
23240000,1,-37.0813,598.779,0.467129,0.483
23260000,1,-34.7785,596.181,1.61507,0.540133
23280000,0,-25.5446,595.96,0.116909,0.4518
23300000,0,-25.6655,595.027,1.25817,0.372
23320000,0,-25.9367,595.937,0.776868,0.423
23340000,0,-26.0482,595.825,0.465336,0.524667
23360000,0,-24.1682,593.811,1.31071,0.479
23380000,0,-25.9829,595.187,0.386096,0.425
23400000,0,-26.9619,593.559,0.719681,0.46025
23420000,0,-23.6938,592.226,2.32501,0.545
23440000,0,-26.8561,595.926,0.547928,0.519667
23460000,1,-34.5214,596.548,0.712808,0.520357
23480000,0,-25.6451,593.15,0.260506,0.448
23500000,0,-26.1795,593.813,0.501228,0.4606
23520000,0,-23.1441,591.084,1.99712,0.522
23540000,0,-27.2999,595.183,0.279695,0.494
23560000,0,-26.1332,593.921,1.21823,0.472
23580000,0,-26.0568,595.885,0.372458,0.447429
23600000,0,-23.7041,593.48,1.49047,0.439
23620000,0,-24.2236,591.48,1.04762,0.509
23640000,1,-35.3529,594.255,1.39146,0.463
23660000,1,-37.2839,594.112,1.13605,0.5248
23680000,0,-25.4249,595.635,0.0171514,0.574
23700000,0,-24.5032,593.584,1.06007,0.445375
23720000,2,-50.4444,596.526,6.45431,0.577
23740000,0,-26.3233,596.377,2.25615,0.496667
23760000,2,-49.4168,590.523,4.87412,0.459
23780000,0,-25.8191,595.012,0.280708,0.588
23800000,0,-24.5146,594.674,0.751562,0.418
23820000,0,-25.1474,594.742,0.13808,0.459333
23840000,0,-23.8907,593.855,0.420421,0.441529
23860000,0,-25.0853,595.219,1.2123,0.4625
23880000,0,-25.8436,594.209,2.69253,0.42
23900000,0,-24.2142,594.462,0.344719,0.429333
23920000,0,-24.7377,595.463,0.160711,0.454
23940000,1,-36.8049,593.824,3.45683,0.488625
23960000,0,-25.3762,595.011,0.767219,0.599333
23980000,1,-35.9116,595.512,2.0814,0.421556
24000000,1,-35.5526,590.057,1.51174,0.512
24020000,0,-23.8532,592.235,0.956178,0.452
24040000,0,-24.089,590.811,1.07065,0.398
24060000,0,-24.4102,595.267,0.390515,0.526
24080000,0,-25.0715,594.122,2.67934,0.389
24100000,1,-35.9076,600.906,0.561183,0.444
24120000,0,-26.1117,593.311,0.415281,0.509667
24140000,0,-25.2447,595.586,0.684175,0.376
24160000,0,-25.4963,596.035,0.00157039,0.473545
24180000,1,-36.541,594.443,0.90161,0.445857
24200000,0,-24.4852,594.709,0.980195,0.501
24220000,1,-35.6452,595.44,1.94664,0.459125
24240000,1,-35.226,595.686,1.56663,0.444333
24260000,0,-25.2979,593.844,1.06195,0.504
24280000,0,-25.7417,594.531,0.446325,0.481125
24300000,3,-61.6586,588.31,3.83095,0.457333
24320000,0,-26.1067,594.575,0.116445,0.339
24340000,0,-25.4082,595.118,0.0885314,0.458488
24360000,0,-25.3859,596.307,1.57193,0.487
24380000,0,-25.7274,596.439,0.0560412,0.4767
24400000,0,-24.3344,594.668,0.292462,0.4468
24420000,0,-27.3579,594.756,0.280914,0.4035
24440000,1,-35.4555,596.279,0.261487,0.393
24460000,0,-26.3051,595.803,1.6459,0.464944
24480000,0,-25.2659,594.477,0.372007,0.46
24500000,1,-34.3174,594.659,0.356017,0.432
24520000,1,-35.0122,594.034,3.72649,0.476
24540000,0,-24.1758,592.833,1.11153,0.4495
24560000,0,-24.3058,594.014,1.1708,0.42
24580000,0,-24.8722,595.286,0.244326,0.493
24600000,1,-34.8101,595.368,1.66381,0.446
24620000,0,-24.698,595.523,1.9572,0.411
24640000,0,-24.4191,593.728,0.528158,0.41
24660000,0,-24.2564,594.106,1.82233,0.540375
24680000,0,-23.965,593.4,0.539809,0.401
24700000,1,-36.9558,594.93,0.580814,0.46
24720000,0,-26.4901,595.256,1.32662,0.456833
24740000,2,-48.3994,594.204,4.77621,0.4555
24760000,0,-25.53,594.642,0.629262,0.565
24780000,0,-26.8315,593.344,1.77563,0.4826
24800000,0,-24.3951,593.396,4.61155,0.5385
24820000,1,-35.815,598.11,1.15143,0.539875
24840000,0,-23.9512,591.219,2.38505,0.4688
24860000,0,-24.4205,594.075,1.53593,0.474684
24880000,0,-24.0663,593.523,0.688598,0.44
24900000,0,-24.3595,594.441,2.19077,0.431
24920000,0,-25.5534,595.631,0.948693,0.499273
24940000,0,-24.9514,592.645,0.560587,0.424
24960000,0,-24.8965,593.987,1.12369,0.452
24980000,0,-26.2777,596.11,0.387541,0.464333
25000000,1,-33.6913,596.469,3.53723,0.50475
25020000,0,-25.9238,596.302,0.842738,0.435
25040000,3,-59.8337,592.899,7.35122,0.4746
25060000,1,-36.4056,593.433,2.0323,0.43375
25080000,1,-36.1066,597.431,1.84652,0.576
25100000,1,-34.8962,596.456,3.32727,0.449
25120000,2,-46.1231,593.414,3.21049,0.449929
25140000,0,-25.0932,593.209,2.68049,0.470143
25160000,0,-25.137,590.742,4.51412,0.419
25180000,0,-24.6554,593.71,0.0618183,0.435
25200000,0,-25.5878,595.535,1.82663,0.441667
25220000,0,-24.3683,594.429,0.688555,0.414
25240000,0,-26.378,596.386,3.69221,0.432
25260000,0,-24.2712,590.8,2.51029,0.444
25280000,1,-37.9665,598.841,1.60995,0.468
25300000,0,-24.6511,592.777,1.98878,0.443
25320000,1,-36.2284,594.967,1.83752,0.442667
25340000,0,-26.5599,596.118,0.921022,0.466333
25360000,0,-25.655,595.451,0.835521,0.3985
25380000,1,-36.7018,598.944,0.49173,0.621
25400000,1,-35.5814,597.531,3.4642,0.525
25420000,0,-24.4982,595.233,0.88132,0.464533
25440000,1,-35.6627,593.866,5.05911,0.389
25460000,2,-45.858,595.493,3.4682,0.597
25480000,0,-26.6105,595.147,1.5553,0.467
25500000,0,-25.4901,595.852,0.733485,0.443
25520000,1,-35.069,595.145,1.15568,0.487
25540000,0,-26.6963,595.016,2.15651,0.408
25560000,0,-25.8844,595.932,1.50218,0.459333
25580000,0,-25.557,595.618,0.925247,0.491
25600000,0,-24.2105,593.213,0.400093,0.429
25620000,0,-23.2374,591.261,0.583731,0.443
25640000,1,-36.6511,597.545,3.88409,0.461
25660000,0,-24.9373,594.855,0.00126003,0.501529
25680000,0,-25.8957,594.968,1.62438,0.4415
25700000,0,-28.504,592.913,0.208412,0.4845
25720000,0,-24.9145,593.78,2.66611,0.404
25740000,0,-25.8431,595.347,1.51009,0.5345
25760000,2,-47.8159,593.919,2.59806,0.542
25780000,0,-23.1751,589.6,0.294601,0.534
25800000,0,-25.003,595.908,0.0277303,0.521444
25820000,2,-42.7477,591.427,0.577739,0.444333
25840000,0,-25.6281,595.011,1.97236,0.457
25860000,1,-35.6204,591.014,4.2354,0.409
25880000,0,-24.2594,594.425,0.199761,0.442
25900000,1,-35.1246,593.304,2.30072,0.513636
25920000,0,-24.3606,593.395,0.199622,0.37
25940000,0,-24.5583,595.129,0.277074,0.405
25960000,0,-25.7726,594.621,0.310977,0.483333
25980000,1,-35.0333,594.672,2.48484,0.5
26000000,0,-25.287,591.278,0.048594,0.457
26020000,0,-24.4514,592.697,1.53327,0.391
26040000,1,-36.1049,595.668,3.70793,0.447538
26060000,0,-24.6614,592.517,0.106295,0.428
26080000,1,-35.4357,594.638,1.00343,0.421455
26100000,0,-23.8393,590.575,1.01925,0.38
26120000,0,-26.0185,596.337,0.525934,0.393
26140000,0,-26.5412,595.374,0.28393,0.5016
26160000,1,-36.0253,593.198,1.16416,0.424
26180000,0,-25.8273,596.305,0.277458,0.490091
26200000,0,-25.9579,594.146,1.94045,0.4545
26220000,0,-24.1521,594.315,1.53735,0.398
26240000,0,-25.6116,595.113,0.00641446,0.517929
26260000,2,-46.562,594.509,4.22039,0.414
26280000,0,-23.8512,592.938,1.91401,0.489667
26300000,0,-25.3609,596.048,2.40099,0.555667
26320000,0,-26.8606,594.979,0.00940295,0.4845
26340000,0,-25.3357,594.969,0.0976875,0.491
26360000,0,-23.1942,591.582,0.310106,0.467
26380000,0,-25.3012,594.854,0.349853,0.509
26400000,1,-34.6498,592.112,1.89253,0.432667
26420000,0,-25.7448,594.185,1.36278,0.475
26440000,1,-33.0289,593.727,1.18117,0.57
26460000,0,-24.4661,595.158,0.779974,0.488625
26480000,0,-24.3447,594.627,1.67599,0.468333
26500000,0,-24.935,594.171,2.61312,0.451
26520000,0,-25.1582,595.427,0.251681,0.4427
26540000,0,-25.1674,591.53,0.497261,0.42
26560000,0,-25.3355,592.476,0.492107,0.481444
26580000,1,-35.6619,595.114,3.7908,0.436
26600000,0,-25.1397,596.105,0.713991,0.422
26620000,1,-34.0865,590.054,1.07218,0.555
26640000,0,-24.8683,595.486,0.90711,0.428333
26660000,0,-26.1664,596.037,2.67927,0.495
26680000,0,-25.5176,595.041,2.08128,0.485
26700000,0,-25.6733,590.821,1.61358,0.404
26720000,0,-26.5546,594.906,0.0202004,0.438
26740000,0,-24.4215,595.248,0.372142,0.521
26760000,0,-25.56,595.649,0.38507,0.373
26780000,1,-34.7173,592.379,7.45526,0.538
26800000,2,-48.2886,594.845,0.602798,0.472
26820000,0,-25.1979,595.813,0.500283,0.425
26840000,0,-24.4207,591.906,0.857693,0.404
26860000,1,-34.471,590.211,0.810058,0.419
26880000,0,-24.1592,591.977,2.35271,0.477667
26900000,0,-24.8749,594.339,0.250823,0.44375
26920000,0,-24.1256,592.917,0.370522,0.4822
26940000,0,-26.2329,595.97,0.621453,0.410333
26960000,0,-24.9156,595.715,0.0426213,0.5025
26980000,0,-26.6714,594.709,0.129359,0.4364
27000000,1,-34.8738,593.318,1.16268,0.41
27020000,0,-25.2401,595.576,0.485773,0.469667
27040000,2,-44.8479,593.172,3.68163,0.483596
27060000,0,-25.2995,596.002,1.71758,0.393
27080000,1,-35.2107,596.458,2.00686,0.5224
27100000,0,-25.5152,595.357,0.948405,0.4565
27120000,0,-25.3936,594.726,0.171823,0.436
27140000,0,-25.3034,594.474,0.504001,0.414
27160000,0,-25.2825,595.646,0.164191,0.41075
27180000,0,-24.9626,595.107,1.39998,0.509
27200000,0,-26.7959,595.054,0.432186,0.443
27220000,0,-24.2187,594.263,0.652266,0.46
27240000,0,-25.5812,594.004,0.130506,0.501833
27260000,0,-23.6585,592.035,0.124468,0.373
27280000,1,-34.3864,592.581,1.39391,0.533
27300000,0,-25.7466,595.38,4.99926,0.5055
27320000,0,-26.0955,594.969,0.246508,0.538
27340000,0,-25.5619,596.203,0.376853,0.385
27360000,0,-23.6925,593.342,0.405578,0.402
27380000,3,-61.1455,591.961,0.540545,0.449
27400000,0,-25.92,593.706,0.377446,0.454
27420000,0,-25.1492,595.453,0.518135,0.397
27440000,0,-25.7013,595.204,0.549324,0.47035
27460000,1,-36.2088,595.111,1.76929,0.413
27480000,0,-26.0917,595.225,0.0435593,0.411
27500000,1,-34.3517,593.177,1.87703,0.455929
27520000,2,-46.0841,592.588,4.36457,0.509
27540000,0,-26.0185,596.156,1.82115,0.497
27560000,1,-34.363,597.853,1.18161,0.4745
27580000,0,-24.9845,594.05,1.50191,0.437
27600000,0,-25.6304,596.471,0.605563,0.4225
27620000,0,-24.6063,595.036,0.351883,0.39
27640000,0,-24.9114,595.06,1.52289,0.453778
27660000,0,-26.0224,595.355,1.21046,0.398
27680000,0,-26.9359,594.782,0.525258,0.368
27700000,1,-35.5178,593.531,3.81533,0.492667
27720000,2,-53.2622,600.492,3.07393,0.444545
27740000,0,-25.6799,596.212,1.0458,0.4375
27760000,0,-23.5912,589.389,3.49774,0.4393
27780000,3,-53.08,593.965,4.26956,0.631333
27800000,0,-25.11,594.94,0.00233329,0.443857
27820000,0,-24.7475,595.106,0.567909,0.491889
27840000,0,-24.281,593.648,3.95618,0.4862
27860000,0,-26.124,594.439,0.661653,0.456
27880000,0,-25.5255,594.832,1.61875,0.488
27900000,0,-24.713,592.029,1.5686,0.549
27920000,0,-24.212,593.72,0.644765,0.441
27940000,0,-24.6902,595.146,0.0571649,0.385
27960000,0,-25.6847,594.866,1.05689,0.479583
27980000,0,-23.5326,591.239,0.657127,0.3895
28000000,0,-25.3993,595.579,0.0669005,0.498882
28020000,0,-24.1443,594.088,1.68084,0.401
28040000,0,-24.4431,594.311,0.781416,0.392
28060000,0,-25.0582,594.832,0.364814,0.441
28080000,4,-68.4517,587.281,7.84703,0.621667
28100000,1,-40.933,599.705,1.97756,0.579
28120000,1,-34.2229,593.956,1.44009,0.492
28140000,1,-35.6283,594.65,2.36762,0.428
28160000,0,-24.2347,591.412,0.114218,0.417
28180000,0,-24.4846,593.581,3.11209,0.505
28200000,0,-24.9754,595.565,1.09082,0.405
28220000,0,-24.977,594.005,1.53284,0.467
28240000,1,-34.8229,591.374,2.77817,0.481067
28260000,0,-24.1312,592.825,7.33956,0.441
28280000,1,-34.8659,593.295,1.20724,0.477632
28300000,0,-25.4151,596.339,2.20525,0.451444
28320000,2,-45.1707,601.395,2.46751,0.659
28340000,0,-24.9766,593.868,0.520401,0.440857
28360000,0,-24.2512,592.638,0.325301,0.389
28380000,2,-46.5852,596.519,2.17853,0.623
28400000,1,-35.4944,595.346,2.41533,0.5343
28420000,0,-24.7706,588.772,2.69867,0.423667
28440000,0,-25.213,595.579,0.576346,0.456769
28460000,0,-24.1144,593.786,0.0932897,0.394
28480000,2,-45.4051,593.154,6.88215,0.564
28500000,1,-35.6443,595.499,0.830781,0.436
28520000,0,-25.8664,594.05,0.580925,0.433625
28540000,1,-36.1582,592.933,1.64412,0.459061
28560000,0,-24.8693,595.002,0.0120667,0.4195
28580000,0,-25.1268,595.787,0.0788674,0.417
28600000,0,-24.6278,594.955,1.43319,0.39
28620000,0,-25.6064,596.096,0.927334,0.385
28640000,0,-24.6748,594.506,1.02411,0.423
28660000,0,-25.4572,593.169,0.702855,0.441571
28680000,0,-24.6233,591.954,0.619034,0.419
28700000,0,-27.6021,594.574,0.175745,0.362
28720000,1,-36.4116,594.761,3.28168,0.405
28740000,0,-24.645,594.446,1.67479,0.517
28760000,1,-35.1542,593.071,0.301042,0.483333
28780000,1,-33.8104,593.608,1.18523,0.565
28800000,0,-25.3264,592.251,0.5834,0.4335
28820000,0,-23.9799,589.548,0.526697,0.397
28840000,0,-27.1786,592.383,0.946568,0.503333
28860000,0,-25.1341,593.643,0.915931,0.479
28880000,0,-23.9053,590.449,0.109023,0.431
28900000,0,-24.0128,593.28,0.160843,0.444
28920000,0,-24.966,592.933,0.82766,0.474526
28940000,0,-25.7323,595.963,0.0525065,0.445333
28960000,0,-24.6114,594.379,0.385476,0.352
28980000,0,-26.0404,595.601,0.0457229,0.4555
29000000,0,-23.285,592.26,3.00558,0.385
29020000,0,-26.1235,595.504,0.483717,0.3932
29040000,0,-24.9388,591.624,2.12919,0.531
29060000,0,-24.8214,593.191,1.00888,0.439
29080000,0,-23.5877,592.73,0.655608,0.39
29100000,0,-24.4992,595.038,0.167052,0.403
29120000,0,-23.9471,593.017,0.168158,0.386
29140000,0,-26.4623,595.093,0.956822,0.401
29160000,0,-25.0754,593.067,0.11302,0.477
29180000,0,-24.5188,594.361,0.68563,0.4274
29200000,0,-26.2702,595.301,0.196432,0.460667
29220000,1,-37.6758,594.912,3.05811,0.4708
29240000,0,-24.5639,593.038,0.73062,0.457143
29260000,0,-25.7321,596.166,0.410731,0.494
29280000,1,-37.5971,597.718,2.88236,0.5335
29300000,0,-24.4415,591.758,0.509633,0.448
29320000,0,-25.6677,595.18,2.71966,0.486
29340000,0,-25.3696,592.592,0.219099,0.402
29360000,2,-45.8407,597.996,1.93914,0.5665
29380000,1,-37.1368,594.206,1.86569,0.460333
29400000,1,-35.0502,593.373,0.298066,0.404
29420000,0,-26.201,596.112,0.76491,0.421
29440000,0,-22.9679,588.589,0.233854,0.443
29460000,0,-25.4555,594.993,0.89056,0.469
29480000,1,-35.2778,598.277,2.85964,0.413
29500000,1,-39.036,591.02,0.118833,0.558
29520000,0,-25.3959,596.094,0.812289,0.476786
29540000,1,-34.5567,593.791,3.97932,0.509
29560000,0,-24.9944,594.979,0.693636,0.4928
29580000,1,-34.7673,592.522,5.24663,0.486556
29600000,0,-25.065,595.792,0.481384,0.5152
29620000,0,-24.8307,592.525,0.662396,0.437
29640000,0,-24.8882,594.223,0.391674,0.474333
29660000,0,-26.0263,595.049,1.63489,0.464556
29680000,1,-33.1171,591.3,1.32961,0.472
29700000,0,-25.1927,596.143,0.53519,0.4075
29720000,0,-25.3224,592.221,0.164197,0.585
29740000,2,-43.5155,586.4,2.48132,0.496667
29760000,0,-24.8664,593.594,1.27565,0.482333
29780000,0,-24.0313,594.439,1.09042,0.415
29800000,0,-26.8167,595.555,0.181276,0.54
29820000,0,-27.1145,593.391,1.15601,0.471935
29840000,0,-26.3606,596.272,1.2792,0.423
29860000,0,-25.678,596.269,0.230512,0.456333
29880000,0,-25.2843,595.398,0.587398,0.406
29900000,1,-36.8487,595.638,2.86928,0.487
29920000,0,-24.7443,591.877,0.464837,0.504
29940000,0,-24.0379,593.793,0.150801,0.437
29960000,0,-26.6724,595.556,0.391304,0.427333
29980000,0,-25.9473,596.176,0.775232,0.386
