generation,N_shifts,logPrior,logLik,eventRate,acceptRate
0,0,-16.0745,-6338.95,500,0
20000,1,-25.91,725.013,4.11133,0.4052
40000,0,-15.6041,722.931,0.358302,0.47
60000,0,-15.5993,723.331,0.983132,0.438
80000,1,-24.7446,727.612,1.56548,0.350333
100000,1,-25.6085,734.588,1.08402,0.418143
120000,0,-15.6052,727.516,0.949827,0.344
140000,0,-15.5524,726.36,0.139096,0.4108
160000,0,-15.5218,728.945,0.401646,0.384667
180000,0,-15.6103,728.401,2.67899,0.33
200000,1,-30.0104,723.497,0.679359,0.326
220000,0,-15.6457,727.724,1.40196,0.364
240000,1,-27.2069,724.359,1.90449,0.369632
260000,0,-15.6543,727.913,1.03496,0.358222
280000,0,-15.6199,729.113,0.0539667,0.3975
300000,0,-15.5179,727.516,0.433725,0.356
320000,0,-15.4979,726.884,0.41831,0.431
340000,1,-28.1707,741.224,2.01129,0.486
360000,0,-15.5314,729.199,0.383399,0.407579
380000,0,-15.6284,728.385,3.77847,0.451
400000,0,-15.5919,729.063,2.27235,0.379
420000,0,-18.1358,726.51,1.8472,0.444
440000,0,-15.5553,728.504,0.167137,0.326
460000,0,-16.5514,724.604,0.332091,0.493
480000,0,-15.7214,728.223,0.53156,0.299
500000,1,-25.9718,723.294,0.66232,0.38225
520000,1,-25.4746,728.538,0.621969,0.381
540000,1,-29.0331,739.59,0.693615,0.520714
560000,0,-16.2777,724.472,1.53667,0.469
580000,1,-28.1254,742.314,3.68331,0.495
600000,2,-38.9687,741.392,1.47346,0.561
620000,1,-28.4905,740.96,1.09414,0.572
640000,0,-15.9209,725.573,1.17185,0.447
660000,2,-36.7807,742.006,2.83696,0.502
680000,0,-15.6325,728.326,0.075613,0.542
700000,0,-15.7906,725.077,0.790626,0.354
720000,0,-15.7961,724.594,0.0451454,0.33
740000,0,-15.6284,728.176,0.667001,0.341
760000,1,-26.8335,739.632,0.638476,0.4895
780000,1,-26.341,735.509,1.30726,0.464
800000,2,-39.3362,742.917,2.69229,0.549429
820000,2,-37.4783,737.148,0.841965,0.578
840000,2,-39.7012,737.195,2.67604,0.504222
860000,1,-25.6223,739.953,2.94017,0.555
880000,1,-27.8718,742.765,0.673233,0.547
900000,0,-15.4458,727.996,1.28458,0.338
920000,0,-15.4302,725.244,2.58914,0.358
940000,1,-29.7693,742.929,0.447318,0.454
960000,3,-52.0063,752.471,5.81862,0.444
980000,1,-28.9201,743.509,2.18331,0.53
1000000,4,-57.7052,737.546,2.91638,0.5316
1020000,4,-54.8051,741.323,4.70944,0.573
1040000,2,-37.9612,754.166,3.3986,0.46
1060000,2,-36.7351,735.873,4.41186,0.412
1080000,2,-39.0448,741.833,3.64982,0.571438
1100000,1,-30.162,741.606,3.14169,0.531
1120000,0,-15.512,725.23,1.00279,0.336
1140000,2,-36.7874,742.643,4.80939,0.527
1160000,0,-15.5784,727.669,0.705707,0.381
1180000,0,-15.634,727.29,2.50973,0.32
1200000,1,-26.5202,741.088,5.28333,0.487
1220000,1,-26.3611,739.328,0.48055,0.561
1240000,1,-27.7592,740.369,2.6465,0.496
1260000,0,-15.6817,726.771,1.70155,0.357
1280000,1,-27.3051,742.832,2.01343,0.570286
1300000,1,-29.0678,744.278,2.60316,0.5025
1320000,2,-37.681,742.751,5.45994,0.563
1340000,1,-29.0936,743.175,2.05157,0.5116
1360000,1,-25.2415,731.236,2.23979,0.407
1380000,1,-28.7674,743.019,2.00595,0.485
1400000,2,-37.7979,737.687,3.82792,0.507
1420000,1,-27.3674,743.031,2.79025,0.522
1440000,1,-26.1617,731.028,0.258714,0.45475
1460000,1,-29.549,740.967,2.45882,0.42
1480000,1,-28.2286,741.103,3.209,0.475
1500000,1,-28.504,739.284,2.6474,0.444
1520000,0,-15.5433,726.576,0.792797,0.369
1540000,2,-38.7098,747.633,1.30225,0.5248
1560000,0,-15.5749,728.868,0.819678,0.398
1580000,0,-15.5687,727.065,1.03228,0.366
1600000,3,-49.5173,755.382,2.97205,0.490381
1620000,1,-25.263,731.244,0.957344,0.483
1640000,3,-51.3465,743.655,2.78708,0.517
1660000,1,-25.3061,740.356,5.92548,0.50075
1680000,1,-25.8213,723.752,3.08428,0.427714
1700000,2,-38.9,743.129,3.19044,0.513429
1720000,0,-15.5583,728.631,1.16023,0.374
1740000,0,-15.6734,728.773,1.7687,0.301
1760000,1,-25.5499,738.225,1.12112,0.54
1780000,1,-26.3873,726.494,0.614793,0.315
1800000,1,-28.7822,726.679,3.21421,0.436125
1820000,0,-15.614,729.152,3.44394,0.308
1840000,3,-55.7413,755.697,10.488,0.433
1860000,0,-15.6223,728.449,0.39711,0.374
1880000,4,-58.1385,749.839,2.62848,0.528667
1900000,3,-50.5012,753.004,0.895113,0.495
1920000,0,-15.803,724.877,1.58588,0.321
1940000,1,-25.1001,726.268,2.38436,0.346
1960000,1,-26.3766,739.365,0.23885,0.502
1980000,0,-15.6812,728.394,1.06562,0.345
2000000,0,-15.4511,725.678,1.12177,0.499
2020000,1,-26.7434,742.384,1.0742,0.516667
2040000,0,-15.6087,728.369,0.276096,0.501
2060000,0,-15.5562,729.013,0.972683,0.312
2080000,2,-37.564,746.001,1.37374,0.518154
2100000,2,-39.4206,725.577,1.01429,0.438375
2120000,2,-37.1027,738.25,2.40348,0.531
2140000,1,-28.8494,742.494,2.33393,0.485
2160000,0,-15.5766,727.737,0.305918,0.361
2180000,1,-26.1281,738.16,3.18885,0.486
2200000,4,-57.911,753.564,2.97682,0.520214
2220000,2,-36.9847,738.315,6.03792,0.535714
2240000,2,-38.6373,737.396,6.19733,0.475
2260000,2,-42.0808,744.596,7.48955,0.490091
2280000,1,-27.5211,741.575,4.12455,0.4855
2300000,1,-26.0811,740.3,3.95064,0.491
2320000,0,-15.4715,727.954,0.111311,0.419571
2340000,1,-27.9828,725.784,1.63984,0.621
2360000,4,-56.1952,752.86,4.65136,0.475
2380000,3,-48.3983,743.018,6.19233,0.487
2400000,1,-28.3065,740.395,0.505191,0.463
2420000,2,-36.6353,736.994,2.16528,0.51
2440000,0,-15.5442,728.879,0.198835,0.452
2460000,2,-34.9728,738.408,1.98514,0.506167
2480000,0,-15.5895,729.343,0.0797501,0.352667
2500000,1,-27.6051,740.419,3.44221,0.501
2520000,0,-15.7188,727.256,0.0266805,0.433182
2540000,0,-15.6499,727.401,0.298185,0.374083
2560000,0,-15.5078,727.459,1.17915,0.327
2580000,1,-27.5795,740.577,1.79479,0.49
2600000,0,-15.6241,726.934,1.66193,0.356
2620000,2,-38.7605,741.181,0.821288,0.53
2640000,3,-47.9718,723.022,5.4987,0.406
2660000,3,-50.8536,740.237,2.95077,0.47
2680000,3,-50.0905,746.675,2.57588,0.574667
2700000,1,-27.2318,729.937,4.57476,0.606
2720000,5,-67.698,760.333,4.05563,0.523833
2740000,5,-67.5888,757.232,4.94158,0.49
2760000,0,-15.5923,728.514,1.40071,0.341
2780000,2,-39.1338,724.085,3.48528,0.403
2800000,0,-15.7085,726.887,0.300151,0.332
2820000,2,-34.9457,740.105,5.65317,0.548667
2840000,1,-28.5464,724.228,0.662691,0.385333
2860000,0,-15.7702,727.71,0.0772721,0.4596
2880000,0,-15.6595,725.968,3.7057,0.363111
2900000,0,-15.718,727.41,0.912725,0.342
2920000,0,-15.5649,728.613,5.09675,0.343
2940000,2,-37.0664,735.575,3.20771,0.407417
2960000,1,-32.5502,744.473,0.880634,0.524833
2980000,0,-15.7551,727.033,0.259865,0.365778
3000000,2,-43.1466,739.736,4.35305,0.525
3020000,1,-26.8026,732.399,1.37896,0.486
3040000,2,-37.0726,739.411,3.31212,0.553077
3060000,1,-26.2467,741.008,4.29543,0.536111
3080000,4,-56.144,751.85,5.19219,0.513
3100000,1,-26.1418,735.989,3.26556,0.5138
3120000,0,-15.817,727.215,1.38974,0.347
3140000,2,-35.5991,727.594,1.08582,0.364
3160000,2,-36.0955,740.098,4.17033,0.575
3180000,1,-28.5506,741.234,0.219852,0.455
3200000,4,-58.0152,750.428,2.55244,0.53
3220000,2,-38.6411,742.716,1.92622,0.51475
3240000,0,-16.547,724.987,1.06175,0.500154
3260000,0,-21.0783,726.822,0.286795,0.49325
3280000,2,-40.2735,744.874,4.51229,0.5165
3300000,1,-27.154,726.714,0.66366,0.426556
3320000,1,-25.5717,725.542,0.698234,0.431167
3340000,1,-26.5343,739.681,1.18898,0.516125
3360000,0,-15.5574,727.98,0.760001,0.47
3380000,1,-29.849,743.101,1.0149,0.534
3400000,1,-28.627,739.609,0.79559,0.469
3420000,0,-15.4292,725.59,1.3504,0.372
3440000,0,-15.5583,727.582,0.944419,0.332
3460000,1,-26.8113,743.129,2.11736,0.451
3480000,3,-45.6135,739.582,3.38215,0.415
3500000,3,-49.6465,746.173,3.52101,0.512
3520000,0,-15.4694,727.749,2.78615,0.36
3540000,1,-25.2454,737.367,0.573646,0.559059
3560000,4,-55.9492,736.398,6.82024,0.517667
3580000,5,-66.7865,761.848,6.39408,0.499333
3600000,1,-26.7477,741.632,0.180421,0.538308
3620000,1,-29.0528,742.766,1.17421,0.521
3640000,1,-28.5706,738.684,0.931247,0.5335
3660000,3,-56.9842,751.487,3.12908,0.523333
3680000,3,-51.7261,750.931,3.09009,0.570467
3700000,0,-15.764,726.605,0.883309,0.425
3720000,1,-27.9221,740.06,1.26854,0.479
3740000,2,-36.8226,742.58,3.87725,0.584
3760000,0,-15.5286,728.281,0.0319393,0.373
3780000,1,-28.451,743.07,0.916895,0.476
3800000,1,-27.2784,743.044,1.30863,0.493
3820000,3,-47.0147,739.614,5.50585,0.528
3840000,1,-25.4222,732.221,1.5517,0.535
3860000,5,-75.474,741.104,4.94556,0.503833
3880000,1,-25.4722,739.33,2.04351,0.532
3900000,3,-45.4751,754.89,6.05265,0.523682
3920000,3,-49.1295,746.542,4.83028,0.514684
3940000,1,-27.7981,741.681,0.456783,0.552
3960000,4,-65.0531,741.224,4.41072,0.54668
3980000,1,-31.0995,742.946,2.72345,0.453
4000000,5,-67.2841,739.377,6.62751,0.564667
4020000,3,-52.396,741.124,5.36661,0.587
4040000,4,-59.8562,738.042,7.79897,0.497
4060000,1,-27.0703,739.233,1.65505,0.497
4080000,1,-31.6164,745.353,0.38852,0.471
4100000,1,-27.9462,742.398,3.23008,0.484
4120000,1,-28.3748,742.26,3.46794,0.436
4140000,1,-28.3964,741.163,1.7939,0.528125
4160000,1,-26.3461,738.156,3.62845,0.506
4180000,2,-38.4206,744.846,2.10085,0.5395
4200000,1,-28.434,739.989,3.36382,0.454
4220000,1,-29.8859,742.112,1.42922,0.499
4240000,2,-37.0006,743.727,3.05983,0.536
4260000,2,-37.5038,745.238,1.29268,0.515
4280000,2,-41.1999,737.216,1.72625,0.517545
4300000,1,-27.3954,743.311,3.41303,0.512
4320000,1,-27.4786,741.441,4.6828,0.546625
4340000,2,-34.8463,739.027,1.63811,0.537
4360000,2,-37.3887,737.757,5.49749,0.532
4380000,2,-38.1441,738.324,3.08005,0.547
4400000,4,-62.0575,741.906,3.65758,0.613
4420000,3,-49.4564,749.753,6.20686,0.429
4440000,1,-28.1488,741.173,2.51215,0.5
4460000,6,-84.776,751.022,3.29365,0.537905
4480000,2,-35.8248,736.026,2.08449,0.462
4500000,2,-36.8876,741.861,3.04538,0.46
4520000,2,-39.2403,755.009,4.98603,0.459
4540000,1,-27.2257,742.024,0.396039,0.532
4560000,2,-35.0021,735.169,8.21225,0.5965
4580000,0,-15.4502,724.634,0.172959,0.305
4600000,2,-39.866,746.389,2.16706,0.568
4620000,3,-45.9896,736.521,2.84587,0.552
4640000,2,-39.805,742.652,5.98086,0.545
4660000,2,-36.6105,737.184,2.14501,0.540667
4680000,0,-15.5978,727.09,0.243076,0.37425
4700000,3,-49.2617,735.852,2.60386,0.486
4720000,0,-15.4972,728.897,0.447236,0.407333
4740000,0,-15.5429,729.112,3.27788,0.329
4760000,0,-15.4855,728.135,1.23546,0.382
4780000,1,-27.5491,724.184,1.12688,0.364
4800000,0,-15.5775,729.307,1.027,0.318
4820000,0,-15.527,727.372,1.16263,0.4019
4840000,0,-15.4328,725.942,1.36287,0.46
4860000,0,-15.4905,728.789,0.115582,0.393
4880000,0,-15.6535,727.729,2.48668,0.333
4900000,2,-37.3462,738.341,2.95442,0.523
4920000,1,-25.8358,737.404,0.721731,0.5
4940000,2,-35.7388,727.445,2.1445,0.38
4960000,0,-15.5639,728.731,0.883922,0.358333
4980000,0,-15.4718,724.778,0.37221,0.491
5000000,0,-15.551,728.285,2.93239,0.4442
5020000,1,-25.1971,728.787,4.72422,0.384429
5040000,1,-26.2374,726.076,2.30806,0.5165
5060000,0,-15.5153,727.626,1.54354,0.334
5080000,0,-15.5101,727.844,1.45183,0.397833
5100000,0,-15.4864,727.516,0.508207,0.3245
5120000,1,-29.0732,741.337,0.354336,0.496
5140000,2,-37.4514,727.558,2.78559,0.481
5160000,0,-15.5705,726.929,0.117602,0.410167
5180000,0,-15.6423,728.379,1.1255,0.499
5200000,0,-15.7249,727.711,0.538254,0.334
5220000,0,-15.493,726.044,0.458499,0.37
5240000,0,-15.5226,728.749,0.847461,0.377333
5260000,0,-15.4419,723.703,0.0242989,0.408429
5280000,3,-51.9724,742.505,4.27257,0.536
5300000,1,-25.9401,737.473,4.00108,0.441
5320000,2,-34.4507,730.278,5.47711,0.371
5340000,0,-15.4518,725.293,0.0908144,0.433
5360000,1,-27.7539,725.821,0.901381,0.34
5380000,0,-15.5636,725.188,0.381244,0.330667
5400000,0,-15.5317,722.884,0.0126709,0.37225
5420000,0,-15.6069,726.973,0.339404,0.443333
5440000,0,-15.6017,728.311,0.0359527,0.29
5460000,2,-36.7438,732.773,2.43439,0.512
5480000,0,-15.6685,724.054,1.65995,0.341
5500000,0,-15.5406,728.947,3.94515,0.378
5520000,0,-15.5817,725.681,0.406252,0.367385
5540000,1,-26.0624,742.678,1.35974,0.525
5560000,3,-50.6073,743.655,2.96792,0.511857
5580000,2,-36.6421,737.427,1.39965,0.619
5600000,1,-25.8147,736.622,2.24111,0.477
5620000,1,-25.9693,734.694,0.76224,0.5132
5640000,1,-27.7597,736.379,0.427566,0.574
5660000,1,-25.8088,739.29,1.92984,0.464
5680000,2,-39.5498,752.196,2.82243,0.525
5700000,2,-36.2618,741.322,4.95843,0.5315
5720000,3,-48.7104,756.42,4.74353,0.579667
5740000,2,-39.2917,741.712,2.89503,0.459
5760000,4,-58.748,739.611,3.41801,0.533824
5780000,0,-15.6642,724.754,1.84499,0.308
5800000,3,-47.1216,750.185,1.73202,0.481
5820000,0,-15.4397,726.789,1.11074,0.382727
5840000,2,-37.7816,728.837,1.9697,0.387
5860000,0,-15.597,729.233,0.841938,0.363105
5880000,1,-29.2498,742.156,1.09065,0.462
5900000,1,-26.2872,741.284,1.79133,0.495
5920000,0,-15.6221,728.51,3.22519,0.5675
5940000,0,-15.5651,727.873,0.970445,0.429
5960000,0,-15.6154,727.081,0.313622,0.378
5980000,1,-25.335,729.497,3.50779,0.436385
6000000,0,-15.5052,728.251,0.126338,0.3285
6020000,2,-44.0954,745.255,4.08788,0.6
6040000,0,-15.634,728.619,0.755674,0.29
6060000,0,-15.6396,726.871,0.859566,0.434412
6080000,0,-15.6215,728.874,0.190047,0.477
6100000,0,-15.77,725.914,0.0860645,0.310333
6120000,5,-68.7626,739.426,5.50183,0.637
6140000,1,-25.3925,725.055,3.88039,0.458143
6160000,1,-25.7502,729.005,4.17974,0.513857
6180000,2,-38.5842,743.108,2.1602,0.549
6200000,0,-15.656,727.697,0.607355,0.496
6220000,1,-25.3602,729.162,1.87812,0.4033
6240000,5,-67.2213,744.778,9.94314,0.603
6260000,1,-28.6071,742.301,0.791475,0.4615
6280000,1,-27.8049,743.479,0.699431,0.515
6300000,3,-48.9633,745.704,1.84425,0.543667
6320000,0,-15.5796,728.414,0.038973,0.501364
6340000,3,-49.5336,744.862,4.59961,0.55
6360000,1,-26.8326,740.972,3.01053,0.49
6380000,1,-26.2397,743.007,2.43973,0.513
6400000,0,-15.5011,728.057,0.563624,0.331667
6420000,3,-48.0294,751.741,4.85243,0.526
6440000,4,-60.1573,748.948,5.77072,0.598
6460000,1,-25.2421,740.989,1.12755,0.4925
6480000,2,-36.4472,736.274,2.80821,0.474
6500000,7,-89.8131,740.993,8.07865,0.566727
6520000,1,-28.629,742.413,1.08149,0.566
6540000,1,-27.0944,741.906,1.30685,0.539
6560000,0,-15.8241,726.85,0.576023,0.408222
6580000,1,-31.2548,744.846,2.09072,0.521571
6600000,2,-37.5721,741.594,4.45646,0.552571
6620000,1,-26.5039,739.521,1.98506,0.5
6640000,1,-26.9711,740.376,2.0194,0.459
6660000,0,-15.4964,727.63,0.0754451,0.459
6680000,0,-15.4991,727.722,0.927696,0.369
6700000,2,-38.8251,744.416,2.3476,0.556
6720000,4,-61.3049,745.266,7.45959,0.578
6740000,1,-29.0706,725.016,3.45951,0.3871
6760000,2,-35.7418,746.023,1.50575,0.538
6780000,1,-28.9444,741.991,1.17583,0.534667
6800000,0,-15.5463,726.367,0.00289062,0.518
6820000,0,-15.5517,728.424,0.265269,0.291
6840000,2,-39.0819,742.722,2.07764,0.5265
6860000,0,-15.4415,727.357,1.99862,0.301
6880000,0,-15.7198,724.4,0.430891,0.314
6900000,0,-15.5473,729.192,0.746263,0.332
6920000,1,-26.4113,727.305,2.22098,0.333
6940000,1,-28.4814,729.055,3.85719,0.474
6960000,2,-39.3582,755.82,0.893656,0.431
6980000,1,-26.5142,742.232,1.20213,0.526
7000000,2,-41.7166,746.781,1.80583,0.512
7020000,4,-59.6375,741.192,2.55284,0.65
7040000,0,-15.9435,724.58,3.54863,0.304
7060000,1,-32.482,743.212,2.0952,0.442
7080000,1,-27.3714,742.181,2.69488,0.4948
7100000,0,-15.4221,726.747,0.950734,0.383939
7120000,1,-25.8905,730.062,0.478483,0.4965
7140000,3,-46.9372,745.819,4.34432,0.551
7160000,0,-15.696,728.393,0.840935,0.417857
7180000,1,-28.3421,741.741,1.7229,0.489333
7200000,0,-15.6286,728.705,0.265896,0.323
7220000,1,-28.8697,737.305,1.76034,0.521667
7240000,0,-15.6022,729.217,0.278714,0.386
7260000,1,-30.4773,736.518,3.29574,0.382
7280000,1,-28.5366,733.936,1.36384,0.426
7300000,7,-91.7576,743.293,5.19524,0.544704
7320000,1,-27.5276,742.4,1.96258,0.487
7340000,0,-15.4817,727.376,0.211434,0.336
7360000,1,-26.9683,735.651,2.08876,0.439
7380000,2,-37.784,738.513,4.18613,0.488333
7400000,1,-27.2015,740.276,1.94391,0.501
7420000,1,-32.8447,740.773,0.430871,0.428
7440000,1,-29.0149,743.698,1.27113,0.511
7460000,2,-43.1381,754.465,5.35599,0.502059
7480000,1,-27.5287,742.256,2.90863,0.544061
7500000,1,-27.5423,741.708,3.44382,0.5398
7520000,1,-26.0929,737.344,0.546267,0.511
7540000,1,-26.4495,736.923,0.338689,0.461
7560000,4,-63.3019,751.207,8.31737,0.519
7580000,4,-58.4503,751.58,5.90759,0.494
7600000,1,-27.5779,741.219,0.450519,0.569
7620000,4,-61.9755,753.826,4.61165,0.508
7640000,2,-37.7179,739.939,2.12904,0.487
7660000,1,-25.9666,741.981,3.27704,0.523
7680000,2,-37.6956,735.123,4.96353,0.532
7700000,4,-60.7358,755.194,8.2701,0.493333
7720000,1,-29.6874,741.65,1.33032,0.424
7740000,1,-25.6379,739.312,0.484786,0.558
7760000,4,-63.7074,734.413,2.72585,0.609
7780000,1,-25.9259,735.697,0.179861,0.509125
7800000,1,-26.235,741.926,4.04073,0.516333
7820000,2,-36.4878,745.84,2.74745,0.561
7840000,3,-48.0095,750.438,3.61118,0.492222
7860000,5,-72.7409,749.062,7.15917,0.5502
7880000,1,-28.9978,739.001,0.471552,0.492
7900000,5,-72.5941,750.612,2.66127,0.553
7920000,2,-36.4732,738.179,1.53571,0.559
7940000,1,-29.4094,740.153,0.849584,0.479
7960000,1,-25.9685,739.888,2.46499,0.463
7980000,1,-28.5346,744.224,0.471484,0.496
8000000,1,-31.2003,743.633,0.760729,0.494714
8020000,1,-28.0565,739.564,2.16253,0.549
8040000,2,-37.7563,737.976,3.8049,0.563
8060000,1,-26.9143,741.682,1.59524,0.498
8080000,1,-28.8694,739.595,0.368156,0.477231
8100000,0,-15.5414,728.894,0.581897,0.354
8120000,2,-44.256,742.69,1.55375,0.539462
8140000,2,-36.8559,743.848,1.85907,0.525
8160000,1,-27.3705,742.43,2.064,0.529333
8180000,1,-26.7691,741.841,2.09682,0.494
8200000,2,-37.2622,736.774,1.24979,0.520833
8220000,1,-26.8291,738.441,0.277079,0.505
8240000,2,-39.0134,735.66,1.26818,0.490571
8260000,1,-26.8239,741.662,3.44998,0.503333
8280000,2,-39.4928,741.612,1.8843,0.49
8300000,1,-27.4363,733.483,2.62458,0.542
8320000,1,-32.2212,743.24,0.465141,0.525056
8340000,1,-25.8753,736.897,2.62938,0.5735
8360000,1,-28.7363,740.476,0.620506,0.53175
8380000,3,-55.2675,742.836,3.16091,0.5295
8400000,5,-70.9276,745.839,7.72864,0.526364
8420000,1,-25.5295,733.846,0.62721,0.486
8440000,4,-60.6966,743.895,5.14268,0.4868
8460000,1,-28.7221,742.255,0.783058,0.517
8480000,2,-40.7571,739.51,4.01336,0.461
8500000,1,-26.5443,733.204,1.49726,0.408
8520000,1,-25.789,734.475,1.92221,0.506
8540000,1,-28.9304,744.652,0.565821,0.525
8560000,0,-15.6941,727.617,0.403124,0.529
8580000,6,-83.0981,746.039,4.36304,0.559111
8600000,1,-27.2214,723.895,0.400495,0.411
8620000,2,-38.1579,745.932,0.559694,0.502714
8640000,1,-27.3425,742.523,0.996442,0.471
8660000,3,-46.8816,740.579,3.29869,0.56
8680000,1,-26.3476,731.521,0.802869,0.572
8700000,2,-37.6012,736.955,8.39933,0.529
8720000,0,-15.5332,728.195,0.459168,0.309
8740000,0,-15.5837,726.235,2.37477,0.397333
8760000,1,-25.7633,735.434,2.05524,0.479917
8780000,1,-28.5154,744.202,1.83358,0.521
8800000,2,-36.3815,752.602,7.03594,0.4946
8820000,0,-15.6388,726.784,0.19173,0.342
8840000,1,-28.3026,741.68,3.83655,0.499
8860000,3,-51.2197,752.166,3.35647,0.489462
8880000,3,-47.5272,742.076,3.97363,0.457
8900000,5,-65.5593,748.827,5.82068,0.56
8920000,4,-54.8545,744.509,3.52936,0.549
8940000,2,-37.2165,753.032,1.43635,0.532333
8960000,1,-25.1014,731.802,3.14126,0.569
8980000,1,-27.8948,741.536,1.85601,0.4486
9000000,0,-15.6626,727.99,1.15973,0.399
9020000,0,-15.608,729.088,1.41145,0.401
9040000,1,-26.8086,727.581,1.35212,0.338
9060000,1,-25.5582,738.656,0.280229,0.5475
9080000,2,-36.4728,739.201,2.40499,0.559167
9100000,2,-37.8057,744.604,1.82563,0.595
9120000,2,-36.6732,740.826,1.63696,0.5628
9140000,5,-76.2783,743.831,4.56359,0.529421
9160000,2,-37.4105,739.212,2.23883,0.513
9180000,0,-15.521,726.794,1.66526,0.323
9200000,0,-15.512,726.739,0.323208,0.41
9220000,0,-15.6614,728.62,0.100378,0.3725
9240000,1,-29.6138,739.828,1.24376,0.4784
9260000,1,-27.4342,739.869,0.99572,0.54
9280000,2,-37.994,736.723,1.67761,0.56
9300000,1,-24.8945,727.004,0.798726,0.32
9320000,1,-27.0072,737.632,0.618623,0.46
9340000,1,-25.7826,728.776,0.450754,0.355
9360000,1,-26.9992,739.84,0.83326,0.528
9380000,2,-41.9894,743.695,6.84619,0.514
9400000,1,-27.2502,741.054,3.36528,0.513
9420000,1,-30.3786,743.026,2.37952,0.467
9440000,3,-48.6007,754.035,5.39968,0.484
9460000,3,-47.6848,750.874,2.50833,0.43
9480000,3,-46.0266,740.3,4.61917,0.496
9500000,2,-38.0857,746.467,0.529345,0.511
9520000,2,-37.9783,738.346,1.08905,0.52
9540000,1,-29.7489,739.799,1.18122,0.4788
9560000,2,-36.6974,743.07,2.79367,0.503
9580000,1,-25.8177,739.25,2.02642,0.491
9600000,2,-39.775,742.81,3.95437,0.53
9620000,1,-26.2473,738.142,1.76873,0.443
9640000,2,-40.3296,746.26,1.64942,0.532929
9660000,0,-15.4713,726.14,1.175,0.408444
9680000,1,-25.8543,740.274,0.847632,0.47
9700000,0,-15.5933,728.425,1.6501,0.333
9720000,1,-27.3926,726.291,0.693016,0.365
9740000,2,-35.3456,739.647,1.59656,0.48975
9760000,0,-15.5148,727.278,0.300478,0.341
9780000,0,-15.5865,728.868,0.823327,0.315
9800000,1,-26.4252,735.47,3.0819,0.467077
9820000,1,-25.9555,727.402,0.215894,0.401
9840000,0,-15.7481,727.286,0.973398,0.318
9860000,3,-45.2396,744.118,6.44583,0.54725
9880000,0,-15.7437,726.762,0.217976,0.307
9900000,1,-27.4904,732.043,2.43178,0.371
9920000,0,-15.5838,728.41,0.154788,0.341667
9940000,1,-28.2348,727.687,1.4609,0.402
9960000,2,-36.9863,733.303,4.56256,0.464
9980000,0,-15.5248,728.547,0.587015,0.331
10000000,1,-26.7388,732.66,2.91792,0.455
10020000,1,-34.6349,743.393,2.41063,0.5592
10040000,0,-15.5648,728.031,2.27912,0.3435
10060000,1,-25.8487,729.046,1.66237,0.525
10080000,3,-48.2176,735.962,7.35465,0.496333
10100000,0,-15.5638,728.947,0.986169,0.363571
10120000,2,-41.121,739.507,4.21427,0.5209
10140000,0,-15.7682,726.74,0.00489183,0.337
10160000,2,-39.33,755.508,2.98993,0.519
10180000,0,-15.6483,727.275,1.79385,0.455929
10200000,0,-15.4558,726.322,0.66112,0.38
10220000,1,-25.6911,740.556,1.84216,0.505
10240000,1,-28.5133,727.748,2.12529,0.36
10260000,0,-15.6053,728.823,0.801823,0.389
10280000,4,-63.1968,753.962,3.4444,0.4698
10300000,2,-40.3626,741.723,1.01619,0.56
10320000,1,-26.6911,741.998,1.86352,0.505563
10340000,1,-26.5023,735.471,2.42828,0.536
10360000,1,-28.2639,742.311,0.241887,0.519
10380000,3,-50.3223,737.251,3.6245,0.636
10400000,1,-30.7247,743.859,0.670411,0.494
10420000,1,-26.1175,740.486,1.49484,0.550333
10440000,1,-26.724,741.044,2.93356,0.568
10460000,3,-46.6143,738.14,2.95948,0.5225
10480000,2,-42.1046,745.623,3.79033,0.504263
10500000,2,-39.4415,741.629,1.29569,0.474667
10520000,1,-29.0036,740.014,1.88189,0.501818
10540000,2,-36.5576,735.483,3.95391,0.504429
10560000,1,-27.5317,742.999,1.32668,0.558
10580000,1,-29.3745,744.515,2.06197,0.48
10600000,2,-38.2513,748.204,1.36656,0.525
10620000,3,-45.6444,736.828,3.78461,0.531
10640000,1,-25.1924,737.635,2.01077,0.5115
10660000,1,-27.7918,743.043,2.92135,0.469
10680000,0,-15.6155,728.884,0.770376,0.369
10700000,1,-27.9615,741,1.52051,0.5178
10720000,1,-30.9592,743.186,1.3683,0.442
10740000,1,-25.3169,737.638,0.716309,0.503
10760000,2,-37.0731,745.326,4.24517,0.506
10780000,2,-37.3676,754.55,2.99224,0.467
10800000,2,-36.6062,754.362,4.75546,0.444
10820000,0,-15.5539,727.917,0.793313,0.324
10840000,0,-15.4827,728.035,0.827687,0.356
10860000,1,-26.1705,736.826,2.10636,0.489
10880000,3,-45.3087,733.392,3.9945,0.53925
10900000,2,-37.1333,752.287,3.1585,0.4505
10920000,4,-61.1323,756.896,6.28312,0.513
10940000,3,-48.1219,736.614,8.41584,0.53025
10960000,2,-36.9348,753.85,1.30601,0.435
10980000,1,-27.7164,744.017,1.96025,0.5238
11000000,1,-27.3599,741.238,0.132328,0.51
11020000,1,-27.8789,741.804,2.15998,0.4735
11040000,3,-49.1221,751.174,4.32226,0.512083
11060000,2,-38.4414,739.44,3.1139,0.487
11080000,1,-26.3381,741.461,2.35947,0.499
11100000,1,-25.733,736.539,1.36212,0.488
11120000,3,-48.2776,747.845,4.07639,0.5154
11140000,4,-59.139,758.877,8.67771,0.551
11160000,2,-37.3948,740.994,5.22251,0.535375
11180000,1,-27.1589,738.371,0.857507,0.491
11200000,1,-30.2301,741.745,1.0683,0.4944
11220000,2,-36.0821,739.805,1.77766,0.517
11240000,4,-58.412,739.623,4.87383,0.583
11260000,1,-27.9503,742.359,0.452476,0.526667
11280000,2,-36.5122,747.485,8.63207,0.503
11300000,2,-35.7997,749.655,2.44877,0.463
11320000,2,-38.1821,741.487,5.1695,0.527615
11340000,3,-48.3812,744.119,1.95254,0.571
11360000,0,-15.5527,728.124,0.300076,0.414786
11380000,1,-26.4358,738.965,1.81404,0.512
11400000,1,-28.7874,741.445,2.50302,0.529375
11420000,3,-51.0702,755.551,4.43274,0.517571
11440000,2,-41.8812,740.356,1.09376,0.468
11460000,0,-15.5581,728.983,0.512969,0.403
11480000,0,-15.5943,728.705,3.22332,0.329
11500000,3,-48.0934,735.154,4.4261,0.542
11520000,3,-48.0794,744.869,4.55722,0.552
11540000,2,-41.4236,743.464,5.96434,0.5402
11560000,3,-48.764,747.643,3.72096,0.521
11580000,1,-27.1359,738.328,2.05286,0.551111
11600000,5,-74.5929,755.526,3.75408,0.4985
11620000,0,-15.5198,726.362,0.745107,0.344
11640000,2,-37.1896,738.043,1.29542,0.5375
11660000,3,-50.3998,749.498,2.56987,0.565667
11680000,0,-15.5796,729.005,0.0280364,0.424
11700000,1,-28.021,739.142,1.48555,0.464
11720000,0,-15.7471,727.124,3.52736,0.368
11740000,1,-26.4265,740.166,2.8511,0.542
11760000,0,-15.6363,727.73,0.795226,0.361
11780000,1,-28.4678,738.886,2.10321,0.4345
11800000,1,-27.5089,736.794,2.5576,0.4936
11820000,1,-26.2877,737.917,1.70937,0.504
11840000,1,-27.5934,739.619,5.55006,0.519259
11860000,1,-26.5636,741.716,6.4457,0.533
11880000,2,-37.5831,740.61,4.89317,0.500167
11900000,2,-40.1262,746.94,3.97548,0.58
11920000,1,-25.9199,736.637,0.715367,0.533
11940000,2,-36.8066,740.339,2.85426,0.498846
11960000,2,-37.5636,739.771,1.75075,0.53175
11980000,1,-25.8649,741.72,0.919314,0.476
12000000,3,-54.4808,747.516,5.59748,0.5714
12020000,1,-26.7156,740.993,3.17506,0.5045
12040000,1,-26.6966,741.474,0.306598,0.492
12060000,1,-25.9969,739.887,2.90274,0.5131
12080000,1,-25.5457,741.677,1.43161,0.498
12100000,1,-28.7343,741.95,2.08738,0.488
12120000,2,-42.3436,734.651,2.57152,0.536091
12140000,1,-29.5041,741.098,2.90652,0.53
12160000,1,-26.0454,742.41,1.26971,0.534
12180000,3,-51.6333,743.007,4.63969,0.494
12200000,0,-15.6424,728.539,0.603128,0.439778
12220000,3,-46.7525,738.261,6.21548,0.57375
12240000,0,-15.6505,723.292,0.254923,0.362667
12260000,1,-27.8326,732.144,3.17755,0.621
12280000,0,-15.5621,729.229,0.274757,0.454
12300000,1,-27.3338,737.971,1.16167,0.446
12320000,0,-15.5594,728.438,0.0684109,0.39025
12340000,0,-15.5911,728.547,0.205806,0.395091
12360000,1,-25.7052,739.974,1.47136,0.533
12380000,0,-15.5799,727.525,0.508631,0.381
12400000,0,-15.4809,725.659,0.166789,0.398
12420000,2,-41.6748,740.731,1.6408,0.593
12440000,1,-28.4154,738.407,1.54879,0.488
12460000,2,-36.495,741.631,5.67401,0.521
12480000,3,-48.5831,739.006,4.12435,0.481
12500000,0,-15.5638,728.555,0.172669,0.3585
12520000,1,-27.822,740.771,2.92097,0.531333
12540000,2,-38.8331,744.441,3.84763,0.5045
12560000,1,-26.985,728.388,0.754429,0.417
12580000,2,-38.4347,754.605,1.39068,0.496
12600000,0,-15.4923,728.32,0.900588,0.424
12620000,0,-15.5767,727.039,0.419788,0.396
12640000,1,-25.9746,733.054,1.5056,0.44
12660000,1,-26.2457,737.594,2.33182,0.535
12680000,1,-26.1698,738.064,1.20837,0.517
12700000,1,-26.2024,739.808,2.17497,0.551
12720000,0,-15.5117,728.348,0.619841,0.34
12740000,1,-26.3889,740.755,2.00905,0.482
12760000,1,-27.8348,743.87,2.59773,0.54
12780000,1,-28.094,726.355,2.41202,0.384455
12800000,4,-60.2651,740.842,4.3419,0.537692
12820000,1,-26.1328,739.308,1.84843,0.507
12840000,2,-40.1935,747.507,4.23292,0.536571
12860000,2,-37.4548,740.501,3.62681,0.542556
12880000,1,-27.1716,742.026,0.660277,0.548667
12900000,2,-36.6039,737.015,5.26377,0.493
12920000,3,-46.344,753.242,1.84178,0.502
12940000,3,-51.3802,744.136,5.72996,0.493
12960000,2,-40.4477,742.096,6.25533,0.4835
12980000,2,-39.0498,737.86,4.55403,0.564
13000000,1,-27.3905,743.731,3.05634,0.531
13020000,4,-61.0803,743.417,1.40026,0.505
13040000,3,-50.649,739.835,2.65365,0.589
13060000,1,-27.3153,742.133,2.52618,0.510667
13080000,2,-39.0453,741.419,2.50204,0.438
13100000,2,-37.1392,738.901,0.221644,0.5625
13120000,0,-15.5788,722.887,1.95054,0.4825
13140000,2,-37.7706,741.295,3.56393,0.5445
13160000,1,-25.8343,738.03,0.429986,0.517
13180000,1,-30.6596,739.898,2.07584,0.57025
13200000,1,-28.3921,742.841,0.817906,0.512143
13220000,3,-48.8903,745.611,3.36033,0.601
13240000,3,-49.3952,751.414,4.80925,0.513
13260000,3,-48.3174,761.41,3.43469,0.512312
13280000,4,-62.9656,734.006,8.70969,0.551833
13300000,3,-47.2808,749.69,2.1875,0.47
13320000,1,-26.7268,739.174,1.90125,0.497
13340000,2,-38.4451,755.346,4.15944,0.483
13360000,3,-45.8746,745.007,3.88593,0.514
13380000,1,-25.94,737.252,0.417683,0.505571
13400000,1,-28.2859,744.5,1.36609,0.517
13420000,1,-29.958,740.252,5.02625,0.481
13440000,3,-54.7906,739.618,1.73585,0.461
13460000,3,-50.3674,738.965,3.74933,0.563
13480000,1,-25.968,737.479,0.745831,0.5636
13500000,2,-36.5049,742.399,2.97977,0.521
13520000,1,-26.1978,738.678,1.16312,0.545
13540000,0,-15.4832,728.252,1.40939,0.362
13560000,1,-27.7204,740.926,2.93321,0.52
13580000,2,-37.3793,743.881,3.51555,0.571
13600000,1,-28.3218,744.16,3.15331,0.539
13620000,0,-15.5437,729.189,1.78881,0.448
13640000,1,-27.9004,741.707,1.60389,0.503
13660000,2,-36.4969,747.877,1.30857,0.522304
13680000,4,-56.7917,752.228,5.62894,0.491
13700000,0,-15.6286,727.122,2.80544,0.354
13720000,4,-56.0373,750.702,2.47527,0.57
13740000,3,-48.7169,741.904,3.86378,0.54284
13760000,1,-25.6369,725.389,1.24529,0.39413
13780000,1,-26.5723,737.966,6.97469,0.48425
13800000,3,-47.7134,734.503,1.67457,0.4305
13820000,4,-55.4015,739.074,5.44601,0.574
13840000,0,-15.744,725.778,0.188294,0.515
13860000,0,-15.5012,728.268,0.00817771,0.371
13880000,4,-59.147,732.157,5.26668,0.530714
13900000,0,-15.4463,726.492,0.922152,0.325
13920000,0,-18.2805,727.628,1.11079,0.444667
13940000,1,-27.2405,727.667,1.8074,0.342167
13960000,0,-16.8342,726.286,1.66028,0.492286
13980000,0,-15.6261,728.897,1.02889,0.4374
14000000,0,-15.7298,725.433,0.106618,0.323
14020000,0,-15.4443,723.525,0.336299,0.417556
14040000,2,-35.536,739.968,2.63673,0.578
14060000,1,-26.8346,738.566,0.584905,0.503
14080000,0,-15.553,728.562,0.100793,0.376
14100000,0,-15.5977,728.532,0.834998,0.425
14120000,0,-15.5533,728.511,0.376173,0.415
14140000,1,-27.172,727.533,0.522803,0.326
14160000,3,-49.5894,742.983,3.21398,0.5
14180000,2,-38.667,743.793,2.03258,0.434667
14200000,0,-15.4812,723.631,0.188135,0.403
14220000,2,-36.496,734.536,3.79413,0.588
14240000,0,-15.5561,728.716,0.909684,0.430714
14260000,0,-16.0256,723.696,1.57525,0.321833
14280000,0,-15.6964,727.615,0.783762,0.363
14300000,1,-27.956,739.737,1.44888,0.519333
14320000,0,-15.6254,724.714,0.217466,0.404
14340000,2,-37.6974,739.592,4.99613,0.544
14360000,0,-15.528,729.004,1.82046,0.394
14380000,0,-15.6219,728.098,1.24272,0.3465
14400000,0,-15.6102,728.612,0.249326,0.41
14420000,2,-37.3034,740.153,2.83495,0.575
14440000,3,-49.2561,757.576,7.10716,0.585
14460000,2,-38.9203,754.25,2.39176,0.49775
14480000,1,-31.2257,743.304,3.95256,0.533
14500000,3,-51.5298,742.818,2.02999,0.566
14520000,2,-42.9724,741.907,2.5804,0.523
14540000,3,-48.9122,737.451,1.91524,0.502
14560000,0,-15.5705,729.299,0.400535,0.375
14580000,5,-73.2595,754.406,8.96138,0.566
14600000,4,-57.6886,743.909,7.64929,0.51
14620000,0,-15.7403,727.465,3.40182,0.335
14640000,2,-39.031,747.505,1.01169,0.559
14660000,3,-49.5921,746.699,3.28811,0.544
14680000,2,-44.621,752.143,1.23552,0.502
14700000,3,-47.118,732.984,7.69668,0.561
14720000,4,-54.7628,749.403,5.37398,0.531
14740000,2,-40.7083,737.075,1.9053,0.426
14760000,1,-26.0849,739.095,0.545351,0.498529
14780000,1,-27.4073,739.267,1.83844,0.538
14800000,2,-41.2299,739.148,1.64583,0.516235
14820000,0,-15.7096,727.897,0.969939,0.326667
14840000,1,-27.5966,742.06,1.50484,0.519
14860000,1,-27.2842,742.438,1.16077,0.498
14880000,2,-38.669,744.22,1.04156,0.558
14900000,2,-39.8395,739.79,2.60829,0.526
14920000,2,-38.591,741.595,5.79561,0.539667
14940000,1,-28.4385,743.505,0.108993,0.544
14960000,1,-26.1621,737.825,0.836538,0.51025
14980000,1,-27.9563,740.475,1.13365,0.520333
15000000,5,-66.8067,742.214,6.45805,0.560833
15020000,4,-60.5141,751.255,2.03318,0.48
15040000,2,-45.2399,738.999,3.58507,0.53675
15060000,3,-47.376,743.524,4.77823,0.531273
15080000,1,-25.9064,740.999,0.818355,0.501
15100000,2,-40.4492,743.564,0.564244,0.547
15120000,5,-70.3164,751.874,3.25835,0.5174
15140000,1,-29.3313,740.953,1.22171,0.505
15160000,4,-56.8227,739.309,4.9712,0.598
15180000,2,-36.6227,748.031,3.34385,0.540333
15200000,3,-50.387,740.201,4.95259,0.569
15220000,1,-29.6681,740.591,6.12737,0.533667
15240000,3,-53.3916,741.234,4.07952,0.566
15260000,0,-15.5695,728.847,0.0395373,0.437
15280000,0,-15.6177,727.088,0.563999,0.344
15300000,2,-38.985,745.324,8.80645,0.599
15320000,0,-15.5661,727.799,1.56797,0.374316
15340000,2,-38.7943,733.319,1.17648,0.394
15360000,2,-40.2037,742.692,6.03304,0.476333
15380000,2,-41.3483,740.388,4.17461,0.473
15400000,3,-51.0158,734.47,1.85741,0.547813
15420000,1,-24.9219,736.811,0.599398,0.542875
15440000,3,-49.3241,737.004,4.05978,0.603
15460000,1,-26.7965,740.863,1.33146,0.465
15480000,1,-26.3685,739.759,1.33814,0.503
15500000,2,-38.3784,730.73,0.954576,0.557
15520000,3,-49.2707,743.967,1.17091,0.578
15540000,0,-15.4804,726.631,2.10361,0.368833
15560000,0,-15.4256,724.362,1.0415,0.387
15580000,1,-27.213,738.19,4.95279,0.502
15600000,0,-15.5435,729.186,1.2815,0.329
15620000,0,-15.5988,727.181,0.228145,0.3665
15640000,1,-26.8433,738.838,2.15169,0.52
15660000,0,-15.5349,729.152,0.367727,0.424
15680000,1,-27.5856,734.51,2.73585,0.471
15700000,1,-28.8825,742.276,2.2182,0.471
15720000,4,-57.2228,743.454,5.78833,0.477
15740000,1,-25.9953,734.571,1.20779,0.527
15760000,3,-47.3374,734.698,0.379019,0.587
15780000,1,-26.1812,734.905,4.07316,0.5435
15800000,1,-26.722,738.335,1.19918,0.547
15820000,1,-26.7416,742.023,0.78835,0.533
15840000,2,-43.5742,733.972,2.80385,0.437
15860000,2,-36.2653,750.829,1.46646,0.48
15880000,3,-48.6149,741.974,9.15634,0.503833
15900000,1,-28.32,743.341,1.42538,0.491
15920000,2,-37.1071,750.884,2.55779,0.442
15940000,1,-28.6811,742.879,0.239838,0.537
15960000,3,-47.7642,745.342,6.01167,0.526846
15980000,1,-25.7529,741.797,0.141199,0.555667
16000000,2,-35.2992,740.404,2.81016,0.548
16020000,2,-39.2792,750.603,5.46922,0.432167
16040000,2,-38.9856,742.917,3.58199,0.5285
16060000,1,-25.343,740.698,1.19302,0.545
16080000,1,-25.522,729.694,2.7746,0.53
16100000,0,-15.5916,728.712,0.825901,0.331
16120000,1,-31.6803,738.744,0.455517,0.541
16140000,1,-34.6976,740.899,1.31673,0.588
16160000,2,-36.0991,728.594,1.83152,0.577
16180000,1,-25.8951,734.579,0.900295,0.588
16200000,0,-15.4458,727.642,2.76875,0.41564
16220000,3,-45.7975,746.867,5.184,0.532
16240000,1,-28.4575,739.422,0.123181,0.589
16260000,0,-15.6748,727.045,0.992935,0.410333
16280000,0,-15.6402,727.835,1.27955,0.439333
16300000,1,-26.5217,740.624,0.89144,0.504833
16320000,2,-37.7459,751.263,1.08392,0.451
16340000,3,-51.1379,755.814,6.26412,0.508
16360000,0,-15.5536,727.765,2.62581,0.475
16380000,1,-26.0851,732.988,0.846756,0.401727
16400000,2,-38.6307,748.705,3.04324,0.538143
16420000,2,-38.5027,752.076,4.06281,0.465
16440000,2,-35.9086,750.721,3.48109,0.515
16460000,3,-49.351,753.174,7.57016,0.473143
16480000,0,-15.5678,726.933,0.714015,0.440667
16500000,3,-50.8597,755.812,2.02912,0.454
16520000,1,-25.5967,726.13,1.09968,0.397667
16540000,0,-15.4303,725.178,2.09101,0.363
16560000,1,-28.9986,741.821,1.45009,0.471
16580000,1,-28.1508,738.15,0.261731,0.5114
16600000,1,-28.6405,742.5,3.88548,0.464
16620000,0,-15.4853,727.754,0.369516,0.307
16640000,2,-38.982,742.688,0.670571,0.4975
16660000,1,-29.6015,741.391,3.1683,0.499
16680000,1,-29.6804,741.96,0.919339,0.496286
16700000,1,-26.8712,741.892,3.70012,0.529
16720000,4,-65.6699,761.271,3.91335,0.514
16740000,1,-26.5599,739.026,1.40078,0.490182
16760000,5,-76.8658,748.658,6.49957,0.583
16780000,2,-38.0432,740.384,1.45272,0.515
16800000,3,-46.1313,742.576,6.14928,0.552
16820000,2,-39.9125,747.442,2.68793,0.526714
16840000,3,-51.4538,754.452,6.0315,0.494462
16860000,1,-27.7456,739.405,1.28327,0.480833
16880000,1,-26.8208,742.545,3.56705,0.534
16900000,3,-46.4542,752.01,2.66605,0.5336
16920000,3,-46.844,749.419,3.14977,0.507
16940000,1,-26.1027,739.761,5.21663,0.546
16960000,4,-56.8736,752.153,7.64599,0.511
16980000,1,-28.0944,745.285,0.927177,0.5065
17000000,1,-26.9814,740.279,2.35598,0.544571
17020000,1,-26.9875,741.217,3.79639,0.613
17040000,1,-27.5313,736.166,0.242006,0.5064
17060000,2,-37.2898,744.859,2.45091,0.556
17080000,3,-44.9313,751.64,2.0238,0.537222
17100000,3,-46.1087,739.012,2.93853,0.510882
17120000,1,-25.6207,738.741,3.13917,0.4795
17140000,1,-28.7415,742.521,2.44804,0.524
17160000,1,-25.901,736.932,1.21198,0.483
17180000,1,-32.8829,740.194,4.84293,0.463
17200000,1,-26.2138,738.508,2.34619,0.559
17220000,1,-26.5876,740.222,0.937597,0.5574
17240000,2,-38.2319,739.617,1.57745,0.504
17260000,1,-25.1525,736.895,4.0805,0.4856
17280000,1,-25.4718,738.662,0.099422,0.533091
17300000,2,-36.2508,736.224,2.13199,0.5063
17320000,2,-41.6333,746.547,1.74131,0.55
17340000,3,-46.6661,747.513,2.14373,0.605
17360000,2,-35.9112,739.107,3.40226,0.5615
17380000,2,-40.4093,745.693,1.76969,0.47275
17400000,1,-28.2842,744.428,0.829163,0.573
17420000,1,-25.9386,741.593,4.24782,0.502
17440000,1,-27.582,741.341,2.07234,0.466
17460000,4,-57.9301,744.893,3.11749,0.496
17480000,1,-31.6082,742.098,1.11093,0.439
17500000,3,-45.6663,750.345,6.62269,0.526
17520000,1,-25.3707,738.567,1.7451,0.517
17540000,3,-48.5263,743.461,2.09545,0.502556
17560000,1,-27.6499,739.838,0.0660983,0.43
17580000,2,-35.5417,746.209,7.45101,0.549625
17600000,1,-29.0773,740.945,1.39104,0.4
17620000,1,-27.1725,740.178,1.3033,0.49
17640000,2,-37.0648,747.775,3.5083,0.48472
17660000,1,-25.4032,735.158,0.830012,0.525615
17680000,2,-38.0603,740.382,1.30518,0.508
17700000,1,-27.5744,741.325,0.147318,0.487
17720000,2,-35.4023,742.871,4.23763,0.6
17740000,3,-46.5831,754.029,3.08002,0.55
17760000,0,-15.6861,728.594,0.654466,0.372444
17780000,1,-27.8512,740.777,2.19706,0.479
17800000,1,-26.5945,730.654,2.1635,0.4236
17820000,1,-25.2676,727.729,2.05852,0.422
17840000,3,-51.445,740.355,2.76671,0.513357
17860000,1,-30.6108,740.904,5.24764,0.429
17880000,2,-36.504,747.335,0.921182,0.49
17900000,2,-36.3757,741.009,4.11124,0.5
17920000,0,-15.5317,729.265,0.177533,0.42725
17940000,2,-42.0897,746.983,3.65015,0.481
17960000,1,-27.4898,738.947,1.19367,0.445
17980000,1,-25.4479,733.966,0.168647,0.558
18000000,1,-26.6684,740.024,2.16134,0.505
18020000,2,-38.0289,737.761,2.83127,0.47975
18040000,1,-24.843,727.884,3.13135,0.539
18060000,4,-60.7026,745.956,5.70525,0.475
18080000,1,-25.4726,728.452,1.24528,0.347143
18100000,1,-27.918,739.642,0.544436,0.563
18120000,6,-85.0878,754.159,5.22876,0.524
18140000,1,-28.5683,736.666,1.3503,0.418
18160000,2,-38.2573,743.173,3.25686,0.5488
18180000,4,-57.5298,740.847,6.72697,0.524333
18200000,1,-30.4985,744.794,0.613631,0.497
18220000,3,-46.2999,740.657,3.18561,0.485
18240000,4,-58.8645,744.709,6.22451,0.569
18260000,2,-39.3535,737.82,4.09547,0.476
18280000,1,-26.7318,743.092,0.576494,0.479
18300000,6,-81.4996,742.577,5.26823,0.594
18320000,2,-35.5299,732.838,2.57671,0.508
18340000,3,-52.4271,738.762,1.29517,0.5465
18360000,2,-35.8661,749.304,2.42996,0.492
18380000,3,-46.7073,741.781,3.13256,0.515375
18400000,1,-26.9796,741.2,0.990919,0.535
18420000,2,-36.5465,740.559,4.46487,0.525
18440000,2,-39.7415,737.953,4.13732,0.5232
18460000,3,-45.4257,737.613,7.38961,0.543625
18480000,1,-29.6333,728.53,2.73849,0.427286
18500000,0,-15.4915,727.497,0.452674,0.535
18520000,0,-15.5198,724.999,1.97359,0.48
18540000,0,-15.6017,729.054,0.82707,0.319
18560000,1,-25.8574,725.431,0.624476,0.417
18580000,0,-15.5378,725.978,2.72963,0.354
18600000,2,-38.2558,740.369,3.81993,0.525
18620000,0,-15.551,728.127,3.13188,0.307
18640000,1,-27.161,741.245,4.53794,0.488
18660000,0,-15.7444,727.903,1.25869,0.341
18680000,5,-68.2848,747.358,7.56898,0.584
18700000,2,-36.6225,742.107,2.04183,0.569
18720000,1,-26.2651,742.63,0.29217,0.502375
18740000,1,-25.1442,740.535,2.22025,0.504
18760000,1,-27.9482,740.468,2.70132,0.488
18780000,2,-36.2726,737.665,1.02365,0.499714
18800000,3,-48.2126,750.171,0.533672,0.5321
18820000,0,-15.7064,727.033,1.98352,0.40025
18840000,3,-45.138,737.175,2.35096,0.598
18860000,2,-35.8901,740.561,0.836931,0.508
18880000,1,-25.7603,727.329,4.60042,0.459667
18900000,0,-15.7804,726.061,0.775475,0.421923
18920000,2,-37.8644,739.906,0.964995,0.492167
18940000,4,-58.4903,762.834,5.26175,0.497
18960000,1,-27.2364,742.26,2.18948,0.486
18980000,1,-26.3975,740.534,1.16951,0.51975
19000000,1,-28.5612,743.11,2.21277,0.461
19020000,0,-15.5056,728.289,1.04296,0.301
19040000,0,-16.0322,723.421,1.47943,0.39
19060000,0,-15.8591,724.146,1.42114,0.447
19080000,2,-36.0879,752.736,2.50641,0.522
19100000,1,-28.4331,741.686,1.84636,0.491
19120000,1,-29.6932,741.562,3.10724,0.47
19140000,2,-42.8739,745.892,2.99974,0.510529
19160000,1,-27.4855,738.757,0.313931,0.524
19180000,1,-26.526,740.573,1.11012,0.526667
19200000,0,-17.2448,725.051,0.763767,0.523556
19220000,0,-15.5947,729.223,1.41892,0.341
19240000,0,-15.6053,728.87,2.70287,0.379
19260000,1,-28.5103,724.383,2.54629,0.503
19280000,0,-15.4542,727.189,0.552652,0.411636
19300000,0,-19.6734,727.207,0.508647,0.506
19320000,0,-15.5053,728.793,0.664715,0.433286
19340000,1,-25.6903,735.547,4.37758,0.475
19360000,0,-15.5151,728.471,0.340559,0.3198
19380000,0,-15.4784,727.016,0.554426,0.369
19400000,0,-15.4972,727.486,0.967029,0.358
19420000,2,-42.0514,726.612,3.91115,0.568
19440000,0,-15.54,726.921,0.095821,0.408
19460000,0,-15.5689,728.228,1.02163,0.406286
19480000,0,-15.5337,727.859,0.789859,0.367167
19500000,0,-15.546,728.88,0.234319,0.413
19520000,0,-15.7743,725.881,1.03721,0.321
19540000,0,-15.5786,728.52,0.691282,0.342
19560000,0,-15.6627,728.491,0.054508,0.479
19580000,1,-26.5111,726.382,0.381576,0.414
19600000,0,-15.7488,726.407,0.0331533,0.393429
19620000,0,-15.7131,728.301,0.297472,0.342
19640000,0,-15.726,727.896,0.272633,0.469455
19660000,0,-15.5714,727.541,2.8753,0.391
19680000,0,-15.7615,726.515,2.57361,0.3805
19700000,0,-15.6972,728.325,0.119132,0.314
19720000,0,-15.5073,728.787,0.956002,0.364
19740000,0,-15.7388,726.225,0.448587,0.366
19760000,4,-59.7878,748.99,5.28613,0.541
19780000,0,-15.6346,728.811,1.21116,0.35
19800000,0,-15.6485,728.107,1.22291,0.3334
19820000,0,-15.6028,726.59,0.726682,0.414
19840000,0,-15.7486,726.709,1.21517,0.309
19860000,1,-28.8993,740.332,1.757,0.4
19880000,0,-15.4596,727.703,0.987764,0.499
19900000,2,-37.5131,736.317,4.18343,0.442375
19920000,1,-27.7868,741.701,1.63481,0.487
19940000,2,-36.631,750.708,2.45796,0.509
19960000,2,-36.1452,744.65,2.46508,0.598
19980000,1,-26.1906,731.053,0.742689,0.412222
20000000,0,-15.5038,727.927,0.655946,0.4
20020000,2,-39.4814,738.198,2.89481,0.579
20040000,1,-27.1922,742.151,1.73441,0.5
20060000,1,-27.3761,727.248,6.55284,0.48275
20080000,0,-15.7351,726.184,1.23986,0.395538
20100000,1,-28.2343,741.924,3.72495,0.482
20120000,1,-27.0229,730.911,0.225496,0.315
20140000,0,-15.6469,727.2,2.56078,0.393
20160000,0,-15.6794,724.184,2.24812,0.367
20180000,0,-15.6169,729.141,0.378035,0.314
20200000,2,-39.286,743.138,1.90783,0.559
20220000,0,-15.5204,726.383,0.190194,0.354556
20240000,0,-15.4566,725.888,1.0052,0.352
20260000,1,-25.6027,736.634,0.739519,0.493
20280000,0,-15.5827,723.874,0.0890571,0.33
20300000,0,-15.8528,725.857,0.104906,0.3385
20320000,4,-62.1298,739.979,1.861,0.605
20340000,0,-15.5489,726.736,1.09813,0.313
20360000,0,-15.4351,727.517,0.292535,0.45075
20380000,2,-36.4022,730.617,0.595219,0.411
20400000,0,-15.7846,726.519,0.878804,0.379444
20420000,0,-15.584,728.898,0.123048,0.426
20440000,0,-15.7189,727.557,0.104851,0.388
20460000,2,-37.7711,738.892,3.07548,0.467
20480000,0,-15.4892,728.706,0.851202,0.462
20500000,1,-27.278,736.718,6.259,0.546
20520000,1,-29.717,742.062,1.93343,0.505
20540000,1,-30.0598,743.175,2.72274,0.5142
20560000,2,-37.7238,753.006,3.24089,0.517
20580000,1,-26.9277,744.013,0.348959,0.558
20600000,1,-30.2429,741.471,1.44215,0.446
20620000,2,-36.0986,747.081,2.85556,0.449
20640000,2,-36.9968,741.286,2.69107,0.563
20660000,1,-27.729,739.333,0.571746,0.481
20680000,3,-47.7778,744.564,1.92975,0.531368
20700000,2,-35.8856,749.679,2.56521,0.510364
20720000,4,-59.9835,747.607,3.23626,0.537714
20740000,1,-25.8493,740.873,0.420571,0.5145
20760000,4,-57.6366,751.737,2.8231,0.49
20780000,3,-49.9109,750.408,6.43372,0.52175
20800000,3,-51.3004,750.075,1.77418,0.447
20820000,3,-48.9016,760.197,1.60436,0.505444
20840000,2,-36.4154,744.929,4.87395,0.574
20860000,2,-41.0724,737.824,8.33743,0.463583
20880000,3,-49.8385,735.974,7.65323,0.524
20900000,1,-26.3836,743.157,1.24576,0.539167
20920000,3,-53.6351,752.392,1.52928,0.537
20940000,2,-37.7081,746.152,2.26753,0.532667
20960000,5,-77.6233,758.796,2.92628,0.506
20980000,3,-46.9707,753.697,4.34106,0.526
21000000,3,-51.0416,744.208,3.10257,0.613
21020000,0,-15.7819,727.347,0.134316,0.306
21040000,1,-31.0739,742.925,1.44123,0.465
21060000,3,-50.5355,739.473,5.53721,0.529308
21080000,2,-39.6491,742.619,4.02119,0.51275
21100000,1,-26.2517,740.291,3.1084,0.531
21120000,1,-26.84,741.091,0.590937,0.523667
21140000,3,-46.5454,736.359,1.31807,0.485
21160000,3,-50.9301,754.821,3.34051,0.569
21180000,3,-46.2608,747.775,4.3995,0.492
21200000,2,-41.1124,744.138,5.93712,0.52275
21220000,5,-65.5783,745.122,5.90583,0.55575
21240000,3,-49.1377,747.54,5.70766,0.473
21260000,2,-38.936,743.045,0.893312,0.4855
21280000,2,-35.5843,740.724,4.0548,0.563
21300000,3,-52.0851,768.069,2.52902,0.491289
21320000,2,-35.0229,752.401,4.80524,0.512
21340000,1,-25.2517,739.794,2.21708,0.473
21360000,0,-15.474,725.354,0.725395,0.365
21380000,1,-27.4515,739.693,3.71477,0.487
21400000,0,-15.5933,727.007,0.775677,0.517
21420000,5,-70.331,757.712,5.55545,0.505429
21440000,4,-55.4952,743.386,10.25,0.548
21460000,5,-71.1468,752.958,4.94192,0.4355
21480000,2,-37.7201,736.56,1.73919,0.504429
21500000,1,-26.8585,739.181,1.11512,0.5346
21520000,2,-39.5366,756.996,2.17329,0.482
21540000,2,-36.0812,743.392,1.56735,0.504625
21560000,2,-36.7415,743.2,1.92728,0.537
21580000,2,-38.8806,757.362,3.01895,0.445
21600000,0,-15.6599,728.255,1.40924,0.3728
21620000,2,-36.1361,744.717,1.46254,0.506
21640000,2,-35.03,738.195,8.81048,0.547
21660000,2,-36.0589,740.867,4.41893,0.595
21680000,1,-26.7239,742.84,1.78378,0.498
21700000,2,-37.5923,738.217,2.98266,0.48275
21720000,1,-26.6018,738.319,1.28274,0.499
21740000,1,-26.1042,740.493,0.172286,0.484
21760000,2,-38.0785,743.582,1.0116,0.524
21780000,0,-15.5946,728.536,3.24555,0.389222
21800000,1,-25.6219,735.839,1.19094,0.574333
21820000,0,-15.5375,727.869,0.0175077,0.311
21840000,1,-26.7364,737.854,0.384127,0.528
21860000,2,-38.3159,739.202,1.19159,0.514923
21880000,1,-24.8011,734.304,2.91307,0.539
21900000,1,-27.7799,739.243,3.06552,0.454
21920000,1,-25.7685,742.692,3.19406,0.52
21940000,1,-30.4218,743.639,1.04263,0.4944
21960000,2,-41.1915,746.917,1.61412,0.520125
21980000,2,-42.3726,735.395,1.76908,0.537
22000000,1,-33.7679,740.621,2.9315,0.48
22020000,1,-26.366,725.008,2.20858,0.381
22040000,1,-28.7907,735.409,2.17042,0.422
22060000,0,-15.6884,728.509,0.201459,0.284
22080000,1,-25.7995,727.726,1.76905,0.398833
22100000,0,-15.5311,725.646,0.844343,0.373
22120000,1,-29.099,738.056,0.657498,0.633
22140000,0,-15.6244,728.845,0.413725,0.3448
22160000,0,-15.4932,728.608,1.04601,0.564
22180000,1,-25.7978,728.715,0.926009,0.421
22200000,0,-15.5701,728.442,0.711706,0.3395
22220000,3,-50.0748,741.209,5.72805,0.521
22240000,1,-26.9013,740.9,0.328278,0.477
22260000,0,-15.55,729.091,0.61785,0.401636
22280000,0,-15.5814,727.33,0.841091,0.435
22300000,0,-15.4674,723.94,0.124052,0.416
22320000,1,-26.2707,741.64,3.99615,0.506
22340000,1,-25.261,727.197,2.03649,0.629
22360000,0,-15.4281,726.676,1.38901,0.406
22380000,0,-15.7524,727.468,0.142575,0.373053
22400000,1,-27.3736,743.14,1.77481,0.507
22420000,0,-15.5817,728.1,0.406299,0.349
22440000,0,-15.6662,727.781,2.29895,0.352143
22460000,1,-24.3934,728.53,2.02539,0.396875
22480000,4,-62.1813,754.778,3.36658,0.508
22500000,3,-47.4129,755.05,0.749925,0.437
22520000,0,-15.6615,728.336,1.98584,0.312
22540000,0,-15.6682,724.399,0.256092,0.365
22560000,2,-42.8001,743.975,11.4356,0.508
22580000,0,-15.4546,727.239,0.201622,0.3775
22600000,5,-74.586,738.524,4.26769,0.547
22620000,1,-24.8627,734.152,1.65266,0.527
22640000,1,-27.6844,740.655,4.6061,0.4815
22660000,1,-30.3489,740.377,0.512604,0.483
22680000,2,-39.1568,751.949,2.65008,0.528333
22700000,1,-26.1257,739.985,1.82858,0.52125
22720000,8,-101.1,753.856,11.8179,0.593
22740000,5,-68.2579,748.604,11.638,0.574
22760000,4,-61.1483,748.672,6.10545,0.5095
22780000,2,-37.4721,751.209,2.43742,0.464
22800000,1,-27.8618,738.419,0.534318,0.468
22820000,1,-26.4827,730.811,2.86134,0.381
22840000,1,-28.8812,741.461,1.32557,0.537
22860000,3,-46.9701,748.348,9.1245,0.513926
22880000,7,-91.6062,743.385,4.64979,0.644
22900000,1,-26.6865,742.317,2.45495,0.484
22920000,0,-15.5155,726.983,2.8159,0.337
22940000,1,-30.0094,740.874,1.23286,0.5212
22960000,1,-25.9891,739.922,1.59564,0.571
22980000,2,-41.6996,743.778,1.64681,0.5465
23000000,1,-28.4829,741.247,1.73584,0.443
23020000,1,-31.0069,743.578,2.01104,0.48225
23040000,2,-43.0192,744.508,4.09095,0.47
23060000,2,-38.2985,741.476,4.40825,0.51225
23080000,0,-15.6917,728.659,0.424816,0.359
23100000,0,-15.4888,727.265,1.52168,0.362333
23120000,1,-27.9745,743.771,2.45104,0.542
23140000,0,-15.6122,726.68,2.39399,0.411
23160000,2,-41.1207,754.228,0.515375,0.499
23180000,2,-36.7877,755.286,2.50179,0.488
23200000,0,-15.7076,727.681,0.587288,0.297
23220000,0,-15.5338,728.766,0.0403411,0.391286
23240000,1,-26.2228,741.051,1.22369,0.495
23260000,0,-15.6105,728.255,0.764167,0.315
23280000,1,-31.3905,740.09,3.26357,0.417
23300000,1,-25.4762,736.332,3.09062,0.543
23320000,2,-35.8781,739.153,2.98531,0.517105
23340000,2,-34.2947,732.238,2.31989,0.379909
23360000,1,-27.4988,741.876,0.873029,0.583
23380000,0,-15.4817,728.415,0.154142,0.3425
23400000,0,-15.7438,726.716,0.929266,0.417
23420000,0,-15.5713,728.23,2.89692,0.32
23440000,0,-15.5332,728.619,1.26825,0.460667
23460000,0,-15.4548,725.233,2.2342,0.405
23480000,0,-15.5074,728.589,1.85877,0.4214
23500000,0,-15.4287,725.139,0.549486,0.377
23520000,1,-26.3077,733.649,1.81619,0.446
23540000,1,-25.2031,727.09,3.14438,0.4765
23560000,0,-15.4701,725.562,0.239554,0.291
23580000,4,-60.4455,745.976,5.09394,0.4885
23600000,0,-15.493,727.948,2.29242,0.33
23620000,0,-15.5839,726.023,0.0814948,0.4117
23640000,1,-25.239,732.019,0.425155,0.425
23660000,0,-15.4976,725.034,2.76856,0.455
23680000,5,-75.8842,748.473,4.04587,0.593
23700000,1,-26.1575,737.934,1.92178,0.482
23720000,0,-15.6205,728.342,0.0399792,0.3625
23740000,0,-15.7436,726.832,0.24606,0.413
23760000,0,-15.6707,726.565,0.0100765,0.301
23780000,3,-49.4764,743.584,5.34067,0.519
23800000,0,-15.5001,727.221,0.407964,0.314
23820000,1,-30.2807,726.759,2.55782,0.437462
23840000,0,-15.5617,728.256,0.78959,0.324
23860000,0,-15.578,728.987,1.20576,0.366667
23880000,1,-25.313,727.441,1.29986,0.359
23900000,0,-15.6466,728.782,2.73662,0.3485
23920000,0,-15.5892,728.29,2.43042,0.393667
23940000,0,-15.6184,728.453,0.571594,0.413
23960000,2,-38.7696,736.869,2.93479,0.498
23980000,1,-24.8655,727.206,4.69476,0.322
24000000,1,-25.9958,740.169,0.332424,0.533667
24020000,1,-29.5638,743.751,1.20008,0.493
24040000,2,-41.9917,740.345,0.270102,0.499
24060000,1,-28.0265,744.235,2.17727,0.496
24080000,0,-15.4768,726.62,0.263582,0.383
24100000,0,-15.6887,727.968,0.493698,0.357
24120000,1,-26.0257,736.281,1.02863,0.555933
24140000,1,-25.5085,741.52,1.56973,0.4735
24160000,1,-26.3679,740.444,1.61467,0.539556
24180000,2,-36.0316,731.516,0.733417,0.324
24200000,1,-25.5381,734.559,3.84596,0.473
24220000,3,-46.143,730.103,2.29789,0.4852
24240000,1,-29.5123,742.261,0.63211,0.512333
24260000,1,-27.9503,744.258,0.0718547,0.513
24280000,1,-25.2084,734.935,2.7678,0.58
24300000,1,-25.0882,739.584,1.51819,0.562
24320000,1,-26.4159,742.951,2.92157,0.5292
24340000,4,-65.2815,749.916,5.14989,0.565
24360000,1,-24.9571,737.464,0.594953,0.5765
24380000,1,-29.9079,743.716,1.88214,0.426
24400000,2,-41.7394,740.984,1.87053,0.519
24420000,1,-24.9137,734.954,0.868598,0.53025
24440000,3,-50.7306,738.41,4.91033,0.579
24460000,1,-26.7942,741.922,4.03097,0.477
24480000,1,-25.3215,739.137,1.62911,0.5
24500000,1,-26.4451,739.861,0.00435724,0.529
24520000,1,-26.5024,739.746,0.224013,0.508333
24540000,2,-37.3403,740.599,1.03653,0.605
24560000,2,-39.2907,745.168,3.97275,0.498
24580000,1,-27.662,739.752,2.3793,0.503
24600000,2,-38.3182,747.989,5.79828,0.429
24620000,1,-26.7819,738.235,1.58314,0.4711
24640000,3,-49.0196,753.344,6.43089,0.504222
24660000,0,-15.5111,728.448,0.936406,0.323
24680000,1,-25.5424,735.44,0.808145,0.479
24700000,1,-27.7826,740.518,2.17498,0.456
24720000,6,-82.2785,753.906,5.39285,0.589
24740000,1,-25.651,736.531,4.55211,0.521
24760000,1,-30.2431,741.329,0.473436,0.483
24780000,2,-41.8067,742.089,2.11632,0.476
24800000,2,-37.2758,742.384,1.88781,0.470889
24820000,1,-29.7226,739.304,3.19428,0.524
24840000,1,-27.9979,743.798,2.54929,0.5345
24860000,1,-29.1261,743.154,3.74564,0.553
24880000,2,-34.7268,740.966,1.12998,0.518
24900000,5,-69.9424,740.448,4.54047,0.651
24920000,0,-15.6489,727.111,1.11056,0.481
24940000,0,-15.579,727.508,0.151509,0.490333
24960000,2,-36.1144,745.235,3.03335,0.586
24980000,1,-29.5065,742.264,4.42901,0.467
25000000,1,-27.2691,736.683,1.57441,0.481
25020000,2,-35.5682,728.937,1.96693,0.39075
25040000,1,-26.6269,740.544,1.29325,0.491429
25060000,1,-27.6019,739.274,0.645889,0.473
25080000,0,-15.6065,727.536,0.786646,0.402
25100000,2,-36.8377,738.38,1.15878,0.538
25120000,0,-15.6244,728.505,0.112811,0.404708
25140000,1,-29.4325,730.168,1.18877,0.364
25160000,0,-15.5408,726.997,0.470816,0.39
25180000,1,-26.3281,736.538,4.46012,0.525
25200000,0,-15.5948,728.663,0.643444,0.397
25220000,2,-36.7574,750.285,8.8349,0.472
25240000,1,-26.202,728.954,1.59379,0.529
25260000,0,-15.6478,727.76,0.649252,0.351
25280000,2,-37.5763,743.731,3.06722,0.495
25300000,1,-25.8037,738.256,2.24638,0.554
25320000,2,-37.7112,745.276,2.76022,0.529353
25340000,0,-15.5007,726.926,1.30636,0.382
25360000,1,-26.8375,726.951,5.76826,0.4585
25380000,1,-29.936,739.455,0.956342,0.498
25400000,1,-28.9686,743.062,2.7481,0.464
25420000,1,-27.2286,739.968,4.0796,0.496857
25440000,1,-28.0649,740.086,1.11832,0.463
25460000,2,-39.0685,740.296,2.87832,0.425
25480000,1,-29.3402,739.575,3.98094,0.5365
25500000,1,-27.502,742.348,0.440639,0.465
25520000,2,-36.6842,746.994,1.01201,0.536333
25540000,1,-25.4562,741.078,4.31618,0.466
25560000,2,-38.2067,747.605,2.1927,0.477
25580000,1,-28.3694,741.74,1.19646,0.459
25600000,1,-25.947,728.313,2.62852,0.309
25620000,2,-41.5305,743.521,7.28333,0.561
25640000,1,-25.1213,734.572,1.23372,0.5796
25660000,0,-15.5144,723.745,1.64535,0.383
25680000,2,-36.7871,744.699,5.13507,0.558
25700000,1,-26.222,741.236,3.91556,0.476
25720000,5,-72.8896,755.153,4.66388,0.5685
25740000,1,-28.1954,742.114,1.3439,0.524
25760000,2,-38.9276,742.429,1.91834,0.5408
25780000,1,-25.1769,738.273,3.55449,0.558
25800000,1,-29.9682,742.579,1.83434,0.494
25820000,2,-37.7535,754.953,1.74729,0.477
25840000,2,-41.8722,742.28,2.66553,0.508
25860000,1,-29.5747,741.076,1.72764,0.537
25880000,2,-38.5837,752.585,2.16954,0.415
25900000,1,-26.4822,742.218,5.24955,0.456
25920000,1,-27.6135,741.718,1.22736,0.575833
25940000,5,-67.5685,749.411,4.78219,0.5415
25960000,2,-37.9925,739.273,2.65818,0.529
25980000,3,-49.4019,744.039,1.2971,0.52275
26000000,1,-28.1665,741.819,3.08265,0.456
26020000,1,-27.9953,742.187,0.932185,0.543182
26040000,1,-28.054,740.949,0.573077,0.505882
26060000,2,-38.8878,738.633,3.9282,0.501
26080000,5,-69.8577,742.144,5.24717,0.564412
26100000,1,-27.7201,741.567,0.933272,0.452
26120000,1,-27.3234,736.549,1.91677,0.502
26140000,1,-25.5221,737.607,0.828899,0.485
26160000,3,-44.1872,744.373,4.2883,0.515
26180000,1,-25.7742,738.069,3.74175,0.493
26200000,2,-36.6712,739.47,3.93597,0.498
26220000,1,-27.2322,738.456,2.74868,0.486
26240000,1,-28.504,741.654,0.968642,0.485333
26260000,1,-27.6592,737.999,3.21189,0.472167
26280000,2,-36.7667,751.202,0.529192,0.511
26300000,1,-27.636,741.178,2.85332,0.51
26320000,2,-36.614,749.846,3.06274,0.44
26340000,1,-27.4244,740.991,0.833576,0.5108
26360000,0,-15.5088,727.271,7.41359,0.441
26380000,2,-44.9028,753.361,7.56706,0.493
26400000,2,-39.7012,738.364,2.95962,0.497
26420000,4,-57.2413,742.523,7.68845,0.584957
26440000,5,-68.6793,750.556,3.12043,0.562
26460000,1,-28.2013,740.741,7.95394,0.45
26480000,2,-36.2919,742.168,4.56267,0.5506
26500000,2,-41.226,748.793,1.36371,0.529
26520000,0,-15.4557,727.67,0.0199892,0.338
26540000,0,-15.6193,728.846,0.246498,0.331
26560000,0,-15.7256,727.731,1.03473,0.444
26580000,2,-37.5885,733.736,1.47577,0.516667
26600000,1,-25.5147,738.675,3.72846,0.56
26620000,1,-26.0708,739.807,0.196466,0.527
26640000,0,-15.7863,725.811,0.0399768,0.3885
26660000,3,-49.459,735.604,5.02021,0.529
26680000,2,-37.5538,745.687,5.52358,0.49
26700000,3,-54.0272,745.835,2.11642,0.426
26720000,2,-38.5166,738.18,0.395308,0.586
26740000,2,-37.7552,738.255,2.42876,0.576
26760000,0,-15.6588,727.915,3.35039,0.367143
26780000,1,-27.825,744.679,0.832082,0.5264
26800000,2,-38.009,748.994,2.41481,0.485
26820000,2,-37.2592,737.43,1.35264,0.54575
26840000,1,-26.2254,731.143,1.67647,0.48
26860000,2,-35.6891,746.499,3.32983,0.488
26880000,3,-51.7289,738.279,1.97452,0.563286
26900000,3,-49.3386,752.689,4.46424,0.483286
26920000,0,-15.5689,728.687,0.625476,0.384222
26940000,7,-96.5914,750.817,8.8731,0.552
26960000,0,-15.7874,726.804,0.212311,0.317
26980000,4,-63.982,749.089,3.53332,0.416
27000000,3,-52.6622,746.292,4.74296,0.547
27020000,2,-37.304,746.004,5.7057,0.477333
27040000,0,-15.747,727.307,0.536308,0.41025
27060000,0,-15.654,728.407,0.907678,0.3738
27080000,1,-26.4877,736.62,0.239133,0.494
27100000,0,-15.5265,727.618,0.617687,0.394
27120000,0,-15.488,723.797,0.533052,0.4318
27140000,0,-15.6472,728.558,1.0708,0.383
27160000,0,-15.4798,728.299,0.886375,0.324
27180000,1,-25.2775,726.988,2.78441,0.428579
27200000,2,-36.9978,751.88,5.99944,0.474
27220000,0,-15.5474,728.943,1.55225,0.353
27240000,0,-15.6028,729.042,0.128953,0.335
27260000,2,-37.1677,751.739,1.25949,0.47
27280000,0,-15.5168,720.367,0.79259,0.33
27300000,3,-48.8012,747.261,3.93792,0.452455
27320000,0,-15.6375,728.733,0.935446,0.387
27340000,0,-15.478,726.634,2.01334,0.385
27360000,0,-15.5056,727.709,0.37023,0.347
27380000,0,-15.6132,727.703,0.614637,0.37
27400000,0,-15.523,727.408,0.451031,0.363333
27420000,0,-15.5451,728.605,0.0387282,0.373667
27440000,0,-15.5846,728.223,1.23252,0.432
27460000,1,-25.4023,735.27,1.27671,0.46225
27480000,1,-24.9922,727.425,1.00945,0.436333
27500000,0,-15.7015,725.489,0.221529,0.299
27520000,0,-15.588,729.283,0.824409,0.325
27540000,2,-39.2578,751.858,7.72993,0.461
27560000,3,-48.3168,750.203,2.98553,0.539
27580000,2,-36.2644,735.03,2.85792,0.499
27600000,0,-15.4465,724.729,2.14088,0.436895
27620000,1,-26.4414,737.989,2.56511,0.513
27640000,0,-15.6075,727.891,0.848181,0.3305
27660000,0,-15.612,727.624,0.17371,0.433
27680000,0,-15.5699,727.289,0.35376,0.4192
27700000,1,-27.7556,741.2,2.48267,0.517679
27720000,1,-28.6501,741.042,2.57239,0.493
27740000,0,-15.4597,727.524,0.877471,0.419
27760000,0,-15.5363,728.358,0.868619,0.33
27780000,0,-15.6157,725.421,0.79903,0.296
27800000,0,-15.4902,725.45,0.532461,0.329
27820000,0,-15.5373,728.502,0.614802,0.413
27840000,1,-28.1524,730.794,1.73161,0.445
27860000,0,-15.6115,728.719,0.320205,0.327
27880000,1,-27.1142,737.991,4.11667,0.434
27900000,1,-28.4761,742.928,1.31984,0.481333
27920000,0,-15.626,728.262,0.178245,0.366667
27940000,0,-15.5138,728.343,1.3545,0.331
27960000,1,-29.0215,742.061,6.92147,0.498917
27980000,0,-15.6806,727.875,0.948567,0.379
28000000,1,-26.2863,739.992,1.45936,0.501
28020000,3,-47.2907,752.35,4.0675,0.531
28040000,1,-28.0802,732.505,1.917,0.606
28060000,6,-86.4214,735.09,7.52343,0.638
28080000,2,-38.6569,749.327,1.88631,0.523
28100000,0,-15.6197,726.968,2.36419,0.344167
28120000,0,-15.5068,727.06,2.70602,0.421
28140000,0,-15.6606,727.423,0.143685,0.461
28160000,3,-50.0375,755.2,2.28888,0.452429
28180000,2,-37.4691,754.695,5.26175,0.426
28200000,5,-72.6839,735.291,2.3527,0.618
28220000,2,-37.1422,745.64,1.38949,0.511
28240000,3,-50.5499,748.451,3.07935,0.621
28260000,2,-37.056,748.403,2.5546,0.409
28280000,1,-26.5952,741.349,1.47157,0.564
28300000,3,-50.5962,748.451,4.81786,0.555
28320000,3,-49.3241,751.5,2.17934,0.485
28340000,1,-28.8502,740.385,1.1432,0.412
28360000,4,-65.2061,741.813,3.81737,0.579
28380000,1,-27.9103,740.308,0.474137,0.455
28400000,6,-84.6286,757.878,2.97199,0.53175
28420000,1,-27.8073,741.716,2.66253,0.53425
28440000,1,-25.5016,739.449,0.601055,0.526
28460000,3,-46.0874,745.632,1.26972,0.57
28480000,4,-63.8549,745.242,2.14217,0.5256
28500000,1,-27.152,741.106,1.91151,0.5306
28520000,2,-37.2572,741.63,8.2176,0.5605
28540000,1,-25.9263,740.993,0.596629,0.484
28560000,1,-26.0237,738.215,0.7062,0.566
28580000,4,-56.7814,750.404,4.42277,0.566
28600000,3,-46.4409,749.443,4.04623,0.530222
28620000,1,-30.6364,739.05,0.71669,0.399
28640000,1,-25.3723,734.681,1.01049,0.542
28660000,3,-46.8238,753.997,0.630228,0.51575
28680000,2,-38.456,752.546,1.67232,0.468667
28700000,3,-48.7696,758.342,7.14286,0.46
28720000,3,-46.3455,746.523,1.38391,0.4445
28740000,4,-59.4566,752.815,3.74081,0.56
28760000,2,-36.4118,745.497,1.36794,0.557
28780000,3,-48.9898,746.332,3.07677,0.519615
28800000,1,-28.7586,742.473,1.4929,0.494
28820000,1,-29.049,741.683,1.19217,0.471
28840000,1,-30.7931,743.479,0.456972,0.466
28860000,1,-26.4089,741.713,1.49288,0.49
28880000,0,-15.5243,727.656,0.531248,0.3846
28900000,2,-40.7672,742.302,1.69836,0.598
28920000,1,-28.1713,742.01,2.04499,0.574
28940000,0,-15.6753,728.848,0.950275,0.4528
28960000,1,-27.1415,738.43,1.07857,0.504
28980000,1,-27.0607,741.89,2.05397,0.529667
29000000,1,-26.4461,740.449,2.51716,0.560143
29020000,1,-27.8827,741.582,0.319128,0.475
29040000,0,-15.6898,727.579,0.0590461,0.433
29060000,3,-50.1116,751.758,2.92612,0.496
29080000,2,-36.5992,750.326,1.39495,0.50175
29100000,0,-15.6401,728.475,0.793148,0.363
29120000,0,-15.6347,727.706,0.282594,0.305
29140000,4,-62.8585,751.771,2.3,0.514
29160000,4,-61.4038,751.711,5.70093,0.55025
29180000,0,-15.5715,726.44,1.94724,0.317
29200000,0,-15.5967,727.545,0.55843,0.339286
29220000,0,-15.4775,727.976,0.497241,0.375
29240000,0,-15.7405,726.731,1.49801,0.42
29260000,1,-24.7782,722.871,1.49048,0.4684
29280000,1,-28.4228,744.842,1.4799,0.508571
29300000,1,-28.1391,743.698,1.28915,0.527286
29320000,2,-37.3459,736.901,1.18714,0.569
29340000,0,-15.4875,727.535,0.709679,0.37
29360000,2,-36.5022,740.152,2.87683,0.501
29380000,1,-25.6538,739.774,1.6217,0.537
29400000,2,-40.7778,743.338,4.48561,0.5004
29420000,0,-15.5286,728.569,0.188177,0.348
29440000,0,-15.5258,728.574,0.613813,0.327
29460000,2,-35.8985,740.951,2.96189,0.507
29480000,2,-35.2184,729.747,2.5969,0.656
29500000,0,-15.7348,725.812,1.54943,0.375333
29520000,2,-36.5263,735.681,5.9282,0.451
29540000,4,-60.2828,742.883,7.48342,0.5725
29560000,5,-69.7326,748.131,6.49797,0.597
29580000,3,-47.0608,742.833,2.84577,0.584
29600000,3,-46.5664,754.417,3.47683,0.478
29620000,1,-30.9352,744.727,2.73862,0.515556
29640000,2,-37.214,743.38,3.01271,0.545412
29660000,1,-26.2373,732.695,1.1744,0.5015
29680000,1,-25.9937,740.67,2.97631,0.523
29700000,3,-49.0907,749.257,2.27067,0.445
29720000,2,-37.9588,740.5,1.23046,0.515
29740000,1,-29.8321,742.4,1.80663,0.522
29760000,2,-36.4933,740.967,1.99371,0.552
29780000,2,-39.1946,741.096,1.78764,0.501
29800000,2,-38.5634,745.206,4.32832,0.508286
29820000,2,-38.1142,744.233,4.04964,0.490667
29840000,3,-45.4332,741.474,1.01021,0.545
29860000,3,-47.2856,753.172,1.91947,0.525
29880000,2,-38.1646,741.768,3.26751,0.5184
29900000,1,-26.4298,740.193,2.99149,0.483
29920000,2,-35.8619,739.026,4.38659,0.593
29940000,1,-27.125,742.234,2.75559,0.4774
29960000,1,-28.8849,742.997,0.108512,0.496
29980000,4,-67.846,748.317,3.0484,0.467308
