generation,N_shifts,logPrior,logLik,eventRate,acceptRate
0,0,-16.0745,-5632.33,500,0
20000,0,-16.9577,667.007,2.96521,0.4765
40000,0,-16.2361,699.726,1.40251,0.467
60000,0,-16.5757,699.271,0.708854,0.391
80000,0,-16.7008,663.442,0.249002,0.554
100000,0,-16.6529,697.255,0.322764,0.361
120000,2,-38.6577,701.177,1.16622,0.510667
140000,0,-16.5085,698.003,3.27746,0.363
160000,1,-31.5942,672.344,1.27042,0.515
180000,0,-19.5749,671.929,1.06333,0.562
200000,0,-16.0619,698.151,1.8494,0.408263
220000,1,-25.595,690.763,1.77891,0.53825
240000,0,-16.7759,696.786,3.40143,0.452
260000,0,-16.3522,697.638,0.615147,0.528
280000,2,-39.1466,687.301,2.74869,0.552
300000,1,-27.6456,690.895,4.63325,0.567375
320000,0,-16.9105,697.74,2.23076,0.419714
340000,0,-16.5792,699.767,0.751127,0.381333
360000,2,-36.165,686.986,1.80685,0.53619
380000,0,-16.7435,698.481,1.16467,0.391222
400000,0,-15.8365,695.111,0.650545,0.403
420000,0,-16.3721,696.626,0.0540799,0.595
440000,0,-16.5373,699.561,0.765582,0.4031
460000,0,-16.7072,699,0.422668,0.315
480000,0,-16.4457,696.936,1.28719,0.471
500000,0,-16.7323,699.192,3.10747,0.387
520000,2,-37.944,703.862,1.21906,0.480333
540000,0,-16.3344,699.58,0.198787,0.40475
560000,0,-16.1418,698.094,1.65739,0.418812
580000,0,-16.2545,698.241,0.439874,0.311
600000,0,-16.6899,699.72,0.267255,0.408926
620000,1,-29.2775,697.914,1.91409,0.41
640000,0,-16.0875,697.077,0.819184,0.362
660000,1,-27.1004,698.384,4.16033,0.384
680000,0,-16.6225,699.332,0.385563,0.3482
700000,2,-36.0262,701.118,3.20114,0.493
720000,4,-56.6906,698.475,6.64331,0.490833
740000,0,-17.0002,696.001,0.396857,0.4158
760000,0,-16.2875,699.981,0.331186,0.466091
780000,0,-16.7331,698.731,0.241979,0.4335
800000,1,-27.6904,696.976,2.58412,0.413917
820000,0,-16.3464,697.378,0.390346,0.355
840000,0,-16.6629,698.857,0.0461423,0.402
860000,0,-16.1925,699.652,0.325307,0.319
880000,0,-16.2816,699.808,0.221032,0.393
900000,0,-15.9256,695.729,0.762709,0.329
920000,0,-15.9825,696.307,0.330236,0.475
940000,0,-16.2662,700.083,2.44467,0.343
960000,0,-17.392,694.781,0.169182,0.560833
980000,0,-16.9542,697.222,1.25088,0.411
1000000,0,-16.5792,696.683,0.791598,0.36
1020000,0,-16.3631,699.121,0.0701358,0.417
1040000,0,-16.545,698.355,0.620894,0.321
1060000,0,-16.1881,699.55,0.629212,0.384714
1080000,0,-16.4803,699.417,0.302182,0.365
1100000,1,-28.2566,697.251,1.41355,0.429
1120000,0,-17.0981,696.611,1.26893,0.4034
1140000,1,-26.7308,697.654,3.65404,0.445
1160000,1,-26.4775,697.65,0.56244,0.41
1180000,0,-15.9247,696.817,0.266347,0.365
1200000,0,-16.1778,699.254,0.670462,0.437667
1220000,2,-38.2852,702.668,1.33331,0.581
1240000,0,-16.5734,699.191,0.737473,0.3682
1260000,0,-16.6415,698.305,1.60896,0.395
1280000,0,-16.1261,699.335,2.28948,0.434
1300000,1,-28.5792,696.64,1.49471,0.363
1320000,0,-16.6656,699.334,0.241601,0.391
1340000,0,-16.5393,698.408,1.84107,0.349
1360000,0,-16.22,699.615,0.125468,0.356
1380000,0,-16.3013,699.915,0.48197,0.397417
1400000,0,-16.282,699.444,2.01097,0.552
1420000,0,-16.5863,699.274,0.204655,0.415375
1440000,2,-37.9374,712.319,1.68954,0.506333
1460000,0,-16.3661,696.245,1.43105,0.3705
1480000,2,-40.9611,697.164,1.75726,0.427375
1500000,1,-28.4092,711.893,3.10926,0.49975
1520000,5,-69.103,711.663,6.70735,0.579786
1540000,4,-58.9222,709.16,6.31889,0.552
1560000,4,-60.2507,714.949,1.47371,0.588
1580000,2,-38.0639,702.542,3.09201,0.649
1600000,1,-28.74,706.072,1.53348,0.484667
1620000,0,-16.4104,699.568,0.795397,0.38
1640000,3,-48.2336,708.029,7.55224,0.5075
1660000,0,-16.1737,696.274,0.133252,0.4
1680000,0,-16.4482,699.685,0.913439,0.334
1700000,1,-26.1015,701.677,1.26541,0.390391
1720000,5,-76.3082,722.348,16.1265,0.545
1740000,0,-16.1951,699.579,0.918659,0.413
1760000,1,-28.3691,709.062,3.11134,0.525
1780000,3,-52.1044,710.682,6.49331,0.5224
1800000,3,-54.3575,718.706,4.92955,0.5247
1820000,1,-31.7191,707.13,0.299102,0.519
1840000,0,-16.6454,698.845,0.327223,0.393
1860000,2,-39.2955,710.013,5.78899,0.483
1880000,1,-27.2883,707.781,1.83105,0.523
1900000,3,-52.4826,709.732,5.33073,0.591
1920000,4,-64.5706,714.71,1.93423,0.428
1940000,0,-16.0077,698.065,0.295068,0.404
1960000,4,-60.7178,724.055,5.48757,0.533
1980000,1,-33.0481,713.133,1.02849,0.573333
2000000,1,-30.2931,712.004,1.03024,0.542286
2020000,1,-27.9248,707.974,1.67095,0.486
2040000,1,-28.5257,709.356,0.820232,0.514
2060000,2,-37.1544,712.127,2.42645,0.548714
2080000,1,-27.6402,707.829,0.295422,0.51
2100000,1,-32.8571,716.968,0.0938491,0.524
2120000,0,-16.1715,699.417,1.02407,0.401
2140000,1,-28.9548,711.42,2.02435,0.525
2160000,2,-39.4994,715.552,1.65511,0.553
2180000,1,-27.1873,698.54,2.62098,0.343
2200000,0,-16.5134,699.522,0.121614,0.35
2220000,1,-27.0573,699.196,0.18989,0.403364
2240000,0,-16.353,699.319,0.436639,0.348
2260000,0,-16.3466,696.215,0.189954,0.478
2280000,1,-25.9835,702.603,1.51778,0.391625
2300000,0,-16.4605,696.542,0.0106544,0.4154
2320000,0,-16.9463,697.484,2.74491,0.417
2340000,0,-16.1863,698.572,0.173239,0.384167
2360000,0,-16.3549,700.233,0.150657,0.386333
2380000,0,-16.4286,699.397,1.37331,0.376333
2400000,1,-26.4997,697.189,4.14011,0.602
2420000,0,-16.1479,697.07,0.518944,0.537
2440000,0,-16.1138,699.22,2.35288,0.31
2460000,0,-16.4456,699.186,0.904423,0.419889
2480000,0,-16.2986,699.256,0.152026,0.411333
2500000,0,-16.2569,699.78,0.381676,0.377
2520000,0,-16.1062,698.243,0.411076,0.403
2540000,0,-16.1897,697.786,0.406896,0.495692
2560000,0,-16.5988,699.345,0.18869,0.382
2580000,0,-16.6315,697.806,0.2684,0.351
2600000,1,-27.5421,691.049,1.85137,0.407333
2620000,2,-39.8891,713.248,2.18395,0.527
2640000,1,-31.8842,715.892,0.862124,0.506
2660000,4,-61.9037,703.95,3.44997,0.606
2680000,2,-44.3327,711.122,5.23259,0.456
2700000,1,-29.0974,713.786,1.26174,0.552778
2720000,1,-25.7488,700.708,2.20771,0.53075
2740000,1,-31.2408,714.173,2.10016,0.492333
2760000,3,-51.6759,713.261,2.03729,0.498
2780000,3,-48.4374,705.573,5.68452,0.603167
2800000,1,-31.5156,712.812,1.78775,0.501
2820000,0,-16.5275,700.047,0.997517,0.356
2840000,1,-27.5851,711.534,1.49745,0.551
2860000,0,-16.5242,698.563,1.15877,0.3773
2880000,0,-16.2304,699.722,1.22435,0.36225
2900000,6,-85.495,713.904,7.34989,0.602
2920000,3,-55.8352,709.239,2.31391,0.473
2940000,0,-16.5028,698.405,1.01349,0.426139
2960000,1,-25.9653,699.448,2.16915,0.434
2980000,1,-31.3047,712.928,4.61513,0.531333
3000000,0,-16.6108,697.664,2.23773,0.4215
3020000,4,-64.5315,727.22,5.04069,0.501
3040000,0,-16.4446,698.729,0.05212,0.41
3060000,2,-44.1235,712.283,3.27006,0.432
3080000,1,-28.2578,708.666,1.27771,0.489
3100000,1,-26.4754,699.041,5.60618,0.444
3120000,0,-16.2239,697.854,0.778643,0.324
3140000,0,-16.1981,698.837,2.95977,0.3835
3160000,0,-16.2313,699.599,1.22813,0.599
3180000,0,-16.7509,696.89,1.09907,0.563
3200000,1,-25.683,699.725,1.55448,0.443333
3220000,1,-27.8483,699.569,1.32968,0.51219
3240000,0,-16.1612,698.751,1.17818,0.378
3260000,0,-16.5615,699.933,0.114961,0.326
3280000,0,-16.6604,694.593,0.0872855,0.348
3300000,0,-16.4509,699.089,0.0477941,0.488
3320000,1,-25.6547,696.088,4.09952,0.4335
3340000,1,-26.8375,696.501,2.54316,0.431778
3360000,0,-16.5356,697.187,5.21574,0.425
3380000,0,-16.2764,699.689,0.353656,0.394
3400000,0,-16.2569,699.562,2.60735,0.311
3420000,0,-16.6351,699.207,0.165192,0.319
3440000,0,-16.4873,698.666,2.8597,0.392
3460000,0,-16.3332,699.345,1.83145,0.386
3480000,0,-16.5922,698.997,0.275484,0.437091
3500000,0,-16.2131,698.068,3.82191,0.315
3520000,0,-16.2059,698.036,0.530626,0.5276
3540000,0,-16.5736,699.403,0.423268,0.441
3560000,0,-16.4032,699.156,0.263063,0.358
3580000,0,-17.0007,696.708,2.04093,0.422333
3600000,0,-16.7505,699.419,0.181517,0.406
3620000,0,-16.956,696.944,1.74369,0.374
3640000,0,-16.2124,698.226,2.11375,0.3602
3660000,0,-16.3975,698.494,0.29246,0.381
3680000,0,-16.4206,699.444,1.44029,0.406444
3700000,0,-16.27,696.051,2.048,0.4355
3720000,0,-15.9643,696.391,2.37768,0.486
3740000,1,-26.689,698.069,3.63612,0.43175
3760000,1,-26.0525,697.752,1.67266,0.469
3780000,0,-16.7082,697.628,0.770383,0.3682
3800000,0,-16.8179,698.049,0.985115,0.39725
3820000,0,-16.4721,697.956,0.595459,0.426333
3840000,0,-16.8978,698.127,0.0653457,0.453
3860000,0,-16.5341,698.614,6.46444,0.368
3880000,0,-16.2988,697.429,0.254425,0.349
3900000,0,-16.3842,698.56,0.706228,0.364
3920000,3,-51.054,699.343,11.2201,0.691
3940000,0,-16.4725,698.557,0.203811,0.463778
3960000,0,-16.107,698.246,0.0344593,0.384
3980000,0,-16.1168,696.512,0.937024,0.355
4000000,0,-16.4348,699.967,0.474599,0.354
4020000,0,-16.5432,699.632,2.82992,0.531
4040000,0,-16.0738,696.169,1.65287,0.581
4060000,1,-25.9813,698.123,1.26572,0.427
4080000,0,-16.7978,698.514,0.40844,0.388
4100000,2,-39.3467,695.508,5.33144,0.408286
4120000,0,-16.3347,698.048,1.31986,0.444167
4140000,0,-16.6884,698.95,2.09768,0.3915
4160000,0,-16.2162,699.24,1.67002,0.401
4180000,0,-16.4851,699.659,0.0534999,0.324
4200000,0,-16.4528,698.765,0.576958,0.363
4220000,0,-16.2501,699.547,0.288648,0.394
4240000,0,-16.1566,698.92,0.0364569,0.420667
4260000,0,-16.256,699.009,0.0106293,0.41325
4280000,1,-29.4634,710.705,0.604552,0.533714
4300000,0,-16.5661,697.615,1.04639,0.440111
4320000,1,-27.3325,706.817,5.00178,0.57
4340000,1,-26.286,710.007,1.4018,0.569
4360000,2,-37.1037,696.491,2.0556,0.479
4380000,2,-37.5086,709.666,5.01284,0.548091
4400000,0,-16.7645,699.256,1.50601,0.378
4420000,4,-64.6662,713.427,1.6052,0.617
4440000,2,-37.6959,709.211,1.64139,0.523
4460000,0,-16.4436,696.577,0.631128,0.374
4480000,1,-27.0391,701.551,3.13317,0.418333
4500000,0,-16.0636,697.434,2.38316,0.39
4520000,0,-16.2763,700.189,1.84263,0.454
4540000,0,-16.1261,699.423,0.0751619,0.441
4560000,0,-16.4502,699.516,0.182289,0.397
4580000,1,-27.3117,697.883,1.13948,0.526
4600000,0,-15.9934,698.046,0.278267,0.327
4620000,0,-16.387,697.577,0.893063,0.466
4640000,0,-16.3175,699.224,0.37984,0.43825
4660000,0,-16.0155,698.388,0.560244,0.395
4680000,0,-16.1596,697.042,0.177151,0.449571
4700000,1,-26.7256,696.721,5.93121,0.379333
4720000,0,-16.4809,696.12,0.899034,0.3425
4740000,0,-16.2941,699.485,1.34262,0.379875
4760000,1,-27.4009,699.363,9.08824,0.4354
4780000,2,-38.2966,694.641,1.54265,0.355
4800000,0,-16.7134,699.456,0.770302,0.333
4820000,0,-16.2037,698.364,1.47627,0.335
4840000,0,-16.3371,698.181,1.57935,0.434
4860000,0,-16.2728,698.67,0.915804,0.38
4880000,0,-16.0397,698.241,2.11486,0.371667
4900000,1,-28.2251,708.877,0.757192,0.442
4920000,0,-16.0919,698.445,1.35913,0.423667
4940000,0,-16.3851,698.705,0.162945,0.499
4960000,0,-17.6935,691.267,0.178867,0.415
4980000,0,-16.4291,698.59,1.67287,0.326
5000000,2,-39.1259,711.203,4.21109,0.537
5020000,0,-16.5729,696.367,1.21632,0.404
5040000,0,-16.4264,698.238,3.30974,0.418
5060000,0,-16.5781,699.116,1.29287,0.457
5080000,1,-27.9786,711.619,1.85781,0.488
5100000,0,-16.0612,697.714,0.219339,0.439556
5120000,1,-26.9448,706.426,0.272979,0.534667
5140000,0,-16.1736,699.43,1.64293,0.465
5160000,4,-62.3683,707.774,7.60519,0.587
5180000,2,-39.5768,708.606,0.593183,0.511
5200000,4,-68.5518,716.264,6.22014,0.494
5220000,2,-41.0305,707.68,1.9564,0.539
5240000,1,-30.9213,712.66,2.50824,0.462
5260000,3,-51.8701,708.542,1.35344,0.5
5280000,1,-26.9523,710.273,2.9454,0.5394
5300000,0,-16.9874,694.8,2.60306,0.342
5320000,0,-16.4806,698.207,0.0502106,0.4496
5340000,1,-32.6652,710.035,2.09119,0.51
5360000,1,-30.0451,698.673,0.735525,0.464
5380000,0,-16.539,699.357,0.552451,0.423
5400000,1,-29.518,699.449,1.92451,0.461667
5420000,0,-16.1528,698.668,2.69239,0.424
5440000,0,-17.0063,696.993,0.756919,0.365
5460000,2,-37.0975,710.638,2.41401,0.504
5480000,0,-16.1697,698.233,0.917844,0.357
5500000,0,-16.8161,697.694,0.524557,0.384125
5520000,1,-26.4113,699.77,0.972653,0.356
5540000,1,-27.5749,710.329,0.414833,0.4995
5560000,0,-16.3699,694.03,1.12527,0.43
5580000,0,-16.0354,698.269,1.61251,0.341
5600000,0,-16.9043,698.093,0.126035,0.429
5620000,0,-16.2813,697.675,0.241223,0.383
5640000,3,-50.9648,715.249,2.29463,0.523286
5660000,1,-30.3674,697.911,1.74391,0.41
5680000,1,-28.0051,710.289,0.426798,0.528312
5700000,1,-28.3381,705.352,1.08935,0.5405
5720000,3,-52.9575,705.145,4.1347,0.649
5740000,0,-16.4238,698.61,0.748726,0.3535
5760000,1,-27.1252,702.658,0.739939,0.452
5780000,4,-54.5371,699.44,2.58967,0.588
5800000,0,-16.1881,697.903,2.00822,0.43875
5820000,1,-27.1124,710.586,1.39575,0.588
5840000,0,-16.3566,700.039,5.72756,0.3798
5860000,4,-62.0071,715.223,3.55951,0.488
5880000,0,-16.6328,698.663,0.323059,0.522
5900000,0,-16.3049,696.545,0.286928,0.515
5920000,1,-28.611,697.161,1.60377,0.472
5940000,0,-16.4504,698.62,0.23763,0.379545
5960000,1,-26.1629,705.369,2.94364,0.557
5980000,1,-30.1551,712.286,0.680613,0.511
6000000,0,-16.0487,698.659,0.885551,0.449
6020000,0,-15.9641,697.491,1.47673,0.388
6040000,1,-28.2075,702.759,2.26655,0.428154
6060000,2,-42.1501,715.587,6.1605,0.587
6080000,0,-16.3429,699.872,0.0285154,0.394
6100000,1,-26.9371,708.776,1.62462,0.556143
6120000,2,-37.587,708.685,1.56165,0.522
6140000,0,-16.0082,695.56,0.100697,0.436
6160000,0,-16.3388,700.059,0.46264,0.362
6180000,3,-49.5174,714.087,5.57954,0.484
6200000,1,-26.559,706.539,4.84856,0.544
6220000,0,-16.3485,697.397,0.213847,0.367
6240000,2,-41.6258,709.427,5.37601,0.555
6260000,0,-16.1895,699.205,0.221439,0.4285
6280000,1,-29.0072,696.718,0.233371,0.380667
6300000,1,-27.2399,711.961,1.95812,0.499
6320000,1,-29.8686,711.416,3.36944,0.509667
6340000,3,-50.9216,717.999,5.32036,0.532667
6360000,2,-41.1203,726.788,3.25207,0.516167
6380000,1,-25.9183,697.766,0.610434,0.421
6400000,0,-16.3711,699.672,0.33143,0.356
6420000,0,-16.1163,699.089,0.565495,0.374
6440000,2,-41.9258,712.672,4.4345,0.54
6460000,1,-29.6476,712.739,2.82261,0.485
6480000,2,-43.3066,713.729,4.21973,0.53
6500000,3,-50.3975,713.802,3.51149,0.542
6520000,1,-28.3892,696.374,3.71735,0.339
6540000,1,-27.6633,710.216,0.512612,0.544
6560000,1,-27.4581,706.88,0.416547,0.53
6580000,0,-16.2036,699.424,0.905866,0.347
6600000,0,-16.4301,699.84,0.106964,0.41
6620000,2,-44.181,727.883,2.90176,0.489909
6640000,0,-16.6216,698.291,3.52094,0.428
6660000,1,-31.3402,712.322,1.17495,0.54325
6680000,0,-16.0466,698.302,0.573687,0.421048
6700000,2,-40.4802,711.584,2.28996,0.535
6720000,0,-16.289,700.24,1.57846,0.325
6740000,1,-26.8143,695.644,2.67075,0.439
6760000,0,-16.6788,699.719,0.323732,0.400667
6780000,0,-16.3072,697.675,1.01405,0.407
6800000,0,-16.6125,698.526,0.486673,0.389167
6820000,1,-27.6218,708.562,1.93139,0.509833
6840000,1,-26.852,712.35,1.14185,0.433214
6860000,0,-16.3711,697.436,0.0745096,0.365
6880000,1,-26.7722,698.798,1.39376,0.428667
6900000,0,-17.1121,695.178,0.00745174,0.4175
6920000,0,-16.1823,698.323,0.125874,0.321
6940000,1,-26.9776,702.21,0.373642,0.537
6960000,0,-16.6272,698.22,0.388489,0.365
6980000,0,-16.2859,699.759,1.42197,0.449235
7000000,1,-27.719,710.179,1.64393,0.542
7020000,0,-16.3392,698.716,0.204825,0.416111
7040000,0,-16.2496,697.84,0.0056365,0.488
7060000,3,-49.0002,712.293,2.14505,0.561
7080000,0,-16.873,697.266,0.0479357,0.404333
7100000,0,-17.1187,696.612,3.24577,0.403
7120000,0,-16.3098,699.698,0.264103,0.357
7140000,0,-16.6058,698.646,1.14378,0.4675
7160000,2,-35.5299,707.083,4.60318,0.49
7180000,1,-26.8313,710.383,1.06507,0.561
7200000,0,-16.2866,698.25,1.20912,0.332
7220000,0,-16.7862,698.383,0.249704,0.336
7240000,1,-30.1729,712.729,4.50788,0.539
7260000,3,-51.252,707.017,3.60149,0.5155
7280000,1,-27.8032,712.869,1.72412,0.583
7300000,1,-29.4292,712.71,1.69387,0.507
7320000,2,-38.8746,711.779,4.08346,0.528875
7340000,2,-40.5213,711,4.4291,0.5002
7360000,2,-37.0719,707.423,3.45069,0.539273
7380000,0,-16.0643,697.664,0.272349,0.356
7400000,1,-26.3128,698.558,3.32141,0.4662
7420000,1,-28.1707,704.781,3.6337,0.5575
7440000,0,-16.2951,698.403,0.572895,0.3685
7460000,1,-30.6594,713.315,0.329009,0.54025
7480000,0,-16.921,695.638,2.32932,0.451
7500000,1,-27.7246,697.404,2.89974,0.499
7520000,0,-16.2356,698.773,0.872185,0.352
7540000,0,-16.595,698.324,0.897882,0.374
7560000,0,-16.187,698.074,0.114457,0.410667
7580000,1,-28.3248,710.421,1.15313,0.467
7600000,0,-16.7479,699.132,2.22378,0.363
7620000,0,-16.2679,696.323,2.02465,0.488
7640000,0,-16.1678,698.62,0.398671,0.343
7660000,2,-38.3604,715.559,2.7825,0.570778
7680000,2,-37.1681,706.265,1.93086,0.403316
7700000,0,-16.6256,699.707,1.17705,0.356
7720000,0,-16.8087,697.386,2.35619,0.447
7740000,2,-40.4614,706.132,3.08531,0.592
7760000,0,-16.4513,697.991,0.373114,0.35
7780000,0,-16.7902,698.567,1.35786,0.4464
7800000,1,-30.3809,712.913,3.66995,0.465
7820000,0,-16.0435,695.615,0.716971,0.406
7840000,3,-47.6789,717.034,1.5883,0.653
7860000,2,-39.8905,721.986,3.52451,0.434
7880000,0,-16.1559,699.134,1.47414,0.346
7900000,0,-16.1431,697.962,0.382307,0.446
7920000,1,-26.1111,696.806,0.932821,0.3936
7940000,0,-16.2922,696.293,1.85261,0.381
7960000,0,-16.9113,697.743,0.26241,0.356
7980000,2,-36.1496,703.184,4.20329,0.456
8000000,0,-16.2756,699.269,1.3776,0.472
8020000,2,-36.8827,713.243,5.41004,0.5285
8040000,2,-41.1657,710.07,0.990375,0.548
8060000,0,-16.1692,699.739,0.0661726,0.345
8080000,2,-43.1184,714.275,2.88728,0.520889
8100000,2,-36.8184,704.449,2.09219,0.543875
8120000,0,-16.4825,699.892,1.98471,0.434
8140000,0,-16.7465,698.155,4.30461,0.495
8160000,0,-16.2945,698.767,1.05292,0.43025
8180000,0,-16.2418,699.723,0.443352,0.4244
8200000,2,-41.6994,711.228,4.58637,0.628
8220000,0,-16.4654,699.204,1.24397,0.478667
8240000,0,-16.1584,699.49,0.368229,0.4151
8260000,1,-27.2091,697.199,0.970715,0.4294
8280000,1,-30.5155,710.893,0.531716,0.525333
8300000,0,-16.2093,699.419,2.29143,0.335
8320000,1,-25.8406,707.041,3.02215,0.564
8340000,0,-16.393,700.118,0.502475,0.335
8360000,0,-16.4313,699.011,0.271372,0.495
8380000,1,-27.1577,699.587,1.93925,0.399
8400000,1,-28.2088,704.461,0.742415,0.427
8420000,0,-16.0899,699.369,1.41477,0.397
8440000,0,-16.344,699.383,2.31373,0.382
8460000,1,-30.255,712.71,1.90649,0.602
8480000,1,-26.3412,702.004,1.45783,0.4185
8500000,1,-34.2138,715.019,0.864713,0.47
8520000,0,-16.4737,696.869,0.704693,0.385636
8540000,0,-16.4382,698.367,0.899703,0.394429
8560000,1,-26.2402,707.432,3.06628,0.513875
8580000,1,-26.852,698.298,2.15949,0.449
8600000,0,-16.9235,695.292,1.30302,0.481789
8620000,0,-16.304,699.447,0.788408,0.421909
8640000,2,-37.6832,696.286,3.11914,0.5376
8660000,2,-36.7049,700.039,6.72902,0.436
8680000,0,-16.3369,696.173,0.614046,0.369
8700000,0,-16.0352,698.301,0.150358,0.379
8720000,0,-16.6608,698.748,0.466845,0.437
8740000,0,-16.3129,698.182,1.26197,0.35675
8760000,0,-16.1808,699.754,0.604375,0.325
8780000,0,-16.2881,700.002,0.764899,0.444
8800000,1,-31.4991,713.644,2.23946,0.546
8820000,0,-16.387,700.148,0.131955,0.405
8840000,0,-16.5725,699.271,1.80915,0.411
8860000,1,-27.3453,693.954,1.8118,0.368
8880000,0,-16.2441,699.563,0.0305845,0.35
8900000,0,-16.4501,698.654,0.714591,0.397
8920000,1,-25.5143,696.217,2.65804,0.479
8940000,2,-48.4743,714.372,4.90792,0.494
8960000,3,-50.1593,712.815,6.76492,0.572
8980000,0,-15.9791,697.315,2.67568,0.402636
9000000,3,-49.5116,708.042,3.85586,0.529
9020000,1,-30.0364,710.118,0.406968,0.545667
9040000,0,-16.5037,697.449,0.613635,0.4187
9060000,0,-16.2021,699.303,0.712863,0.357
9080000,2,-38.3662,708.306,2.5215,0.509
9100000,0,-16.4202,694.57,4.57045,0.397
9120000,1,-26.3941,707.914,0.866075,0.5395
9140000,0,-16.9153,697.826,0.134298,0.364
9160000,0,-15.9829,698.234,0.229629,0.3445
9180000,1,-25.7544,698.505,2.07019,0.349
9200000,0,-16.3484,699.878,1.07006,0.5076
9220000,0,-16.51,696.753,0.691336,0.390333
9240000,0,-16.1217,698.477,0.0737184,0.409625
9260000,0,-16.0609,698.302,1.03965,0.343
9280000,2,-35.3676,697.421,4.58662,0.465
9300000,0,-16.2324,699.403,0.536793,0.343
9320000,0,-16.2638,700.028,0.328276,0.37
9340000,0,-16.2887,691.501,1.05214,0.3985
9360000,0,-16.4612,700.028,0.606542,0.454
9380000,1,-27.1474,698.24,2.22768,0.353
9400000,0,-16.4481,698.704,0.767637,0.383
9420000,0,-16.5114,699.53,1.79686,0.385833
9440000,1,-28.4044,710.549,1.18488,0.46
9460000,2,-39.7858,711.211,3.35056,0.527
9480000,0,-16.2082,694.121,1.0603,0.351
9500000,0,-16.5117,698.1,0.193341,0.364
9520000,2,-39.5763,714.241,2.32462,0.56
9540000,1,-27.3482,711.397,2.56944,0.522
9560000,0,-16.6169,697.773,0.03702,0.4291
9580000,2,-40.2933,712.221,5.78916,0.507
9600000,2,-41.0599,728.252,4.12243,0.472
9620000,2,-40.9387,726.167,1.07688,0.462
9640000,1,-29.2027,695.564,2.49677,0.429
9660000,0,-16.7004,698.801,0.813688,0.346
9680000,4,-59.2868,708.988,8.686,0.503846
9700000,1,-28.2591,710.363,0.592006,0.576
9720000,1,-27.9513,702.356,1.88461,0.471
9740000,1,-32.061,714.161,1.37747,0.515
9760000,1,-28.3225,702.488,1.24667,0.51175
9780000,0,-16.4024,699.282,0.0592845,0.329
9800000,3,-47.9461,722.62,4.97023,0.526
9820000,2,-37.7097,706.559,2.45165,0.495
9840000,0,-16.8711,697.623,1.16019,0.332
9860000,0,-16.3438,699.804,1.61405,0.4
9880000,0,-15.9052,696.557,0.513679,0.409
9900000,0,-16.5082,695.219,0.083166,0.428867
9920000,2,-45.6438,713.295,2.31004,0.527353
9940000,1,-25.6119,697.754,0.929678,0.37
9960000,0,-17.0956,696.649,4.07293,0.4826
9980000,0,-16.4854,698.549,1.39968,0.365
10000000,1,-25.5713,696.436,0.395893,0.407
10020000,1,-30.5129,713.029,0.924373,0.549167
10040000,0,-16.3977,699.801,1.65504,0.383
10060000,0,-16.3583,698.137,0.678146,0.361
10080000,0,-16.3711,699.493,1.01746,0.368
10100000,0,-16.4798,698.15,2.02775,0.451
10120000,0,-16.387,699.537,0.472495,0.387857
10140000,2,-41.1384,700.928,2.99804,0.585
10160000,0,-16.3806,694.179,0.476244,0.373
10180000,1,-26.8678,699.726,1.30046,0.501
10200000,0,-16.2413,699.252,0.149131,0.397143
10220000,0,-16.0864,698.781,3.11206,0.392
10240000,0,-16.5767,699.813,0.0916041,0.4092
10260000,0,-16.623,695.792,2.48969,0.41825
10280000,1,-26.3603,698.943,1.84441,0.438
10300000,0,-16.5461,698.781,2.8203,0.422
10320000,0,-16.0138,697.128,0.149564,0.384
10340000,0,-16.7165,699.297,1.21852,0.349667
10360000,1,-29.8423,713.989,3.38503,0.552889
10380000,0,-16.5514,699.611,1.36064,0.363
10400000,1,-26.4353,700.594,1.56531,0.51225
10420000,0,-17.1743,696.626,5.3559,0.515333
10440000,1,-26.9301,710.093,3.04863,0.474
10460000,1,-28.5542,709.439,1.59922,0.565
10480000,0,-16.3261,699.811,0.69355,0.48
10500000,0,-16.8837,698.585,0.520114,0.473
10520000,0,-16.3504,698.063,0.88909,0.346
10540000,2,-41.5851,713.707,1.98664,0.505
10560000,0,-16.5546,698.384,2.25873,0.40825
10580000,1,-27.5658,697.621,1.49248,0.431
10600000,1,-27.607,695.914,2.87174,0.45
10620000,0,-16.4945,699.392,1.37247,0.318
10640000,0,-16.5098,698.844,0.419416,0.4472
10660000,0,-16.1544,698.999,1.44846,0.388
10680000,0,-16.1571,698.22,1.02628,0.438882
10700000,1,-26.5095,698.158,2.37092,0.393
10720000,1,-27.794,712.654,4.00267,0.433
10740000,0,-16.2809,698.085,0.848866,0.448636
10760000,1,-27.3045,695.503,1.35015,0.423
10780000,0,-16.4423,698.853,2.33335,0.357
10800000,0,-16.1051,696.545,0.213028,0.359
10820000,0,-16.0774,693.773,0.465778,0.461667
10840000,0,-16.484,699.274,1.17991,0.505167
10860000,0,-16.8357,694.802,2.09532,0.365429
10880000,0,-16.8674,696.538,2.38807,0.424333
10900000,0,-16.1377,698.66,2.0534,0.358333
10920000,0,-16.3333,699.804,0.0892667,0.398
10940000,0,-16.2194,695.086,0.726486,0.3535
10960000,0,-16.4007,699.759,0.438471,0.369
10980000,1,-26.5169,699.777,1.3533,0.394
11000000,0,-16.9592,698.203,0.437708,0.361
11020000,0,-16.9844,697.535,1.24341,0.463111
11040000,0,-17.0491,695.672,1.15729,0.514
11060000,0,-16.6552,699.637,0.21292,0.456
11080000,1,-25.6618,698.452,2.98458,0.435
11100000,0,-16.4173,699.427,1.54926,0.407
11120000,1,-25.6159,698.518,0.769798,0.425
11140000,0,-16.2858,699.673,0.440242,0.543333
11160000,1,-26.3984,700.09,1.47192,0.4345
11180000,0,-16.8799,698.351,0.200328,0.492
11200000,0,-16.6754,697.283,0.803248,0.4886
11220000,0,-16.3126,699.667,0.0862178,0.389818
11240000,0,-16.7367,697.976,2.13228,0.410286
11260000,0,-16.4008,697.098,1.19023,0.406333
11280000,0,-16.6586,697.122,0.227598,0.384
11300000,0,-16.156,699.707,0.221965,0.354
11320000,0,-16.3299,698.753,2.47763,0.420833
11340000,0,-16.1851,699.308,2.31009,0.471
11360000,0,-16.062,696.33,0.334432,0.377
11380000,0,-15.9783,697.324,1.57865,0.408
11400000,0,-16.4105,695.494,1.53748,0.35
11420000,1,-26.115,700.767,0.89185,0.556
11440000,0,-16.7544,696.993,1.73206,0.434
11460000,0,-16.3318,698.955,0.150548,0.335
11480000,1,-28.9071,696.894,2.17477,0.368
11500000,0,-16.4529,697.612,3.43589,0.40025
11520000,1,-27.7233,707.237,0.475408,0.4593
11540000,0,-16.3285,696.186,1.87936,0.429071
11560000,0,-16.2901,699.072,0.370744,0.368
11580000,1,-30.1307,711.401,1.6261,0.552
11600000,0,-16.3133,698.411,0.00612741,0.387
11620000,1,-32.2513,714.85,1.07421,0.522
11640000,1,-29.8854,711.479,0.702348,0.491
11660000,1,-26.1033,699.052,0.641363,0.465167
11680000,3,-51.9847,713.391,1.96945,0.583
11700000,2,-41.4118,715.024,6.11195,0.57
11720000,1,-27.7354,705.422,2.20489,0.465
11740000,3,-60.9725,714.069,6.10523,0.536
11760000,2,-42.9665,711.638,0.945773,0.553
11780000,3,-48.3957,711.972,3.58172,0.585
11800000,1,-26.6725,707.672,2.97579,0.51
11820000,1,-33.557,712.179,1.71402,0.452
11840000,1,-32.8717,713.531,0.934643,0.422
11860000,3,-50.3459,721.849,4.20644,0.557
11880000,1,-33.2554,705.419,1.92297,0.449
11900000,1,-28.7544,709.725,2.05591,0.552667
11920000,1,-29.7209,710.742,3.85596,0.531556
11940000,0,-16.5359,699.704,5.2423,0.4
11960000,0,-16.8247,697.292,8.52824,0.364
11980000,0,-16.3611,699.81,0.0437045,0.5
12000000,2,-42.2222,715.419,6.54849,0.539
12020000,1,-26.1273,697.468,0.623937,0.369
12040000,0,-16.1029,698.499,0.258008,0.39
12060000,4,-60.7948,718.572,7.70593,0.63
12080000,0,-16.8336,698.669,0.122268,0.4895
12100000,1,-28.1087,710.662,4.50266,0.540714
12120000,2,-40.8071,710.53,0.573391,0.5635
12140000,1,-32.8663,715.628,0.975634,0.521
12160000,1,-32.4869,710.807,3.15851,0.502
12180000,0,-16.1504,699.441,0.854708,0.394143
12200000,1,-31.149,713.202,1.49752,0.514
12220000,6,-84.1457,716.378,5.41555,0.562
12240000,2,-41.6774,708.997,4.97589,0.57
12260000,0,-16.8162,698.923,0.0349265,0.425357
12280000,2,-41.8583,709.428,3.95746,0.508
12300000,0,-16.3556,698.433,0.692946,0.46675
12320000,0,-16.6193,698.097,0.429797,0.38525
12340000,1,-31.3439,713.571,4.90667,0.519
12360000,3,-47.4418,694.932,2.12025,0.460889
12380000,0,-16.5598,699.85,0.0736814,0.3892
12400000,0,-16.562,698.664,0.0110431,0.473
12420000,0,-16.3196,697.652,1.3034,0.402
12440000,1,-28.2003,712.87,0.700966,0.46
12460000,1,-27.7102,695.196,1.80512,0.615
12480000,1,-27.6487,695.656,1.00571,0.422
12500000,0,-16.1038,695.754,0.576764,0.477833
12520000,1,-28.263,698.842,2.10554,0.365
12540000,2,-36.4793,701.563,1.76946,0.4846
12560000,0,-16.8793,698.095,2.078,0.369833
12580000,1,-27.0628,700.236,0.798586,0.37
12600000,0,-16.0831,697.952,0.632456,0.444
12620000,0,-16.2152,699.981,0.122192,0.353
12640000,0,-16.5556,699.306,2.37797,0.34
12660000,0,-16.0824,698.509,0.976117,0.439625
12680000,0,-16.4135,700.263,0.328661,0.369
12700000,0,-16.1581,698.991,0.156758,0.326
12720000,0,-16.383,696.161,3.07595,0.454286
12740000,0,-16.5634,699.126,1.10438,0.634
12760000,0,-16.3328,698.751,0.813311,0.498
12780000,1,-28.0808,698.318,0.940907,0.469
12800000,0,-16.1958,699.16,0.330333,0.474167
12820000,2,-36.5243,698.014,5.87205,0.3505
12840000,0,-16.1447,699.386,0.0306696,0.567444
12860000,0,-16.3877,699.202,0.697536,0.31
12880000,0,-16.2141,698.593,0.991653,0.4706
12900000,0,-16.198,699.592,1.75699,0.432545
12920000,1,-29.4595,713.413,1.20783,0.462
12940000,3,-46.3464,708.347,4.60292,0.478
12960000,1,-27.0646,701.9,1.13163,0.52
12980000,0,-16.5088,698.857,0.85476,0.3625
13000000,0,-16.3481,697.998,0.891381,0.38
13020000,1,-28.2172,696.654,2.44135,0.488
13040000,1,-25.8393,701.366,2.47792,0.399
13060000,2,-39.869,708.511,4.33339,0.53725
13080000,3,-48.9053,713.217,4.78627,0.563
13100000,1,-30.7058,713.237,5.34923,0.5915
13120000,0,-16.3463,699.557,0.297594,0.395667
13140000,1,-30.6137,711.334,3.75572,0.475
13160000,1,-29.1192,713.792,2.03493,0.466
13180000,3,-46.7057,710.081,6.9662,0.613357
13200000,1,-28.3905,701.851,2.31271,0.527429
13220000,4,-58.1049,711.099,2.28347,0.5505
13240000,2,-44.5316,714.74,4.51846,0.566
13260000,2,-37.3343,718.673,1.18242,0.562
13280000,1,-26.8404,708.09,1.32772,0.505
13300000,0,-16.0321,696.544,0.200977,0.338
13320000,1,-27.092,709.89,0.406273,0.534
13340000,0,-16.3237,694.655,3.52514,0.349
13360000,0,-16.2021,698.535,0.198585,0.374
13380000,2,-41.9085,699.096,4.13891,0.655
13400000,1,-31.1593,698.453,0.416967,0.398444
13420000,1,-26.041,695.135,2.47347,0.449
13440000,3,-48.0297,695.641,1.50072,0.3995
13460000,1,-32.6511,710.536,1.13698,0.459
13480000,1,-27.9094,711.341,3.13838,0.526
13500000,1,-29.7093,709.961,1.0343,0.462
13520000,0,-16.471,695.558,0.35467,0.429667
13540000,1,-26.7078,698.714,1.01983,0.362
13560000,0,-16.517,699.553,0.469241,0.338
13580000,2,-42.0654,706.714,3.93294,0.5544
13600000,1,-27.1974,711.133,1.7549,0.529
13620000,0,-16.0721,699.052,1.01905,0.437
13640000,1,-27.6925,709.474,6.29469,0.496
13660000,1,-30.5773,711.483,3.15112,0.466
13680000,0,-16.7894,698.365,0.687225,0.465
13700000,0,-16.3674,699.628,4.26711,0.361
13720000,0,-16.5699,699.108,0.847451,0.387
13740000,0,-16.2165,699.146,0.500224,0.419182
13760000,1,-26.4898,697.317,4.63558,0.429
13780000,2,-38.2142,709.067,2.24407,0.5455
13800000,1,-33.3311,709.575,1.51604,0.529
13820000,0,-16.3831,699.812,1.75631,0.426
13840000,0,-16.3604,699.985,3.61047,0.347
13860000,2,-42.4432,709.71,2.92056,0.562333
13880000,1,-26.432,697.7,0.970561,0.443
13900000,0,-16.2403,699.191,0.387705,0.343
13920000,0,-16.339,699.448,1.37868,0.369
13940000,2,-43.7316,711.28,4.237,0.51125
13960000,2,-37.9159,699.24,3.18203,0.65
13980000,2,-38.4734,698.269,0.998309,0.535
14000000,0,-16.2216,694.364,0.0582111,0.336
14020000,2,-44.5353,726.766,3.42494,0.447
14040000,0,-16.1041,698.402,1.31302,0.421
14060000,4,-65.0935,721.542,2.84384,0.524
14080000,2,-39.5576,725.978,1.35045,0.494
14100000,5,-74.4916,737.592,5.07081,0.481
14120000,0,-16.5022,698.515,1.68019,0.398
14140000,1,-26.8288,698.474,2.27648,0.4329
14160000,0,-17.1938,695.769,1.98768,0.337
14180000,0,-16.3372,699.762,0.0905326,0.355
14200000,3,-50.8797,718.174,5.1361,0.5252
14220000,0,-15.8623,696.99,0.537554,0.419667
14240000,2,-36.9766,701.427,3.99551,0.60425
14260000,0,-16.1208,698.729,1.00211,0.371
14280000,0,-16.4103,698.986,2.25131,0.339
14300000,1,-26.1637,704.182,1.30912,0.571
14320000,0,-16.3731,698.559,0.834531,0.45
14340000,0,-16.542,697.947,0.761591,0.444667
14360000,3,-48.9888,713.215,6.23629,0.616
14380000,0,-16.2574,696.506,1.71812,0.352
14400000,0,-16.6425,699.727,2.89719,0.338
14420000,0,-16.793,698.237,0.258064,0.366
14440000,0,-16.7388,698.374,1.24993,0.389
14460000,0,-16.5104,699.99,1.17169,0.344
14480000,0,-16.1984,699.025,0.682545,0.461
14500000,0,-16.1467,695.777,0.144778,0.337
14520000,0,-16.8607,698.439,1.62745,0.435
14540000,0,-16.3638,699.869,0.25005,0.3725
14560000,1,-27.3933,698.843,0.158954,0.566
14580000,0,-16.5294,698.404,0.421818,0.3806
14600000,0,-16.3086,700.122,1.60764,0.352
14620000,0,-16.713,699.624,1.03468,0.420833
14640000,0,-16.3178,699.248,0.628735,0.509
14660000,2,-42.6892,714.601,0.961255,0.555
14680000,0,-16.8255,697.671,0.454348,0.536
14700000,0,-16.1981,699.47,0.848709,0.42625
14720000,1,-29.3391,709.219,5.7482,0.530556
14740000,3,-53.911,716.322,2.98946,0.53
14760000,1,-30.0486,711.513,1.50712,0.519
14780000,1,-31.1733,713.078,1.22021,0.552
14800000,2,-39.3116,708.469,3.8528,0.5465
14820000,1,-26.1205,699.398,2.81717,0.433
14840000,0,-16.2981,699.675,0.60522,0.351
14860000,1,-32.2328,714.488,5.55169,0.456
14880000,1,-28.7963,697.426,2.96663,0.461
14900000,2,-38.405,713.696,0.680173,0.553
14920000,2,-39.5731,720.032,2.14506,0.501
14940000,0,-16.8014,698.194,0.254435,0.35
14960000,0,-16.2183,697.949,0.207241,0.51675
14980000,1,-26.1176,698.76,1.47873,0.298
15000000,0,-16.8356,698.868,0.460736,0.364
15020000,1,-26.6308,710.629,1.13816,0.563
15040000,2,-38.6322,703.074,2.44193,0.616
15060000,0,-16.723,697.527,1.73337,0.375333
15080000,0,-16.1002,696.742,0.297205,0.347
15100000,1,-25.9311,699.551,2.87088,0.41
15120000,1,-28.6158,711.154,4.28894,0.53
15140000,0,-16.3329,698.451,0.758743,0.433
15160000,0,-16.4947,700.146,2.67031,0.39
15180000,0,-16.3307,700.107,1.56976,0.408615
15200000,0,-16.1813,698.818,5.97112,0.434
15220000,0,-16.3341,700.099,0.501223,0.443
15240000,0,-16.6505,699.89,0.56478,0.338
15260000,0,-16.3396,699.595,0.829991,0.419389
15280000,0,-16.6284,698.515,2.821,0.591
15300000,1,-28.0046,696.6,2.27698,0.455
15320000,0,-16.0414,696.917,0.119584,0.480043
15340000,2,-40.5725,697.032,2.76767,0.667
15360000,1,-26.3991,698.367,1.2998,0.326
15380000,0,-16.2794,699.393,1.75483,0.426571
15400000,0,-16.4623,699.831,0.0391126,0.331
15420000,1,-28.7021,701.997,3.11663,0.392
15440000,2,-39.4232,708.792,4.4492,0.549
15460000,0,-16.0857,697.417,0.2025,0.336
15480000,1,-25.347,697.077,2.67769,0.444
15500000,2,-39.5001,708.87,4.02206,0.4835
15520000,3,-47.8794,709.234,4.89818,0.574
15540000,1,-27.1277,701.941,1.81616,0.467
15560000,1,-26.8806,699.576,0.98713,0.42915
15580000,0,-16.4124,699.991,0.0629496,0.342
15600000,0,-16.7087,699.665,0.751999,0.442
15620000,0,-16.4794,697.168,1.39151,0.377333
15640000,0,-15.9871,697.794,2.21849,0.4684
15660000,2,-41.4521,716.392,1.91022,0.536
15680000,2,-39.1028,712.232,2.63267,0.477
15700000,0,-16.1953,698.543,0.134807,0.3922
15720000,2,-38.0128,698.329,2.44754,0.546
15740000,0,-16.397,700.025,0.0476481,0.497583
15760000,0,-16.5348,698.762,0.42135,0.612
15780000,0,-16.7073,697.715,0.163824,0.397
15800000,0,-16.4568,698.866,0.813727,0.381
15820000,0,-16.1883,698.275,0.0634614,0.388
15840000,0,-16.1658,698.333,0.223351,0.407
15860000,1,-27.8105,698.754,2.20541,0.388
15880000,0,-16.128,699.498,1.78412,0.409
15900000,1,-27.2352,696.759,2.02157,0.454333
15920000,2,-37.4067,701.071,8.92796,0.59
15940000,0,-16.4599,698.027,0.896507,0.452
15960000,1,-30.5551,697.175,1.07925,0.394882
15980000,0,-16.0274,697.545,0.037311,0.3598
16000000,2,-37.2197,701.426,0.569014,0.49875
16020000,0,-16.3376,698.563,1.17347,0.384
16040000,0,-16.4036,698.921,4.76094,0.364
16060000,1,-29.0831,700.718,2.30404,0.391067
16080000,0,-16.4895,699.744,4.02842,0.437
16100000,0,-16.6656,699.079,1.62224,0.4392
16120000,0,-16.6984,698.537,0.061201,0.38
16140000,0,-16.3699,698.358,1.39053,0.392
16160000,0,-16.3061,699.76,2.68628,0.334
16180000,1,-32.1936,714.102,1.99553,0.494
16200000,3,-50.9574,711.993,5.103,0.557
16220000,0,-16.4128,697.644,1.69346,0.332
16240000,0,-16.5715,695.198,0.508617,0.378
16260000,0,-16.6111,698.923,2.27633,0.424059
16280000,2,-36.9459,703.458,1.08084,0.541
16300000,0,-16.2124,698.845,0.446396,0.349
16320000,0,-16.1918,698.435,0.343245,0.322
16340000,0,-16.3929,699.45,0.180619,0.411714
16360000,0,-16.3865,699.951,0.963153,0.41425
16380000,1,-31.1551,713.523,2.52747,0.525
16400000,2,-37.4017,707.192,5.09093,0.533875
16420000,0,-16.2729,698.596,1.1818,0.363
16440000,2,-37.6879,709.518,5.19514,0.507667
16460000,1,-32.3884,713.567,3.75837,0.494
16480000,1,-28.8337,697.733,2.93817,0.47
16500000,8,-109.638,722.584,7.99342,0.5616
16520000,1,-31.4687,714.44,0.661316,0.538375
16540000,2,-42.2098,713.468,10.8295,0.51425
16560000,2,-38.7176,700.223,1.89571,0.387
16580000,0,-16.3861,698.038,0.48964,0.426667
16600000,1,-27.3232,712.407,1.47757,0.528
16620000,2,-40.3738,711.205,1.80733,0.513
16640000,1,-27.0531,700.108,2.74915,0.43075
16660000,0,-16.9669,695.271,3.40786,0.359
16680000,3,-52.06,715.119,2.76951,0.5675
16700000,1,-31.2007,713.051,2.02292,0.504
16720000,1,-28.6338,710.427,1.16061,0.536
16740000,1,-32.1931,716.175,0.129037,0.538071
16760000,2,-41.4486,713.05,1.14556,0.5834
16780000,1,-29.2871,708.946,0.566543,0.5184
16800000,1,-26.4528,702.988,2.258,0.427
16820000,0,-16.5997,697.416,2.03375,0.463
16840000,0,-16.3008,700.004,0.633158,0.336
16860000,2,-37.415,705.933,2.45471,0.558
16880000,2,-40.6898,716.911,8.26367,0.574
16900000,1,-30.7995,714.024,4.22782,0.4715
16920000,1,-28.6184,710.44,2.70895,0.5246
16940000,2,-39.0848,716.156,1.26016,0.551
16960000,1,-26.0537,702.334,1.53886,0.435
16980000,1,-29.0856,710.795,0.974613,0.506
17000000,1,-34.012,715.21,1.7546,0.487
17020000,2,-40.7341,713.602,2.55556,0.53575
17040000,1,-29.9788,708.895,2.74532,0.59
17060000,1,-28.6893,705.729,3.8418,0.5135
17080000,1,-29.1603,713.387,1.135,0.493
17100000,1,-28.0488,710.961,2.08955,0.496
17120000,0,-16.415,694.591,0.422331,0.348
17140000,2,-39.288,715.324,1.64405,0.596667
17160000,0,-16.2549,698.608,0.729623,0.595
17180000,1,-26.935,707.401,10.8872,0.52
17200000,0,-16.1199,697.668,1.34944,0.479
17220000,2,-41.0402,712.717,2.07746,0.542467
17240000,3,-48.1141,707.784,8.43796,0.578
17260000,2,-42.7104,711.284,2.96887,0.468
17280000,1,-28.4385,708.277,5.76122,0.492
17300000,4,-57.7796,710.34,5.5058,0.607
17320000,2,-42.7795,725.412,4.47652,0.512833
17340000,0,-16.2498,698.179,0.559308,0.418
17360000,0,-16.3004,696.487,0.0977957,0.429
17380000,1,-35.6522,711.733,2.31507,0.4635
17400000,2,-37.7549,705.508,0.399353,0.585
17420000,0,-16.9965,698.066,1.34729,0.3956
17440000,0,-16.7289,697.2,0.718189,0.46
17460000,0,-16.4216,696.456,0.49749,0.327
17480000,0,-16.42,699.237,1.37227,0.354
17500000,0,-16.4122,699.829,0.441235,0.341
17520000,3,-49.3972,705.237,2.61054,0.408333
17540000,0,-17.1425,696.655,0.039681,0.3675
17560000,0,-16.7677,699.281,0.688817,0.344
17580000,0,-15.9123,693.09,0.264457,0.412
17600000,0,-16.384,698.732,0.888463,0.399
17620000,1,-27.2065,697.891,0.943386,0.392
17640000,0,-16.9256,698.094,0.65471,0.345
17660000,0,-16.8847,694.727,0.0471047,0.4255
17680000,3,-54.7234,716.567,5.14243,0.566
17700000,0,-16.1797,697.285,0.758214,0.411833
17720000,1,-27.7372,704.86,0.319406,0.546
17740000,2,-40.0331,708.363,2.17976,0.548105
17760000,1,-28.2802,711.743,0.836406,0.59
17780000,3,-48.6449,710.765,2.91703,0.501
17800000,2,-39.4212,713.201,2.68202,0.489
17820000,3,-46.9212,710.661,2.49324,0.537
17840000,2,-37.088,699.438,2.80979,0.416
17860000,0,-15.9441,698.168,0.139372,0.428545
17880000,2,-38.5691,713.461,2.08528,0.516
17900000,0,-16.2485,699.301,0.863586,0.46
17920000,1,-28.817,713.232,2.62727,0.496
17940000,0,-16.4963,699.81,1.34543,0.384
17960000,1,-27.9343,704.464,2.29298,0.528
17980000,2,-40.2632,709.336,2.67523,0.544125
18000000,2,-38.741,709.695,5.19604,0.597143
18020000,0,-16.4258,699.838,0.919745,0.39925
18040000,0,-16.4873,699.47,0.0367218,0.35
18060000,3,-53.4423,707.964,4.03874,0.561083
18080000,1,-28.7687,709.92,0.0317884,0.497
18100000,4,-55.3094,704.582,8.33747,0.607
18120000,0,-16.1991,699.581,0.35742,0.424
18140000,2,-38.5962,708.769,0.801813,0.534
18160000,0,-16.3371,699.158,1.05691,0.454
18180000,3,-49.8829,710.796,6.40896,0.6285
18200000,0,-16.3274,697.654,0.774136,0.348
18220000,2,-34.8397,698.149,2.13252,0.405
18240000,1,-26.292,706.71,1.12631,0.538385
18260000,5,-69.1967,708.856,5.94801,0.59
18280000,0,-16.1785,699.769,1.98946,0.421667
18300000,0,-16.4317,697.971,0.623497,0.421
18320000,1,-31.8381,714.485,0.584055,0.528
18340000,0,-16.7415,699.084,1.54417,0.589
18360000,0,-16.4313,699.627,0.388359,0.433222
18380000,0,-16.7312,695.762,1.83599,0.59
18400000,0,-16.2014,699.205,0.982857,0.406
18420000,2,-42.2372,713.188,5.42701,0.5665
18440000,1,-29.8108,707.323,2.30388,0.56
18460000,1,-31.0415,714.197,0.588737,0.481
18480000,0,-16.2356,697.056,0.343189,0.357667
18500000,1,-28.9689,713.765,1.23774,0.502
18520000,3,-50.9046,709.672,3.23169,0.526
18540000,0,-16.6212,699.611,0.966304,0.442
18560000,0,-16.2797,697.511,3.90803,0.412778
18580000,1,-26.2322,698.997,6.11651,0.473714
18600000,0,-16.0958,698.554,0.341607,0.442
18620000,2,-42.3536,709.251,3.51753,0.525
18640000,0,-16.2134,699.444,1.72967,0.365
18660000,1,-27.2776,698.586,0.710068,0.367
18680000,0,-16.2046,698.931,2.46601,0.343
18700000,1,-30.1232,712.364,0.601852,0.517478
18720000,0,-16.1093,698.956,0.475179,0.4405
18740000,0,-16.7013,698.859,0.165125,0.434625
18760000,1,-32.7004,715.388,2.2075,0.457
18780000,0,-16.191,699.735,2.48965,0.449
18800000,1,-28.6708,712.511,5.48801,0.502
18820000,1,-28.6018,713.908,0.89541,0.569
18840000,0,-16.9464,696.745,1.5836,0.36
18860000,1,-27.0019,698.162,2.02869,0.377889
18880000,4,-64.4221,695.684,7.77826,0.4878
18900000,1,-28.7335,709.096,1.27342,0.558143
18920000,0,-16.5751,699.996,0.749927,0.356
18940000,1,-28.9408,699.295,4.81307,0.505
18960000,0,-16.1696,697.302,0.00850368,0.425
18980000,0,-16.486,700.062,4.84165,0.397857
19000000,0,-16.0737,698.969,0.293241,0.434111
19020000,0,-16.2469,698.666,1.68079,0.312
19040000,0,-16.6637,699.09,0.0203141,0.5515
19060000,0,-16.5296,699.145,0.33977,0.381
19080000,0,-16.4249,698.544,0.721882,0.454
19100000,0,-16.2611,700.017,0.361821,0.40175
19120000,0,-16.5621,699.421,0.753874,0.389857
19140000,1,-27.0257,696.49,2.17727,0.410056
19160000,3,-47.6963,708.761,0.921149,0.532462
19180000,0,-16.8628,698.891,0.939742,0.41263
19200000,0,-16.3253,699.233,0.00161266,0.341
19220000,0,-16.5261,698.534,1.89595,0.367
19240000,0,-16.0193,697.694,1.48343,0.5004
19260000,0,-16.2996,699.869,0.304872,0.341
19280000,0,-16.2395,695.311,0.0417408,0.454
19300000,0,-15.993,697.97,1.02674,0.406
19320000,1,-25.9372,697.47,0.54,0.398
19340000,1,-26.3335,697.221,0.964217,0.3948
19360000,0,-16.0134,697.477,0.336898,0.401471
19380000,0,-16.3029,698.166,2.03947,0.363
19400000,1,-28.2709,699.773,0.569781,0.416636
19420000,0,-16.2421,697.321,0.358268,0.425
19440000,0,-16.5344,699.126,0.605798,0.425
19460000,3,-49.8159,712.723,2.94392,0.577
19480000,1,-27.8383,709.793,1.5591,0.582333
19500000,4,-66.6366,726.893,5.14777,0.494125
19520000,2,-36.071,700.822,4.28844,0.4233
19540000,0,-16.2293,699.183,0.236014,0.417636
19560000,0,-16.066,699.153,1.31889,0.425778
19580000,1,-25.8901,699.025,0.411776,0.3902
19600000,2,-39.4363,723.888,6.87832,0.522
19620000,0,-16.5042,698.661,0.0680138,0.369
19640000,5,-77.3489,725.068,3.52784,0.523
19660000,1,-29.9027,711.723,3.17131,0.533
19680000,2,-41.0795,708.543,5.10891,0.508571
19700000,2,-42.7992,716.136,4.87707,0.572667
19720000,2,-38.5802,711.149,4.38618,0.54775
19740000,1,-26.1335,706.674,1.96728,0.546
19760000,1,-30.2099,712.792,2.15413,0.475
19780000,1,-32.3164,713.347,0.770088,0.541333
19800000,1,-27.9459,711.756,0.817439,0.521
19820000,1,-30.8892,709.613,2.20978,0.53
19840000,3,-48.7737,713.352,1.74977,0.538
19860000,4,-61.4974,730.752,4.66319,0.53
19880000,1,-36.1422,712.594,3.43685,0.495
19900000,4,-63.9843,722.608,2.60319,0.507
19920000,2,-38.8156,710.249,3.64611,0.5385
19940000,2,-38.5522,713.213,1.48088,0.524333
19960000,1,-29.0344,713.734,2.24792,0.58
19980000,2,-37.6261,704.142,0.866913,0.619
20000000,2,-36.6063,696.622,3.86975,0.575
20020000,0,-17.0032,697.929,0.355521,0.4838
20040000,1,-27.0716,699.238,0.90319,0.395
20060000,0,-16.528,698.392,0.0610676,0.473
20080000,0,-16.5061,698.918,0.80051,0.393167
20100000,0,-16.4674,699.852,0.326076,0.411
20120000,0,-15.8952,696.881,0.0638,0.382
20140000,0,-16.4679,699.659,1.25383,0.372
20160000,2,-38.5591,694.848,1.71715,0.42025
20180000,0,-16.6916,698.971,0.288749,0.395889
20200000,0,-16.5143,699.927,0.458428,0.328
20220000,0,-16.4908,700.118,0.657506,0.378
20240000,3,-49.7614,708.309,5.99796,0.591
20260000,0,-16.4421,698.037,2.06869,0.333
20280000,1,-28.841,710.346,2.06394,0.516
20300000,1,-28.6513,698.25,2.81919,0.581
20320000,0,-16.5001,699.201,0.62615,0.351667
20340000,0,-15.9228,697.618,0.148965,0.53875
20360000,0,-16.4305,699.119,0.523395,0.356
20380000,1,-26.7844,709.725,3.06878,0.532
20400000,2,-40.729,705.731,7.71775,0.487
20420000,1,-32.1771,712.575,0.63246,0.504
20440000,0,-16.562,699.889,0.184586,0.478
20460000,1,-27.2716,708.922,4.06182,0.531
20480000,1,-33.9448,709.658,2.02031,0.428
20500000,2,-39.8314,713.905,0.351508,0.5555
20520000,3,-47.1107,704.622,3.77658,0.578
20540000,1,-28.935,710.87,0.54009,0.528
20560000,0,-16.7328,697.908,0.013968,0.391
20580000,0,-16.3468,699.598,2.0639,0.385
20600000,0,-16.2779,697.436,0.461716,0.333
20620000,0,-16.5761,698.674,0.469796,0.352
20640000,1,-34.0525,712.542,2.66103,0.474
20660000,0,-16.5333,699.893,0.83552,0.483
20680000,2,-41.8062,713.937,2.18022,0.527
20700000,0,-16.5383,699.015,1.67329,0.38
20720000,0,-16.0029,698.282,2.05059,0.3685
20740000,2,-40.6298,702.878,3.68112,0.589
20760000,1,-27.3929,711.906,1.49993,0.555
20780000,1,-26.2222,702.5,4.51685,0.385143
20800000,0,-16.3279,699.72,0.347539,0.375
20820000,0,-16.5699,699.335,2.52414,0.353
20840000,2,-37.4691,700.164,6.7092,0.424652
20860000,0,-16.3562,700.073,2.02089,0.4388
20880000,1,-26.0487,699.448,1.4903,0.436
20900000,0,-16.7956,697.128,0.501458,0.306
20920000,0,-16.1072,698.219,0.00370812,0.407
20940000,1,-26.9121,698.857,0.718654,0.371
20960000,0,-16.7961,698.271,0.342468,0.413
20980000,0,-16.4663,697.829,1.39519,0.381
21000000,0,-15.9982,697.358,0.885481,0.43625
21020000,0,-16.3049,699.299,0.368793,0.368
21040000,0,-16.2055,695.953,0.786916,0.32
21060000,1,-27.7101,695.606,2.57769,0.573
21080000,0,-16.4167,698.751,0.462485,0.363
21100000,1,-26.5737,703.687,1.63269,0.464667
21120000,1,-28.7241,701.084,3.23176,0.338
21140000,2,-35.4215,697.697,3.0194,0.507
21160000,0,-16.0449,698.479,0.673479,0.364
21180000,0,-16.1883,698.935,3.02547,0.422
21200000,0,-16.3552,699.871,0.431084,0.411
21220000,0,-16.0731,698.66,0.729888,0.355
21240000,2,-40.5345,700.347,2.49132,0.4322
21260000,1,-25.8596,698.002,1.73988,0.35
21280000,0,-16.0332,696.625,0.364876,0.541
21300000,1,-25.7073,701.379,0.850433,0.42
21320000,0,-16.3206,698.293,0.0416206,0.344
21340000,0,-16.2143,699.08,0.179549,0.452259
21360000,0,-16.4892,699.635,1.19316,0.385
21380000,1,-28.525,701.787,3.82818,0.383
21400000,0,-16.6682,698.685,0.470926,0.324
21420000,0,-16.624,699.92,0.499774,0.342
21440000,2,-38.6114,701.3,2.14849,0.663
21460000,2,-43.1898,701.932,1.88555,0.4118
21480000,1,-27.118,697.375,2.27895,0.512
21500000,0,-16.2019,698.469,1.70175,0.349667
21520000,0,-16.0576,698.885,4.24835,0.4255
21540000,0,-16.3873,698.139,0.859865,0.319
21560000,0,-16.2711,698.925,0.236943,0.3574
21580000,0,-16.2178,698.816,4.65447,0.412125
21600000,0,-16.3881,699.9,0.08746,0.44925
21620000,1,-25.5696,695.643,1.3185,0.40975
21640000,0,-16.4316,697.398,1.64221,0.367167
21660000,1,-29.5576,697.747,2.7519,0.408333
21680000,1,-26.6376,699.956,2.46907,0.426667
21700000,0,-16.4656,699.349,0.0836082,0.480444
21720000,0,-16.0841,697.197,1.36093,0.4
21740000,0,-16.0162,698.125,1.81767,0.361
21760000,0,-16.233,699.165,0.632995,0.479
21780000,0,-16.5857,697.778,0.221241,0.483889
21800000,0,-16.4255,699.355,2.16946,0.369
21820000,1,-26.4105,700.36,1.34513,0.4076
21840000,0,-16.9497,697.481,1.11265,0.4174
21860000,0,-16.5497,699.847,0.0371201,0.355
21880000,0,-16.4757,698.961,0.521504,0.4354
21900000,0,-16.3093,698.826,0.558173,0.346
21920000,0,-15.8818,695.702,0.257593,0.4295
21940000,0,-16.4353,697.844,0.554137,0.32
21960000,0,-16.8297,698.634,1.03364,0.5412
21980000,0,-16.5256,696.868,0.242032,0.39475
22000000,0,-16.3251,697.727,0.0366204,0.462
22020000,3,-47.2181,701.53,7.56131,0.621
22040000,0,-16.35,699.417,0.676048,0.366
22060000,0,-16.4866,695.763,2.31157,0.44
22080000,0,-16.3187,699.272,2.10631,0.449333
22100000,0,-16.8116,697.349,2.58581,0.397
22120000,0,-16.2513,698.704,4.23246,0.4481
22140000,0,-16.4423,697.997,3.50363,0.468111
22160000,0,-16.4758,697.137,0.484794,0.475
22180000,0,-16.355,698.903,1.71006,0.40225
22200000,0,-16.0911,692.699,0.0849897,0.437
22220000,0,-16.2291,698.841,0.0927864,0.414
22240000,1,-25.5128,704.2,5.26291,0.4015
22260000,2,-39.8048,714.023,2.27994,0.505
22280000,0,-16.7845,698.643,0.335125,0.4785
22300000,0,-16.2614,699.833,2.15892,0.384
22320000,0,-16.154,697.263,0.327313,0.3925
22340000,1,-29.0626,698.147,1.5289,0.346
22360000,2,-36.135,706.102,2.39812,0.56
22380000,0,-16.3912,698.642,0.875721,0.392
22400000,0,-16.625,698.654,2.90702,0.487
22420000,2,-42.9076,709.557,3.74804,0.508
22440000,1,-27.6784,698.775,0.336104,0.35875
22460000,0,-16.782,698.621,0.1215,0.3735
22480000,0,-16.25,700.125,0.728429,0.388
22500000,0,-16.4778,697.415,2.18424,0.424
22520000,5,-75.0477,719.693,7.53247,0.545
22540000,1,-25.87,699.893,1.05941,0.357
22560000,1,-26.705,698.966,0.962781,0.531
22580000,0,-16.5383,697.774,1.30123,0.377
22600000,0,-16.3275,697.59,0.126386,0.37
22620000,2,-38.8273,700.413,3.14113,0.4344
22640000,0,-16.5855,700.019,3.59191,0.437
22660000,0,-16.3227,697.589,0.512008,0.354
22680000,2,-35.1159,700.911,1.82424,0.566
22700000,2,-38.0488,698.483,4.85024,0.3895
22720000,0,-16.2018,698.808,0.241779,0.401667
22740000,1,-26.4519,701.872,0.953895,0.4085
22760000,1,-28.975,699.428,4.54125,0.545833
22780000,0,-16.0699,699.197,0.743832,0.413947
22800000,0,-16.7516,698.677,1.50503,0.383083
22820000,0,-16.0767,696.268,2.19405,0.341
22840000,2,-38.6226,708.73,1.11073,0.528
22860000,0,-16.2934,697.36,0.144074,0.409
22880000,2,-35.2543,700.23,2.30754,0.422
22900000,1,-25.191,701.751,1.96679,0.376
22920000,0,-16.5049,699.737,0.806218,0.376
22940000,0,-16.351,700.13,0.386525,0.353
22960000,0,-16.7344,698.447,0.0113014,0.364
22980000,0,-16.4495,699.122,0.342861,0.3845
23000000,0,-16.4231,699.075,0.146697,0.4045
23020000,0,-16.0791,696.629,0.212185,0.335
23040000,1,-26.0002,697.501,2.62024,0.357
23060000,2,-37.5146,701.851,1.54075,0.412
23080000,0,-16.2544,696.545,0.883548,0.403
23100000,0,-16.5661,698.914,0.393579,0.424667
23120000,0,-16.5288,699.959,0.0558263,0.45025
23140000,1,-27.2328,697.745,0.320387,0.54
23160000,0,-16.5713,698.878,1.03435,0.381
23180000,1,-29.8629,713.155,0.789916,0.553294
23200000,1,-30.9581,704.963,4.47366,0.569375
23220000,0,-16.2242,698.217,0.965578,0.4318
23240000,0,-16.7298,698.843,0.271793,0.378
23260000,0,-16.5591,699.399,1.14498,0.401143
23280000,0,-16.3459,700.262,1.11217,0.443333
23300000,0,-16.5879,696.879,0.569554,0.411333
23320000,0,-16.5152,698.036,0.272493,0.450364
23340000,1,-25.3179,697.503,1.73265,0.406
23360000,0,-16.1757,697.928,0.407481,0.591
23380000,0,-16.3681,700.026,0.0978424,0.367
23400000,1,-27.5373,697.736,1.31554,0.412
23420000,1,-25.6992,698.354,3.44031,0.485
23440000,2,-38.4433,702.137,2.41456,0.585
23460000,1,-25.7639,697.134,4.96695,0.421
23480000,0,-16.4157,698.833,0.0626797,0.373
23500000,0,-16.1313,698.634,1.79331,0.5275
23520000,0,-16.1946,699.232,1.69913,0.489
23540000,0,-16.1891,698.551,0.102525,0.591
23560000,0,-16.447,699.408,0.707343,0.338
23580000,0,-16.4574,698.689,0.61661,0.49
23600000,0,-16.2353,699.068,1.21285,0.53
23620000,0,-16.4628,699.983,0.534342,0.3795
23640000,0,-16.1736,698.204,0.00723811,0.4
23660000,0,-16.5537,698.399,0.726898,0.375
23680000,0,-16.0664,698.255,1.38466,0.373
23700000,0,-16.365,698.372,1.45419,0.481
23720000,2,-38.3395,712.908,1.2871,0.564714
23740000,0,-16.3329,699.129,0.531482,0.393
23760000,2,-39.7676,717.14,3.32028,0.531882
23780000,1,-28.9002,712.044,2.47161,0.469
23800000,0,-16.3927,698.307,2.35018,0.416
23820000,3,-52.6965,710.041,4.16681,0.612
23840000,0,-16.2039,699.794,1.21203,0.343
23860000,1,-28.4821,710.051,4.63225,0.443
23880000,4,-57.3042,713.303,4.78507,0.579
23900000,0,-16.684,699.31,0.48424,0.38275
23920000,0,-16.3661,698.131,0.264304,0.354
23940000,2,-39.2557,721.413,2.96857,0.494
23960000,0,-16.3361,697.855,0.0852938,0.402062
23980000,1,-29.3207,702.812,0.943786,0.453
24000000,1,-28.841,704.114,1.08123,0.373
24020000,2,-39.1046,712.149,3.04162,0.551
24040000,0,-16.4645,700.221,1.9161,0.376
24060000,0,-16.3493,697.643,0.510834,0.428
24080000,0,-16.8221,698.253,1.54302,0.481
24100000,0,-16.23,699.432,1.78514,0.371
24120000,0,-16.3981,700.175,0.0613652,0.441
24140000,0,-16.5892,697.577,1.53771,0.428333
24160000,4,-59.0898,719.208,7.08362,0.588
24180000,1,-28.0078,702.068,2.97044,0.377
24200000,0,-16.6041,694.91,0.12001,0.40675
24220000,0,-16.2155,697.963,1.45783,0.375167
24240000,0,-16.6289,698.724,1.12047,0.4338
24260000,0,-16.3853,698.224,0.100144,0.376
24280000,1,-26.0472,702.729,4.14575,0.4472
24300000,1,-25.974,700.142,8.42828,0.46
24320000,0,-16.5364,698.189,0.601298,0.3725
24340000,3,-50.5322,713.386,3.66308,0.477714
24360000,0,-16.4648,699.054,0.485279,0.392571
24380000,0,-16.3676,698.901,0.270305,0.4025
24400000,0,-16.3193,696.473,0.180982,0.406
24420000,0,-16.1735,698.78,0.811434,0.493
24440000,1,-28.4112,706.267,1.49152,0.488588
24460000,0,-16.2311,698.424,0.216266,0.345
24480000,0,-16.6029,699.833,1.54446,0.334
24500000,0,-16.1115,698.955,1.91879,0.357
24520000,0,-16.3366,698.623,1.30135,0.37
24540000,0,-16.5185,699.642,0.829487,0.483
24560000,0,-16.3543,699.709,0.323706,0.529
24580000,0,-16.1704,699.288,1.05113,0.449682
24600000,1,-30.0605,712.823,1.32608,0.558
24620000,0,-16.4278,698.637,1.73668,0.441
24640000,1,-30.1242,697.26,2.04257,0.3605
24660000,0,-16.244,697.791,0.0322732,0.394375
24680000,3,-49.8796,708.289,2.55772,0.5286
24700000,0,-16.1685,698.028,0.477145,0.411333
24720000,0,-16.6148,699.265,1.52255,0.389
24740000,0,-16.1616,698.684,0.841423,0.385
24760000,1,-26.7305,707.528,5.13786,0.534
24780000,0,-16.9715,697.494,0.394651,0.363
24800000,0,-16.3968,700.152,0.0256917,0.47
24820000,1,-25.8671,697.709,1.55315,0.383
24840000,1,-26.204,698.612,1.23857,0.411
24860000,0,-16.1123,698.598,0.63387,0.381
24880000,0,-16.3195,698.94,0.109229,0.468
24900000,2,-38.216,709.727,2.20296,0.551188
24920000,1,-25.6242,697.926,0.632937,0.39625
24940000,2,-35.6763,702.816,8.50104,0.584
24960000,0,-16.1966,697.134,4.53586,0.418
24980000,1,-27.9979,709.197,4.21723,0.535
25000000,0,-16.7389,698.826,0.769407,0.368
25020000,0,-16.2887,699.929,0.377693,0.3665
25040000,0,-16.4665,698.872,0.192456,0.495
25060000,0,-16.149,699.661,1.39488,0.415167
25080000,0,-16.4455,696.537,0.230316,0.393
25100000,1,-25.1797,696.843,1.15176,0.609
25120000,0,-16.2312,699.248,1.47137,0.349
25140000,0,-16.197,697.483,2.03486,0.618
25160000,0,-16.8337,698.295,0.390802,0.422
25180000,0,-16.4705,697.834,0.156932,0.44
25200000,0,-16.0732,698.375,1.18437,0.377
25220000,0,-16.6471,699.278,0.508542,0.365
25240000,0,-16.704,699.081,0.281629,0.335
25260000,1,-27.6646,698.396,3.23836,0.359
25280000,0,-16.9302,698.243,0.933778,0.476429
25300000,0,-16.4608,700.036,0.760898,0.352333
25320000,0,-16.1648,697.203,1.6267,0.43425
25340000,0,-16.253,698.738,0.578054,0.52
25360000,1,-26.2517,702.88,3.16071,0.370167
25380000,0,-16.0806,697.989,0.0978522,0.360636
25400000,1,-26.2372,702.049,2.13885,0.525
25420000,0,-16.2647,698.293,2.10084,0.4502
25440000,1,-26.5698,698.875,2.89291,0.405
25460000,0,-16.7714,699.073,3.06703,0.355
25480000,1,-25.4267,696.544,1.36192,0.44
25500000,0,-16.3978,700.01,0.566686,0.343
25520000,0,-16.2963,699.67,0.907578,0.389667
25540000,0,-16.3407,697.407,0.0893222,0.335
25560000,0,-16.6137,698.281,1.63278,0.347
25580000,1,-28.6603,693.447,1.1285,0.456
25600000,0,-16.9232,698.046,1.84753,0.469
25620000,0,-16.5863,699.539,2.30579,0.434
25640000,2,-36.3809,701.005,6.84075,0.47525
25660000,1,-26.4586,701.842,0.786584,0.40025
25680000,0,-16.3485,699.429,0.621595,0.403
25700000,0,-16.0941,698.217,0.771965,0.344
25720000,1,-26.9346,697.47,1.9338,0.404
25740000,0,-16.3578,699.868,1.62045,0.357
25760000,3,-48.8009,699.724,2.17791,0.445
25780000,0,-16.2943,698.669,1.29421,0.426
25800000,0,-16.5811,699.617,1.17834,0.335
25820000,1,-26.3007,706.64,0.828389,0.521
25840000,2,-38.0229,713.165,2.50613,0.546
25860000,0,-16.4258,697.663,0.849481,0.388
25880000,2,-37.8757,720.826,4.78211,0.489
25900000,5,-66.1598,721.429,10.6266,0.484
25920000,2,-40.5962,705.699,3.4537,0.609
25940000,1,-26.5643,696.898,1.7009,0.38
25960000,0,-15.964,698.339,0.82881,0.3655
25980000,0,-16.5534,698.784,0.205665,0.328
26000000,0,-16.2572,694.027,0.1025,0.333
26020000,0,-16.2533,699.851,0.725193,0.438786
26040000,0,-16.1565,699.362,3.42289,0.426
26060000,3,-52.3305,724.829,2.75376,0.554
26080000,0,-16.0747,697.214,0.298293,0.441
26100000,5,-75.1797,732.816,4.06484,0.4948
26120000,2,-40.5888,700.908,4.27775,0.556
26140000,0,-16.6175,699.969,0.824253,0.543
26160000,1,-26.7173,701.486,1.57833,0.428571
26180000,0,-16.4528,698.374,0.0602159,0.364667
26200000,0,-16.3188,700.084,2.02875,0.436
26220000,0,-16.4643,696.986,1.04544,0.358
26240000,0,-16.4763,698.772,0.894337,0.378
26260000,0,-16.6933,698.308,0.0434666,0.3785
26280000,1,-29.1325,713.584,0.590962,0.5235
26300000,0,-16.2509,697.91,0.51889,0.394333
26320000,0,-16.0441,695.84,1.15612,0.341
26340000,1,-30.7292,712.976,1.95609,0.455
26360000,1,-27.4,698.185,0.294906,0.446
26380000,0,-16.6427,697.269,2.07448,0.365727
26400000,0,-16.4341,699.822,0.928489,0.453
26420000,1,-28.2352,701.801,3.44634,0.424
26440000,0,-16.6955,696.837,0.0030533,0.355
26460000,1,-26.3901,703.886,3.50075,0.482333
26480000,0,-16.2876,698.735,0.102753,0.365
26500000,0,-16.3708,697.801,0.110311,0.426385
26520000,0,-16.2813,696.726,0.315801,0.355
26540000,0,-16.9344,697.307,0.0894663,0.461
26560000,0,-16.3154,699.651,0.59108,0.394
26580000,3,-53.3524,705.474,1.83446,0.52125
26600000,0,-16.6445,698.519,0.00950356,0.355143
26620000,0,-16.1486,697.131,0.0102044,0.366
26640000,0,-16.1746,699.153,0.0980821,0.351
26660000,1,-26.0324,699.493,2.51568,0.648
26680000,1,-27.2674,709.049,2.60722,0.58
26700000,1,-28.8396,712.72,1.09114,0.521778
26720000,2,-40.5482,720.22,4.57338,0.513
26740000,2,-36.7302,711.055,3.79769,0.543
26760000,3,-48.9302,716.543,5.00267,0.5145
26780000,2,-38.9577,712.838,5.06757,0.522
26800000,2,-37.6914,715.325,0.697474,0.515
26820000,0,-16.731,699.095,0.588813,0.377
26840000,1,-25.9435,698.99,3.1481,0.389
26860000,1,-29.7945,711.182,2.62622,0.503
26880000,2,-38.4068,712.832,4.47298,0.529
26900000,1,-25.1622,700.634,2.39927,0.443714
26920000,3,-53.8276,715.467,3.11736,0.546
26940000,2,-36.7565,706.843,0.887994,0.594
26960000,1,-28.0109,699.136,2.70694,0.333
26980000,1,-28.8663,711.296,1.94023,0.583
27000000,1,-27.8222,699.767,1.00416,0.393
27020000,1,-29.7945,710.753,0.473325,0.535
27040000,0,-16.2415,696.081,0.749436,0.354
27060000,4,-61.412,725.469,5.20934,0.513
27080000,0,-16.3871,698.626,1.87621,0.334
27100000,0,-16.0646,698.831,7.05854e-06,0.431667
27120000,0,-16.498,698.395,0.646004,0.3725
27140000,0,-16.4313,699.803,0.881703,0.417
27160000,0,-16.7739,696.613,0.214656,0.397
27180000,1,-28.1581,712.77,6.06262,0.587
27200000,2,-37.441,709.39,3.55933,0.51765
27220000,1,-28.3238,711.782,2.36683,0.545
27240000,1,-28.8709,711.177,1.72771,0.489
27260000,0,-16.162,697.727,0.303799,0.407077
27280000,0,-17.01,697.617,2.90575,0.334
27300000,4,-59.4069,708.188,3.21578,0.549667
27320000,0,-16.6168,698.809,0.52916,0.37
27340000,3,-51.7498,713.181,3.67449,0.549
27360000,2,-44.2294,714.507,4.01169,0.5405
27380000,1,-28.2828,712.091,3.30624,0.536
27400000,0,-16.0783,699.029,1.09928,0.5285
27420000,0,-16.2807,698.836,0.138517,0.339
27440000,0,-16.8703,696.369,1.79823,0.451667
27460000,0,-15.9567,697.758,0.703525,0.3795
27480000,1,-25.8386,697.902,2.36586,0.314
27500000,1,-27.7797,712.316,6.4087,0.5305
27520000,0,-16.3375,699.943,1.19854,0.421
27540000,2,-40.2055,712.786,1.22262,0.542533
27560000,1,-27.7389,710.39,3.5087,0.441
27580000,0,-16.2576,699.568,1.69951,0.358
27600000,2,-38.2399,704.695,2.10434,0.53775
27620000,3,-50.7592,704.91,3.36408,0.552
27640000,2,-44.3481,709.607,1.56981,0.5547
27660000,0,-17.0466,697.14,2.86072,0.368
27680000,2,-41.7012,719.931,3.58632,0.432
27700000,4,-61.7114,729.44,6.38987,0.514
27720000,2,-41.6456,725.895,2.16514,0.463
27740000,0,-16.4122,699.549,0.467117,0.441526
27760000,0,-15.9584,697.976,1.08937,0.479
27780000,0,-16.4341,699.671,0.207027,0.3535
27800000,0,-16.6484,699.654,0.885663,0.344
27820000,1,-28.4875,707.532,1.77432,0.544583
27840000,0,-16.2492,697.014,0.444018,0.5125
27860000,0,-16.2386,698.891,0.262121,0.417222
27880000,1,-26.4259,698.085,1.2329,0.651
27900000,1,-25.6703,698.162,0.765899,0.381
27920000,0,-16.6191,699.843,0.756917,0.440143
27940000,0,-16.3083,698.296,0.166156,0.359
27960000,0,-16.4847,697.856,1.40379,0.356
27980000,0,-16.2163,697.606,0.933473,0.423667
28000000,0,-16.5714,696.466,0.413795,0.441
28020000,0,-16.5731,698.433,2.12741,0.423
28040000,0,-16.2452,698.724,2.00275,0.444222
28060000,0,-16.3265,698.382,0.432914,0.3768
28080000,0,-16.5633,698.729,1.3584,0.367
28100000,0,-16.9335,696.709,0.0274709,0.425667
28120000,0,-16.4053,699.94,2.97364,0.333
28140000,0,-16.8628,696.869,0.985541,0.323
28160000,1,-25.8405,699.522,1.14686,0.39
28180000,0,-16.671,698.57,0.707504,0.351
28200000,0,-16.4596,699.89,1.10988,0.343
28220000,1,-29.7065,702.11,0.401678,0.37935
28240000,0,-16.4822,696.92,1.53353,0.524
28260000,0,-16.1083,699.15,0.57858,0.358
28280000,1,-26.494,704.06,2.148,0.539
28300000,3,-50.1069,698.67,6.75075,0.622
28320000,0,-16.4691,699.582,3.87961,0.366
28340000,0,-16.4997,696.964,0.926914,0.356
28360000,0,-16.1178,698.996,0.548915,0.505
28380000,0,-16.2924,699.049,0.329067,0.38975
28400000,0,-16.3289,699.386,1.63692,0.3955
28420000,0,-16.2607,699.864,0.197116,0.426
28440000,1,-26.0359,700.049,2.50609,0.388133
28460000,0,-16.2209,698.938,0.242742,0.388333
28480000,0,-16.3887,698.928,0.700912,0.47625
28500000,0,-16.6449,699.538,4.17121,0.433
28520000,0,-16.4564,698.92,1.888,0.594
28540000,0,-16.4707,699.002,1.71208,0.44
28560000,1,-28.2897,694.565,0.636601,0.366
28580000,0,-16.5237,699.985,1.08182,0.521
28600000,0,-16.187,698.273,1.24859,0.420333
28620000,2,-37.2181,711.831,2.1613,0.541828
28640000,1,-30.8069,714.827,2.13964,0.532
28660000,0,-16.6513,698.265,0.242152,0.372
28680000,2,-37.0183,702.568,7.41573,0.362
28700000,1,-31.1224,714.348,0.877546,0.532
28720000,0,-16.0774,698.153,0.486506,0.306
28740000,1,-33.0248,715.178,1.11963,0.498
28760000,1,-28.822,709.293,0.676684,0.516857
28780000,0,-16.0623,698.086,3.39456,0.347
28800000,0,-16.2268,698.269,1.30158,0.408
28820000,0,-16.5885,699.42,0.194353,0.409462
28840000,1,-28.5685,699.01,0.817381,0.344
28860000,1,-28.0894,696.751,0.684338,0.405
28880000,0,-16.5679,698.287,4.59132,0.395
28900000,0,-16.3646,700.173,1.35727,0.538
28920000,0,-16.4401,699.912,1.24483,0.324
28940000,2,-40.7525,713.534,3.72592,0.576
28960000,0,-16.7573,698.562,0.887092,0.375
28980000,0,-16.1956,698.483,0.142099,0.4225
29000000,1,-30.4883,713.176,2.15318,0.542
29020000,0,-16.5725,699.491,0.204345,0.390273
29040000,1,-28.7059,696.909,0.663112,0.636
29060000,0,-16.359,699.663,0.327392,0.438455
29080000,0,-16.135,699.217,4.32738,0.525
29100000,2,-38.6799,720.302,2.50848,0.539
29120000,0,-16.2453,698.194,0.237613,0.410833
29140000,0,-16.3788,699.705,0.51802,0.33
29160000,0,-16.6919,699.348,0.716768,0.40625
29180000,0,-16.5129,696.422,1.17187,0.43625
29200000,1,-29.7272,713.164,0.547584,0.519
29220000,0,-16.0765,698.479,0.00790386,0.4228
29240000,0,-16.4613,697.966,0.866056,0.341
29260000,0,-16.4426,699.547,0.141009,0.402667
29280000,3,-49.4687,719.294,1.22522,0.557538
29300000,0,-16.3861,699.766,2.54794,0.375
29320000,1,-30.0191,714.302,3.51318,0.563425
29340000,2,-37.1661,703.662,1.06017,0.539
29360000,0,-16.9425,697.308,3.6723,0.377
29380000,0,-15.9489,697.596,0.397249,0.399917
29400000,1,-30.8139,712.859,3.02163,0.498333
29420000,0,-16.8022,697.293,4.03814,0.3954
29440000,1,-25.4801,697.075,3.41107,0.342
29460000,0,-16.3453,699.416,0.234052,0.33
29480000,0,-16.1054,697.049,0.376015,0.405
29500000,0,-16.6073,698.055,0.0546229,0.569
29520000,0,-16.1646,699.082,0.941874,0.417625
29540000,0,-16.384,699.536,1.41884,0.39275
29560000,0,-16.067,699.036,0.135124,0.363
29580000,0,-16.5904,699.899,2.16509,0.407
29600000,0,-16.3132,700.259,0.0735448,0.398
29620000,1,-25.9346,701.419,0.621724,0.426
29640000,0,-16.231,698.937,0.747225,0.322
29660000,1,-27.6413,711.551,6.04696,0.46
29680000,0,-16.6508,699.346,0.92551,0.381
29700000,0,-16.3436,698.471,5.56412,0.345667
29720000,0,-16.3099,699.646,0.20871,0.4245
29740000,0,-16.6632,698.47,2.9286,0.34
29760000,0,-16.1608,699.21,0.761577,0.328
29780000,0,-16.3396,697.332,1.14695,0.376
29800000,0,-16.465,699.799,1.29638,0.375
29820000,0,-16.8608,698.31,0.278071,0.567
29840000,0,-16.8088,695.948,2.48732,0.401125
29860000,1,-26.2692,702.923,0.943992,0.5268
29880000,0,-16.4078,699.471,2.88152,0.4025
29900000,1,-27.1783,707.44,3.63198,0.496
29920000,3,-47.6465,708.154,4.66836,0.604
29940000,0,-16.2768,698.632,0.0956923,0.335
29960000,0,-16.279,698.981,0.110262,0.349
29980000,0,-16.5745,699.612,1.02671,0.294
