generation,N_shifts,logPrior,logLik,eventRate,acceptRate
0,0,-15.7,-9269.27,236.083,1
20000,2,-38.0541,1307.12,2.53567,0.557
40000,2,-43.7186,1319.97,2.18052,0.499
60000,4,-59.6765,1353.34,3.34187,0.452
80000,4,-62.8007,1364.39,2.666,0.5075
100000,6,-86.231,1346.47,6.58693,0.528
120000,6,-84.5308,1334.35,6.41422,0.537
140000,4,-59.2209,1333.84,3.35626,0.516
160000,10,-120.726,1392.58,15.7803,0.486444
180000,9,-117.63,1413.29,9.31039,0.487
200000,9,-120.328,1428.33,7.19463,0.444
220000,7,-92.903,1374.91,5.34129,0.553692
240000,4,-63.7815,1364.64,9.37344,0.54275
260000,11,-131.209,1422.25,14.7721,0.557
280000,8,-104.728,1364.26,4.46878,0.531
300000,12,-147.192,1456.22,18.7476,0.513
320000,10,-125.761,1454.6,15.8659,0.517
340000,5,-75.356,1373.45,5.19687,0.50288
360000,14,-166.424,1437.31,6.74869,0.505
380000,12,-146.826,1440.22,12.7799,0.49
400000,10,-125.499,1433.01,15.0627,0.524
420000,14,-174.224,1456.29,10.1171,0.521
440000,14,-162.776,1456.9,16.5391,0.533
460000,12,-147.002,1440.56,15.7772,0.497
480000,7,-98.0972,1409.29,7.65165,0.471857
500000,8,-108.476,1414.65,6.74422,0.523727
520000,8,-104.004,1417.02,13.3134,0.511
540000,15,-186.549,1425.94,16.0317,0.535
560000,12,-147.643,1435.73,13.6606,0.502
580000,15,-182.574,1456.75,21.4033,0.483143
600000,9,-114.889,1421.86,6.73874,0.498
620000,13,-162.226,1426.29,13.0203,0.545
640000,15,-177.043,1457.88,17.3687,0.4934
660000,12,-145.281,1455.25,16.5848,0.488
680000,13,-155.243,1459.39,6.72737,0.473
700000,14,-164.538,1429.13,17.696,0.549333
720000,16,-186.503,1448.19,25.7187,0.529
740000,12,-144.587,1456.24,8.88691,0.435
760000,16,-193.305,1429.4,15.781,0.573
780000,18,-221.871,1465.7,25.8239,0.533667
800000,15,-184.547,1467.29,14.3042,0.525667
820000,10,-131.449,1407.47,13.246,0.533941
840000,8,-100.811,1400.81,9.70787,0.561
860000,14,-171.212,1453.84,18.0943,0.523
880000,11,-137.677,1430.82,15.1052,0.542
900000,13,-162.467,1401.56,12.0844,0.533333
920000,10,-129.776,1410.24,11.8784,0.549833
940000,9,-119.04,1419.97,7.36924,0.5265
960000,15,-183.746,1468.7,13.7903,0.497
980000,16,-193.121,1439.96,22.27,0.468
1000000,10,-124.063,1413.83,9.97941,0.529
1020000,10,-129.597,1405.88,10.2548,0.499
1040000,14,-167.92,1474.57,15.7266,0.494
1060000,17,-203.62,1462.39,21.2179,0.521286
1080000,15,-181.214,1475.51,19.559,0.468714
1100000,21,-254.298,1470.86,23.99,0.502
1120000,12,-146.771,1465.51,13.396,0.446
1140000,16,-189.214,1448.64,12.8954,0.551
1160000,16,-183.931,1472.92,16.1801,0.496
1180000,15,-181.087,1463.88,21.9513,0.505
1200000,6,-82.2151,1397.29,7.60768,0.559
1220000,10,-124.567,1429.8,6.94966,0.52
1240000,12,-147.777,1428.05,14.121,0.505
1260000,15,-175.191,1488.75,15.7286,0.456
1280000,8,-103.143,1447.06,7.42701,0.472
1300000,16,-184.2,1475.76,17.9943,0.494
1320000,11,-136.998,1442.44,9.81264,0.444667
1340000,16,-190.445,1458.23,9.67968,0.53425
1360000,20,-234.16,1478.08,17.7746,0.498909
1380000,17,-206.229,1488.9,16.8009,0.5105
1400000,12,-146.228,1454.57,18.513,0.522133
1420000,12,-154.454,1421.34,18.3092,0.54
1440000,16,-187.588,1476.27,18.2467,0.518
1460000,11,-144.609,1461.77,13.5387,0.5
1480000,12,-145.257,1460.14,5.73678,0.483
1500000,11,-137.226,1459.74,10.3906,0.491
1520000,13,-161.074,1427.59,17.0133,0.523538
1540000,15,-176.069,1458.57,12.9037,0.5165
1560000,15,-171.466,1465.18,15.2164,0.512
1580000,15,-185.626,1465.26,17.2923,0.534
1600000,16,-186.949,1461.03,17.6671,0.5297
1620000,15,-183.288,1462.06,14.3886,0.485
1640000,17,-197.278,1461.43,22.5726,0.538
1660000,16,-195.706,1461.94,13.1012,0.483
1680000,13,-160.397,1472.33,10.494,0.5
1700000,14,-165.737,1466.38,13.478,0.514
1720000,10,-124.149,1434.7,10.6118,0.494
1740000,10,-126.218,1413.41,12.6124,0.519
1760000,11,-140.709,1410.72,9.63034,0.4866
1780000,21,-241.331,1477.56,23.2149,0.561833
1800000,12,-148.76,1427.31,10.0235,0.478
1820000,13,-156.996,1414.71,7.6066,0.525
1840000,15,-176.472,1479.23,9.46135,0.489
1860000,10,-120.927,1423.78,6.20106,0.467
1880000,10,-121.74,1427.38,4.47283,0.507
1900000,13,-156.142,1469.33,11.0606,0.484
1920000,15,-182.414,1474.07,16.3541,0.4885
1940000,13,-165.354,1464.79,18.0408,0.5
1960000,16,-189.564,1432.53,23.4887,0.528714
1980000,14,-165.53,1436.5,15.3399,0.527
2000000,9,-121.554,1434.07,11.6999,0.463
2020000,12,-152.231,1462.23,16.4068,0.488
2040000,8,-108.385,1431.15,9.79258,0.492
2060000,10,-123.003,1428.03,7.68827,0.525
2080000,13,-166.056,1410.33,13.3828,0.509111
2100000,20,-237.08,1474.91,21.155,0.457
2120000,19,-225.628,1495.17,31.616,0.521875
2140000,13,-162.385,1485.09,11.2802,0.429
2160000,22,-252.878,1479.47,26.9371,0.532692
2180000,19,-225.862,1495.97,20.7739,0.501
2200000,11,-136.371,1451.35,8.059,0.482
2220000,12,-145.765,1454.92,11.0126,0.518154
2240000,12,-144.74,1440.25,22.2063,0.509
2260000,14,-166.411,1474.48,8.33683,0.473
2280000,18,-212.635,1478.34,12.7002,0.5255
2300000,16,-193.784,1494.84,19.873,0.502
2320000,13,-159.557,1468.88,15.4918,0.458
2340000,14,-174.698,1470.86,17.0214,0.496
2360000,21,-240.637,1488.16,30.6432,0.551
2380000,12,-141.138,1448.55,10.6242,0.486
2400000,14,-174.664,1449.53,9.1285,0.495
2420000,14,-173.036,1465.07,14.4529,0.479
2440000,16,-194.058,1461.89,18.7651,0.496
2460000,14,-164.127,1471.74,23.4068,0.436
2480000,22,-259.081,1481.87,22.3846,0.524
2500000,15,-173.119,1445.6,20.294,0.487
2520000,14,-164.184,1481.56,19.1016,0.488
2540000,11,-135.784,1449.78,9.61648,0.467
2560000,15,-175.239,1453.66,20.8075,0.506
2580000,15,-174.376,1496.12,16.2614,0.497
2600000,14,-167.732,1479.65,15.4344,0.465
2620000,19,-218.401,1480.7,17.7556,0.514037
2640000,15,-188.1,1482.52,17.896,0.521
2660000,14,-175.068,1486.28,27.0298,0.465286
2680000,17,-202.166,1467.96,20.2372,0.509333
2700000,14,-167.932,1492.7,13.6239,0.482
2720000,16,-189.678,1487.18,14.3788,0.506
2740000,19,-219.653,1465.52,12.3466,0.506
2760000,14,-168.433,1453.93,18.7238,0.532
2780000,14,-167.973,1463.13,12.2519,0.523
2800000,13,-152.528,1445.33,9.38737,0.474
2820000,13,-155.569,1484.81,14.1359,0.488
2840000,15,-177.869,1482.84,11.8282,0.464
2860000,14,-169.049,1459.43,18.1499,0.491556
2880000,17,-198.841,1472.17,18.3831,0.469
2900000,12,-152.234,1440.68,11.4906,0.49
2920000,16,-204.004,1482.8,15.632,0.499
2940000,14,-175.783,1470.59,11.584,0.5254
2960000,16,-190.828,1475.37,14.9713,0.524
2980000,15,-184.622,1469.73,12.8804,0.543
3000000,13,-159.801,1471.3,14.9179,0.444
3020000,19,-219.966,1467.45,18.1761,0.554
3040000,18,-217.104,1463.81,20.233,0.501833
3060000,14,-173.003,1449.78,15.4148,0.509632
3080000,12,-145.801,1458.29,6.14699,0.482
3100000,21,-244.643,1453.78,25.1739,0.53
3120000,17,-193.655,1464.95,13.3518,0.534
3140000,17,-202.527,1462.99,22.486,0.503
3160000,16,-184.531,1454.25,15.1093,0.52
3180000,12,-144.783,1456.41,10.5335,0.488
3200000,13,-161.607,1450.77,11.7612,0.455
3220000,14,-173.081,1465.63,15.3561,0.495
3240000,12,-146.99,1458.21,15.5068,0.497
3260000,20,-226.324,1484.51,22.6196,0.518
3280000,17,-205.451,1468.56,15.5901,0.491
3300000,15,-177.546,1453.09,15.8573,0.538
3320000,13,-155.469,1478.85,10.0826,0.46
3340000,12,-145.569,1457.25,15.4647,0.484
3360000,15,-177.473,1469.66,16.8981,0.494
3380000,19,-222.5,1475.57,21.1392,0.5295
3400000,12,-142.958,1448.75,14.841,0.520333
3420000,19,-222.38,1470.93,22.2576,0.506571
3440000,17,-189.368,1461.58,18.2185,0.507
3460000,16,-186.328,1453.38,18.6196,0.490167
3480000,12,-145.341,1466.26,12.6304,0.503
3500000,11,-139.487,1468.07,12.2135,0.426
3520000,15,-175.484,1475,18.2653,0.498471
3540000,12,-151.272,1476.77,15.5483,0.492
3560000,14,-163.256,1465.8,18.0174,0.482
3580000,19,-221.271,1473.12,10.9161,0.502286
3600000,16,-190.01,1468.55,8.01933,0.52
3620000,14,-165.549,1477.73,18.0845,0.535
3640000,14,-167.786,1487.73,12.693,0.461
3660000,14,-167.994,1474.68,14.9269,0.499
3680000,15,-177.749,1476.76,14.2361,0.514
3700000,17,-200.035,1473.3,19.5038,0.502
3720000,20,-231.849,1472.6,14.8748,0.529
3740000,16,-192.035,1485.21,19.7058,0.483
3760000,19,-223.382,1443.89,24.707,0.535
3780000,14,-171.679,1464.78,17.9693,0.479
3800000,17,-211.376,1480.82,21.1914,0.479
3820000,14,-165.696,1473.22,17.1459,0.453
3840000,15,-176.192,1468.14,15.3552,0.486
3860000,17,-201.04,1488.75,23.6899,0.501
3880000,16,-198.711,1482.4,16.6924,0.477
3900000,16,-187.908,1447.53,16.5726,0.508
3920000,12,-144.903,1430.82,11.7789,0.549
3940000,12,-156.436,1449.99,12.2397,0.475
3960000,14,-171.093,1484.36,14.1236,0.491
3980000,12,-150.48,1446.64,7.76331,0.488
4000000,18,-203.196,1485.76,18.3963,0.491
4020000,16,-193.859,1442.97,22.9942,0.552
4040000,16,-187.449,1480.09,10.9422,0.5084
4060000,11,-137.412,1439.59,10.3305,0.521909
4080000,15,-186.368,1497.56,11.5502,0.498
4100000,18,-217.395,1500.95,17.43,0.473
4120000,18,-221.113,1482.98,18.5001,0.490667
4140000,18,-209.637,1493.25,18.5701,0.5
4160000,11,-138.15,1435.61,10.5821,0.489
4180000,15,-187.431,1494.79,13.8879,0.437
4200000,16,-196.885,1506.21,20.2688,0.489
4220000,18,-213.442,1506.73,25.6021,0.482
4240000,18,-206.763,1481.9,19.0424,0.48
4260000,14,-165.354,1485.84,15.7106,0.498
4280000,17,-204.974,1487.92,29.0168,0.505
4300000,17,-206.168,1498.21,18.5952,0.479
4320000,14,-171.845,1483.67,11.1024,0.437
4340000,18,-214.306,1485.68,20.3395,0.481
4360000,15,-184.692,1480.85,18.088,0.501
4380000,15,-180.827,1481.02,14.136,0.501125
4400000,14,-161.431,1441.36,12.7896,0.5166
4420000,16,-192.561,1483.75,22.1995,0.491
4440000,16,-192.357,1471.67,11.9779,0.504
4460000,15,-176.87,1458.72,9.84666,0.517111
4480000,21,-244.454,1478.64,22.9997,0.5597
4500000,15,-190.061,1460.97,23.7129,0.499
4520000,14,-171.764,1502.98,16.4668,0.517833
4540000,18,-209.432,1490.26,18.1218,0.503
4560000,14,-170.693,1479.44,14.0413,0.464
4580000,18,-210.592,1478.43,12.964,0.525667
4600000,20,-225.487,1474.36,18.5229,0.537
4620000,16,-190.352,1470.48,9.05406,0.483
4640000,22,-256.607,1479.38,19.4039,0.506955
4660000,19,-221.801,1481.92,28.2095,0.51575
4680000,25,-282.011,1480.67,15.1371,0.546
4700000,15,-169.965,1473.47,11.2272,0.48
4720000,12,-142.424,1466.82,13.3007,0.514
4740000,12,-139.786,1455.48,12.1753,0.531
4760000,17,-201.607,1485.79,26.5721,0.501
4780000,18,-211.975,1480.72,25.5212,0.496667
4800000,15,-180.535,1469.85,17.4012,0.495667
4820000,20,-239.777,1487.63,19.3202,0.508
4840000,16,-200.066,1495.46,13.6166,0.482
4860000,17,-197.604,1465.51,21.035,0.487529
4880000,13,-159.224,1471.65,13.5861,0.469
4900000,15,-180.929,1474.36,18.8973,0.509714
4920000,10,-128.686,1466.35,9.40484,0.459
4940000,19,-226.102,1471.3,16.4129,0.496917
4960000,13,-152.666,1461.04,19.276,0.475833
4980000,16,-195.322,1488.16,23.8701,0.477
5000000,12,-147.585,1455.04,12.708,0.47
5020000,15,-174.094,1468.01,18.7332,0.514
5040000,16,-191.028,1482.01,19.3137,0.524
5060000,13,-153.895,1476.75,8.95379,0.49
5080000,17,-199.396,1489.06,12.9739,0.511
5100000,14,-165.243,1469.82,12.7446,0.504
5120000,19,-221.144,1451.72,19.0891,0.52
5140000,17,-195.148,1485.55,36.0373,0.498
5160000,15,-171.474,1469.95,8.95462,0.537
5180000,17,-208.655,1494.79,17.4257,0.501
5200000,14,-173.667,1482.62,13.8303,0.454
5220000,12,-145.611,1444.85,17.1712,0.473
5240000,14,-172.022,1493.67,22.8993,0.491
5260000,10,-116.135,1437.12,12.5015,0.454
5280000,21,-232.926,1460.92,21.3942,0.504588
5300000,18,-213.931,1486.05,17.4945,0.517
5320000,13,-161.821,1489.27,8.84892,0.462
5340000,17,-200.796,1493.21,17.0191,0.511
5360000,13,-151.811,1483.45,11.1904,0.507
5380000,20,-233.685,1448.9,19.767,0.512
5400000,15,-178.802,1473.59,17.0487,0.5135
5420000,12,-140.522,1449.11,16.1393,0.499
5440000,15,-170.138,1432.09,14.9195,0.498
5460000,14,-176.398,1500.73,13.0338,0.481
5480000,19,-223.021,1488.08,21.7108,0.451
5500000,17,-197.746,1486.13,15.6801,0.503158
5520000,15,-176.44,1461.27,19.3375,0.521
5540000,16,-192.529,1473.73,14.7039,0.526
5560000,12,-145.812,1421.25,10.6456,0.508478
5580000,17,-196.849,1471.31,13.8522,0.5265
5600000,14,-171.854,1475.13,12.0244,0.5056
5620000,12,-152.516,1466.86,13.3462,0.48
5640000,12,-147.091,1431.4,11.2104,0.507
5660000,16,-195.585,1459.43,20.8646,0.4772
5680000,17,-199.587,1462.19,16.8437,0.532
5700000,13,-155.593,1451.01,9.4478,0.482
5720000,17,-203.299,1482.92,20.8472,0.5021
5740000,14,-172.84,1478.17,21.6666,0.48
5760000,15,-182.1,1490.01,14.1192,0.50025
5780000,13,-153.771,1461.79,8.29568,0.487917
5800000,13,-152.775,1456.87,13.1607,0.494
5820000,17,-196.522,1458.72,13.5701,0.532231
5840000,18,-210.09,1485.72,12.7228,0.515
5860000,17,-207.683,1471.23,15.2203,0.501
5880000,18,-206.099,1482.69,18.3013,0.507
5900000,18,-215.701,1478.99,11.6044,0.514
5920000,11,-137.18,1437.19,15.8064,0.482
5940000,12,-147.02,1475.83,18.1534,0.456
5960000,18,-213.788,1469.04,17.8356,0.508
5980000,15,-178.478,1476.71,16.9606,0.491
6000000,17,-201.532,1490.37,17.8553,0.487
6020000,18,-217.178,1457.23,10.604,0.506
6040000,16,-200.101,1458.95,18.4572,0.546
6060000,15,-193.291,1499.5,20.9559,0.475
6080000,13,-166.029,1454.35,17.773,0.499421
6100000,13,-165.774,1488.21,6.86086,0.487
6120000,15,-193.752,1466.83,17.5588,0.454
6140000,16,-189.037,1477.02,13.8873,0.4916
6160000,18,-214.805,1488.88,14.0619,0.512
6180000,17,-202.327,1482.92,19.4265,0.494
6200000,17,-200.819,1483.24,13.6529,0.491
6220000,16,-192.726,1480.3,18.8131,0.489
6240000,21,-246.785,1488.99,26.2173,0.522024
6260000,16,-190.282,1498.19,19.6622,0.482
6280000,17,-204.796,1493.25,13.7675,0.517
6300000,22,-256.517,1492.04,30.5461,0.561
6320000,12,-154.653,1456.47,5.3444,0.509286
6340000,13,-154.765,1459.33,16.8631,0.506
6360000,13,-166.852,1490.39,13.3413,0.466444
6380000,15,-182.037,1478.03,12.8468,0.495
6400000,20,-228.034,1471.2,18.6118,0.552
6420000,13,-154.666,1471.93,11.1522,0.5125
6440000,15,-178.698,1496.4,19.2446,0.492
6460000,16,-190.389,1480.96,29.5667,0.518
6480000,15,-176.965,1489.25,11.0213,0.474
6500000,14,-168.646,1488.02,14.2259,0.501
6520000,14,-166.258,1482.59,16.7974,0.49
6540000,16,-188.14,1455.53,12.9009,0.549
6560000,18,-210.82,1476.61,21.9185,0.487
6580000,14,-170.928,1457.7,23.5005,0.493
6600000,22,-258.524,1495.33,23.8728,0.5265
6620000,21,-242.634,1482.14,22.6354,0.550909
6640000,14,-170.989,1481.9,15.8194,0.449
6660000,19,-224.358,1485.18,25.6938,0.519
6680000,19,-219.02,1480.75,25.2814,0.511
6700000,15,-181.039,1499.7,18.1536,0.472
6720000,12,-142.306,1447.5,12.8151,0.52
6740000,13,-161.814,1457.99,11.9217,0.4565
6760000,18,-211.503,1498.92,23.8259,0.499
6780000,14,-163.461,1451.43,10.907,0.515
6800000,19,-218.446,1488.95,19.6411,0.526
6820000,12,-146.227,1455.14,13.7663,0.499
6840000,18,-208.607,1495.06,16.9757,0.532
6860000,15,-179.775,1481.55,16.0774,0.533
6880000,13,-167.282,1492.02,14.4685,0.493
6900000,17,-198.443,1452.23,23.6309,0.52
6920000,22,-259.589,1471.68,25.8125,0.536
6940000,12,-142.606,1454.12,18.1795,0.479
6960000,11,-135.191,1472.16,16.0446,0.47775
6980000,15,-185.391,1506.46,9.71143,0.471
7000000,14,-169.241,1471.3,15.582,0.4894
7020000,13,-157.05,1463.69,17.835,0.495
7040000,13,-158.901,1474.92,19.0702,0.497
7060000,17,-201.152,1471.53,16.2703,0.509
7080000,18,-206.364,1458.28,15.846,0.529
7100000,14,-170.513,1456.1,23.1285,0.477
7120000,25,-295.092,1472.93,22.8026,0.528
7140000,17,-198.335,1478.22,20.9829,0.514
7160000,14,-164.415,1486.09,13.803,0.45
7180000,20,-234.769,1492.01,25.1647,0.518625
7200000,23,-270.432,1476.46,23.4682,0.527
7220000,15,-179.42,1488.3,17.3882,0.472
7240000,15,-188.425,1486.94,14.3712,0.478
7260000,16,-190.781,1476.82,12.0002,0.510333
7280000,14,-170.777,1471.99,16.6955,0.475
7300000,15,-176.843,1483.29,17.3916,0.487333
7320000,22,-273.276,1467.63,26.1059,0.533667
7340000,17,-196.873,1485.1,14.1506,0.507
7360000,16,-186.333,1480.57,21.2419,0.493
7380000,17,-200.432,1464.02,24.9697,0.5005
7400000,14,-165.691,1491.02,21.465,0.472
7420000,16,-190.013,1475.52,14.5802,0.506083
7440000,17,-207.517,1483,27.0986,0.489
7460000,16,-190.67,1484.76,20.9863,0.483
7480000,16,-194.896,1474.62,25.0087,0.5025
7500000,14,-171.98,1489.84,14.0395,0.476
7520000,24,-279.096,1483.71,23.2234,0.544
7540000,19,-223.694,1475.11,23.9673,0.511
7560000,18,-214.727,1471.92,26.426,0.523
7580000,24,-275.67,1504.95,22.3885,0.509226
7600000,19,-218.477,1471.9,22.0956,0.509
7620000,25,-276.927,1470.71,21.5962,0.565875
7640000,16,-189.713,1489.82,15.1147,0.495
7660000,17,-198.505,1467.72,18.1748,0.481
7680000,13,-161.355,1470.5,18.9563,0.481
7700000,15,-180.849,1466.08,18.9094,0.483
7720000,20,-240.416,1472.31,23.9185,0.528167
7740000,13,-151.703,1461.4,8.48149,0.47
7760000,13,-158.92,1472.45,17.9109,0.488737
7780000,16,-189.63,1487.94,19.1281,0.516
7800000,21,-247.214,1470.6,22.8528,0.554
7820000,19,-232.296,1490.43,16.881,0.519
7840000,17,-201.608,1472.21,14.991,0.513667
7860000,16,-190.49,1475.51,19.0781,0.442
7880000,17,-215.886,1492.16,21.4571,0.505
7900000,15,-176.799,1472.22,15.2548,0.49
7920000,17,-198.93,1470.59,19.8975,0.514
7940000,20,-233.036,1474.55,16.7407,0.50795
7960000,18,-213.874,1488.36,20.0282,0.502083
7980000,22,-261.653,1479.46,25.1543,0.537
8000000,19,-227.558,1492.61,13.9705,0.527
8020000,12,-148.986,1478.61,7.55118,0.482
8040000,20,-232.817,1469.64,21.5165,0.511
8060000,16,-194.44,1475.26,12.3199,0.505
8080000,17,-191.805,1486.29,19.7151,0.516286
8100000,15,-181.997,1471.68,18.8682,0.488333
8120000,16,-190.26,1480.01,11.9016,0.445
8140000,16,-192.613,1493.63,14.1113,0.496333
8160000,17,-204.565,1481.14,12.8014,0.509769
8180000,17,-194.26,1450.14,20.4831,0.536
8200000,12,-148.681,1475.33,6.67666,0.475833
8220000,14,-174.946,1476.63,21.2742,0.465
8240000,20,-242.978,1485.13,12.3905,0.531
8260000,18,-217.13,1492.36,20.7966,0.524
8280000,17,-205.013,1482.66,15.7088,0.512714
8300000,17,-208.073,1456.88,20.8179,0.54275
8320000,16,-187.473,1462.1,12.6024,0.516
8340000,15,-178.986,1478.58,15.2536,0.4995
8360000,14,-174.257,1476.32,16.1492,0.463
8380000,15,-181.501,1479.05,16.464,0.481
8400000,13,-159.436,1466.33,12.5747,0.42
8420000,21,-242.187,1453.82,19.1773,0.499412
8440000,17,-197.579,1463.17,24.632,0.503
8460000,19,-223.019,1464.73,22.1356,0.476667
8480000,15,-178.505,1478.59,16.4805,0.485
8500000,16,-184.809,1486.15,15.7895,0.4973
8520000,16,-198.048,1483.41,11.5147,0.4915
8540000,16,-185.543,1469.47,15.0126,0.526167
8560000,13,-161.23,1459.18,9.93515,0.479
8580000,14,-171.331,1481.41,15.0522,0.479
8600000,15,-173.272,1468.61,11.8666,0.52132
8620000,16,-190.231,1481.71,19.7584,0.517
8640000,13,-156.979,1474.92,13.4135,0.484
8660000,13,-157.541,1469.68,6.58468,0.5133
8680000,14,-160.41,1455.73,13.0686,0.482
8700000,22,-261.39,1481.12,16.8804,0.5198
8720000,18,-213.076,1476.69,27.4501,0.487
8740000,22,-243.48,1463.79,13.5446,0.506318
8760000,19,-225.07,1473.83,18.6535,0.507
8780000,17,-203.601,1463.19,11.6583,0.485
8800000,15,-174.013,1463.4,13.4896,0.492889
8820000,11,-131.872,1458.04,12.848,0.489333
8840000,18,-207.919,1493.27,13.9496,0.537
8860000,18,-203.15,1460.21,17.0684,0.563
8880000,18,-218.141,1483.57,15.0759,0.490667
8900000,23,-258.251,1465.67,19.2926,0.544444
8920000,17,-206.373,1491.86,19.6339,0.489
8940000,16,-194.136,1486.29,13.7589,0.4815
8960000,16,-189.995,1486.29,9.28018,0.482
8980000,17,-200.842,1503.32,21.5358,0.5132
9000000,17,-203.042,1476.16,26.1002,0.475
9020000,19,-217.523,1486.87,13.984,0.501
9040000,16,-188.577,1491.28,19.2385,0.466
9060000,15,-181.067,1478.87,8.95003,0.5
9080000,14,-169.043,1502.94,11.9874,0.48
9100000,15,-177.493,1480.42,17.9791,0.479
9120000,17,-202.821,1480.72,21.5612,0.476
9140000,14,-164.241,1477.12,15.0141,0.471
9160000,16,-192.877,1476.25,19.0551,0.492
9180000,13,-154.302,1470.04,6.82095,0.476
9200000,16,-185.687,1483.8,12.3406,0.494688
9220000,20,-242.768,1498.88,16.9343,0.51
9240000,13,-154.472,1476.85,13.4058,0.5102
9260000,19,-221.926,1489.85,20.1834,0.49
9280000,18,-207.533,1477.78,15.719,0.529
9300000,16,-188.696,1507.47,17.095,0.511
9320000,16,-189.165,1493.08,13.0514,0.511882
9340000,14,-161.667,1469.81,21.4993,0.50075
9360000,20,-232.647,1472.16,17.0168,0.547
9380000,15,-184.824,1475.2,18.9262,0.508
9400000,21,-251.875,1491.91,29.1472,0.541
9420000,18,-218.511,1487.74,20.052,0.513
9440000,16,-194.237,1475.23,23.1961,0.534
9460000,15,-177.002,1487.96,17.2505,0.452
9480000,16,-183.105,1486.2,12.9846,0.488667
9500000,17,-203.504,1486.81,19.5952,0.528847
9520000,13,-155.015,1470.8,11.0953,0.454
9540000,17,-206.065,1481.34,11.8839,0.504
9560000,19,-223.929,1500.28,16.7977,0.466
9580000,16,-190.995,1476.48,16.6787,0.486
9600000,18,-209.35,1490.93,24.0766,0.4972
9620000,20,-234.952,1468.69,18.8019,0.529
9640000,20,-229.898,1454.43,26.6553,0.546
9660000,19,-223.435,1471.49,19.6326,0.4995
9680000,20,-237.653,1459.49,17.9348,0.559
9700000,14,-167.59,1476.34,17.0364,0.447
9720000,13,-162.574,1487.66,14.3309,0.48475
9740000,13,-157.292,1461.25,9.15178,0.483
9760000,15,-181.216,1476.47,22.755,0.51
9780000,15,-187.031,1466.11,12.5228,0.529
9800000,18,-206.376,1461.95,18.0628,0.512
9820000,19,-221.734,1483.85,16.6731,0.543
9840000,14,-168.895,1477.81,20.5173,0.477
9860000,17,-203.704,1479.61,12.8822,0.534
9880000,19,-221.557,1493.97,21.0035,0.478
9900000,18,-217.332,1483.16,13.6077,0.488
9920000,15,-171.74,1484.95,9.64096,0.514
9940000,13,-157.873,1473.59,8.90564,0.52
9960000,14,-169.55,1482.27,9.3679,0.499
9980000,13,-157.443,1464.26,13.7709,0.425
10000000,13,-155.922,1480.54,14.5638,0.471
10020000,15,-176.266,1486.75,20.1369,0.504
10040000,18,-223.461,1472.8,13.502,0.5105
10060000,14,-169.555,1480.72,15.9591,0.476
10080000,19,-224.611,1471.02,19.5773,0.549
10100000,16,-185.076,1488.81,12.0101,0.537
10120000,13,-148.491,1467.74,15.923,0.487
10140000,15,-182.16,1474.46,16.9235,0.456
10160000,16,-191.309,1473.61,7.6675,0.518
10180000,16,-187.899,1474.11,9.10612,0.502857
10200000,13,-158.632,1485.23,14.0578,0.444
10220000,17,-195.351,1472.5,21.0156,0.51975
10240000,16,-186.301,1472.85,12.8942,0.514
10260000,14,-172.988,1472.46,13.3179,0.461
10280000,14,-163.852,1473.01,15.121,0.461286
10300000,17,-203.976,1486.23,20.1079,0.522889
10320000,27,-310.199,1481.41,25.8461,0.5466
10340000,16,-194.859,1470,13.8773,0.456
10360000,17,-206.254,1497.93,9.88233,0.516
10380000,19,-224.439,1482.95,20.4827,0.531
10400000,14,-161.664,1472.36,17.1881,0.491
10420000,17,-205.75,1488.62,27.8691,0.521
10440000,17,-202.517,1488.88,22.2255,0.489
10460000,15,-177.598,1490.52,16.5842,0.485
10480000,23,-270.049,1494,20.7645,0.516
10500000,15,-176.537,1473.32,18.184,0.51
10520000,21,-244.904,1471.48,31.6991,0.518333
10540000,19,-224.038,1478.33,22.3809,0.502118
10560000,21,-242.7,1479.2,17.1724,0.5455
10580000,15,-176.366,1483.27,11.4163,0.484
10600000,13,-158.495,1470.5,20.5136,0.518857
10620000,15,-181.401,1494.55,16.3245,0.464
10640000,21,-261.341,1511.4,15.9775,0.52225
10660000,18,-211.575,1486.82,15.9461,0.47
10680000,19,-226.739,1504.53,16.7686,0.501
10700000,18,-209.361,1495.04,16.9716,0.504
10720000,14,-171.749,1490.96,13.6084,0.461
10740000,15,-178.236,1487.73,12.7441,0.488
10760000,17,-208.855,1479.35,15.7506,0.502357
10780000,17,-203.096,1494.18,12.2615,0.463
10800000,17,-199.693,1506.4,11.2833,0.531
10820000,17,-201.374,1486.57,12.7687,0.49
10840000,17,-193.952,1477.14,18.9034,0.483778
10860000,17,-199.897,1491.32,14.1788,0.478
10880000,17,-213.416,1491.65,19.4034,0.4985
10900000,16,-190.514,1486.12,26.5757,0.489
10920000,16,-191.004,1480.74,16.7114,0.499444
10940000,19,-226.506,1485.44,21.5094,0.515
10960000,17,-200.509,1486.81,18.4434,0.4975
10980000,19,-222.82,1482.64,22.4284,0.482286
11000000,19,-220.057,1478.85,25.6671,0.506
11020000,16,-187.836,1487.39,17.4813,0.442
11040000,14,-169.699,1478.53,19.9181,0.492
11060000,20,-238.136,1492.8,23.6184,0.482
11080000,14,-175.031,1478.11,15.9744,0.4525
11100000,17,-207.681,1487.07,18.1594,0.466
11120000,15,-178.606,1476.95,19.6732,0.528
11140000,20,-230.072,1478.64,15.4303,0.474
11160000,15,-178.052,1478.06,8.443,0.50313
11180000,20,-237.969,1498.4,21.4227,0.516
11200000,18,-222.005,1476.92,24.3574,0.54
11220000,13,-161.028,1471.37,10.5195,0.459
11240000,13,-153.896,1469.77,14.3061,0.5235
11260000,14,-169.749,1481.85,25.8568,0.494
11280000,14,-176.845,1478.89,16.2211,0.486
11300000,16,-186.505,1477.2,16.403,0.515
11320000,18,-205.287,1475.16,15.7074,0.5095
11340000,13,-155.767,1469.2,18.0724,0.49875
11360000,13,-160.58,1479.64,18.5378,0.435
11380000,13,-157.061,1489.56,9.08191,0.474333
11400000,17,-204.265,1472.9,11.6645,0.51
11420000,15,-177.571,1453.66,16.8923,0.509714
11440000,13,-159.207,1485.77,14.7122,0.488125
11460000,20,-235.805,1473.8,21.9535,0.522857
11480000,16,-198.785,1479.69,22.4482,0.472667
11500000,19,-227.704,1496.9,18.7723,0.527
11520000,16,-191.079,1486.53,22.7018,0.518
11540000,17,-201.038,1478.72,20.2634,0.5365
11560000,20,-231.027,1479.63,20.7703,0.512
11580000,15,-178.45,1478.56,22.7426,0.497
11600000,15,-177.46,1477.27,16.8293,0.512
11620000,16,-196.536,1486.89,16.6262,0.444
11640000,20,-232.415,1481.9,16.7617,0.518
11660000,15,-183.545,1493.57,14.5504,0.507
11680000,17,-197.456,1464.4,17.6693,0.503
11700000,14,-168.332,1466.2,12.2832,0.514333
11720000,14,-166.866,1480.02,11.5938,0.492
11740000,15,-178.986,1476.61,15.811,0.498
11760000,16,-191.169,1478.54,16.4648,0.508
11780000,19,-225.531,1482.74,24.9527,0.515783
11800000,17,-209.323,1487.32,19.747,0.513
11820000,14,-167.114,1494.46,22.0377,0.479
11840000,15,-175.572,1486.55,25.2917,0.479
11860000,13,-156.353,1470.63,6.43689,0.443
11880000,18,-215.96,1477.97,18.7428,0.485
11900000,14,-159.718,1482.81,25.7247,0.457
11920000,16,-193.515,1487.96,23.565,0.513
11940000,13,-162.909,1489.06,9.28323,0.465
11960000,14,-171.337,1481.54,17.1068,0.461
11980000,18,-215.464,1476.85,17.0263,0.524
12000000,14,-173.811,1488.44,14.5531,0.499
12020000,13,-158.183,1488.49,21.4307,0.461
12040000,15,-185.576,1476.08,19.1313,0.503
12060000,19,-221.107,1493.28,24.3557,0.521667
12080000,18,-215.178,1489.89,19.6505,0.495
12100000,14,-169.512,1480.51,12.3878,0.479636
12120000,12,-146.348,1472.34,14.4609,0.414
12140000,14,-169.585,1493.06,17.7953,0.447
12160000,22,-257.315,1480.96,23.4102,0.511625
12180000,12,-146.799,1473.21,22.7324,0.474
12200000,15,-182.182,1462.84,14.525,0.5168
12220000,23,-269.257,1465.93,27.786,0.568
12240000,17,-198.934,1467.29,21.5886,0.53725
12260000,13,-156.309,1471.9,15.1208,0.45
12280000,16,-184.944,1448.33,20.3044,0.49
12300000,20,-233.168,1466,24.988,0.511105
12320000,14,-167.586,1474.66,10.8023,0.471182
12340000,14,-165.022,1459.92,10.2307,0.462
12360000,18,-207.859,1450.58,13.9322,0.5265
12380000,19,-219.661,1445.78,23.6662,0.531667
12400000,15,-177.584,1487.65,11.9141,0.474667
12420000,13,-154.367,1476.12,16.1052,0.516293
12440000,17,-196.531,1453.71,18.6702,0.523
12460000,15,-183.537,1488.99,10.2237,0.471
12480000,13,-154.308,1461.24,15.4492,0.5075
12500000,15,-180.823,1492.89,17.2913,0.483111
12520000,14,-180.545,1470,13.4305,0.485
12540000,15,-182.796,1492.31,13.3532,0.497
12560000,18,-216.142,1468.87,23.1685,0.504
12580000,15,-180.446,1478.2,21.5706,0.519
12600000,16,-199.824,1492.58,16.6242,0.504333
12620000,14,-171.721,1461.99,17.9759,0.5
12640000,14,-166.109,1468.44,7.26709,0.474
12660000,16,-189.315,1465.04,20.4579,0.514
12680000,17,-198.46,1472.2,28.4726,0.449
12700000,20,-235.548,1482.84,25.3241,0.531
12720000,18,-217.427,1468.74,24.1334,0.483
12740000,20,-232.69,1474.52,28.1021,0.569
12760000,18,-214.788,1486.26,17.5568,0.485
12780000,19,-219.664,1484.73,18.6591,0.503895
12800000,18,-219.31,1468.4,26.3574,0.516167
12820000,21,-248.637,1498.79,24.7383,0.519
12840000,15,-179.703,1485.66,17.7624,0.523
12860000,17,-203.278,1485.34,16.0016,0.4694
12880000,19,-216.784,1479.61,18.8127,0.517
12900000,14,-165.333,1472.9,12.6758,0.442
12920000,17,-210.925,1463.91,15.9558,0.493421
12940000,13,-156.859,1468.66,15.096,0.494
12960000,18,-219.766,1492.07,20.087,0.519
12980000,17,-199.06,1465.37,18.8169,0.511
13000000,16,-187.476,1480.75,11.4358,0.485
13020000,15,-173.769,1476.39,17.6815,0.482
13040000,12,-144.194,1476.17,9.00554,0.459
13060000,18,-217.674,1480.22,24.1287,0.502053
13080000,20,-232.231,1480.94,25.5783,0.535
13100000,15,-180.403,1483.38,16.4563,0.508
13120000,15,-180.671,1492.42,17.2664,0.505
13140000,15,-175.784,1466.27,23.0544,0.4894
13160000,18,-211.266,1476.37,15.4918,0.467
13180000,12,-142.332,1445.14,14.6455,0.484714
13200000,15,-180.36,1484.02,12.1085,0.505
13220000,18,-208.402,1476.82,16.6543,0.505
13240000,16,-188.385,1473.33,14.2867,0.487
13260000,17,-195.76,1447.53,20.0256,0.512556
13280000,14,-167.01,1483.95,23.9027,0.475
13300000,16,-187.221,1483.75,17.3852,0.538
13320000,20,-237.729,1485.02,13.7586,0.513
13340000,16,-197.347,1479.98,22.1306,0.514
13360000,13,-161.014,1463.34,18.7395,0.465
13380000,17,-207.894,1479.38,25.1386,0.4795
13400000,15,-177.073,1472.54,11.0029,0.511
13420000,16,-191.418,1486.85,9.52201,0.506
13440000,14,-162.882,1476.45,9.66758,0.446
13460000,13,-159.519,1475.14,14.7026,0.464
13480000,15,-184.63,1490.01,16.4373,0.491
13500000,15,-182.96,1471.44,11.1644,0.5125
13520000,18,-216.824,1486.5,19.4851,0.502
13540000,13,-159.64,1482.21,11.6853,0.49741
13560000,13,-165.774,1486.32,20.0845,0.465
13580000,16,-197.449,1468.92,15.165,0.495
13600000,16,-206.097,1476.25,18.3554,0.5145
13620000,15,-178.547,1485.15,21.1682,0.49
13640000,19,-220.229,1488.69,19.0605,0.504
13660000,12,-149.252,1482.02,6.24413,0.498083
13680000,14,-165.163,1463.84,12.9301,0.522
13700000,17,-196.81,1478.34,17.5585,0.536
13720000,14,-167.197,1474.07,18.7854,0.487
13740000,16,-196.48,1482.51,13.8733,0.4831
13760000,15,-175.836,1483.62,14.5724,0.491333
13780000,20,-234.018,1489.58,17.951,0.50325
13800000,19,-218.764,1493.62,28.1996,0.520333
13820000,14,-167.734,1479.91,16.2301,0.515
13840000,14,-167.173,1490.75,12.7013,0.468
13860000,15,-180.109,1464.44,13.0002,0.486
13880000,14,-171.596,1506.52,14.5154,0.479
13900000,17,-200.427,1475.2,16.6868,0.488
13920000,15,-184.503,1470.93,15.4345,0.487
13940000,22,-257.425,1492.21,31.1,0.549
13960000,15,-177.244,1468.25,11.4369,0.466
13980000,15,-182.311,1459.41,14.8568,0.508
14000000,14,-163.478,1472.62,18.3141,0.502
14020000,18,-211.342,1489.87,21.0648,0.471
14040000,15,-178.493,1464.19,12.5979,0.487333
14060000,14,-164.266,1470.34,17.1076,0.505
14080000,14,-169.991,1479.54,17.8103,0.501
14100000,20,-240,1486.04,24.9689,0.498
14120000,14,-165.62,1470.55,12.7639,0.487375
14140000,18,-207.74,1507.6,23.1684,0.541
14160000,16,-191.891,1485.68,16.5533,0.494
14180000,13,-160.694,1477.34,20.4602,0.427
14200000,16,-187.832,1479.97,23.8479,0.465
14220000,18,-207.617,1467.28,21.9992,0.538
14240000,13,-160.125,1474.73,9.33625,0.492167
14260000,16,-193.075,1488.86,14.7998,0.45
14280000,15,-178.952,1492.54,28.4116,0.458
14300000,14,-167.506,1463.91,12.2562,0.511
14320000,19,-221.558,1473.6,17.1494,0.544667
14340000,24,-285.61,1485.21,35.2294,0.517667
14360000,16,-190.845,1462.35,23.7714,0.535
14380000,21,-252.185,1490.52,23.4787,0.53
14400000,14,-170.391,1475.38,11.8692,0.4765
14420000,14,-170.172,1485.48,17.1229,0.479
14440000,16,-188.096,1480.18,22.8923,0.539
14460000,17,-192.264,1465.61,20.244,0.505
14480000,15,-181.017,1495.88,10.7084,0.473
14500000,20,-236.069,1486.59,20.1376,0.53
14520000,20,-241.379,1479.57,15.5234,0.523
14540000,16,-189.544,1462.82,18.4501,0.5135
14560000,15,-172.474,1486.11,16.2112,0.47
14580000,14,-164.64,1483.08,16.8356,0.4778
14600000,13,-164.244,1487.31,8.99984,0.4545
14620000,15,-177.673,1474.13,13.6795,0.473
14640000,19,-222.448,1477.66,22.3126,0.50625
14660000,18,-209.149,1489.36,24.8503,0.52
14680000,17,-195.387,1471.92,16.4602,0.52
14700000,13,-155.055,1470.59,12.2675,0.504
14720000,14,-165.491,1475.77,19.2783,0.447
14740000,17,-209.437,1477.12,24.0546,0.503333
14760000,15,-180.839,1476.78,16.7473,0.493
14780000,18,-210.638,1481.42,15.4227,0.520182
14800000,13,-153.591,1465.04,11.8019,0.453
14820000,15,-174.173,1482.07,9.24708,0.52
14840000,12,-147.795,1483.07,15.5956,0.512054
14860000,16,-189.479,1456.23,20.3852,0.551
14880000,17,-199.324,1478.41,12.3869,0.498107
14900000,15,-178.693,1479.42,15.4855,0.492
14920000,15,-179.058,1469.17,15.1,0.498
14940000,19,-220.883,1475.37,12.9611,0.49275
14960000,14,-167.721,1471.57,15.1901,0.452
14980000,11,-130.259,1456.53,11.8153,0.486
15000000,17,-197.486,1464.63,22.2332,0.538
15020000,18,-209.08,1466.03,11.4598,0.501391
15040000,13,-152.21,1469.8,12.5166,0.511333
15060000,12,-143.612,1458.77,11.7521,0.532
15080000,17,-207.985,1465.35,15.1017,0.537091
15100000,20,-223.622,1493.65,21.9586,0.487
15120000,14,-169.327,1471.36,14.8133,0.527382
15140000,17,-211.815,1508.88,16.7701,0.49
15160000,17,-196.212,1449.03,14.0874,0.5174
15180000,19,-213.402,1453.6,24.1439,0.502
15200000,17,-192.536,1474.89,23.9106,0.497167
15220000,17,-202.661,1477.44,26.5004,0.485
15240000,13,-155.187,1466.98,10.966,0.483
15260000,20,-230.823,1476.15,18.8802,0.4896
15280000,13,-157.981,1494.05,8.48531,0.449
15300000,15,-174.876,1473.13,23.0302,0.488
15320000,16,-191.345,1477.88,22.2427,0.5136
15340000,20,-234.391,1473.94,16.3022,0.521
15360000,18,-210.327,1466.59,24.4951,0.528
15380000,13,-158.12,1468.99,10.2808,0.513633
15400000,18,-219.468,1486.91,31.7964,0.499
15420000,16,-189.188,1493.13,13.5855,0.494125
15440000,17,-199.677,1495.68,16.3073,0.511
15460000,16,-188.831,1494.29,21.2353,0.491
15480000,19,-225.781,1483.01,17.2591,0.492143
15500000,15,-186.916,1501.67,15.2157,0.441
15520000,18,-214.204,1497.53,13.1802,0.499
15540000,17,-200.666,1515.84,18.2355,0.463
15560000,15,-188.291,1470.2,18.139,0.456333
15580000,15,-176.604,1471.72,16.3631,0.512
15600000,17,-200.456,1469.74,15.049,0.498
15620000,20,-227.473,1502.34,20.4029,0.534
15640000,19,-225.031,1463.03,32.3004,0.506167
15660000,13,-154.13,1478.82,19.8658,0.489
15680000,17,-207.282,1489.02,14.0267,0.491
15700000,18,-212.643,1474.64,13.5522,0.526
15720000,14,-166.989,1496.51,11.2793,0.487
15740000,18,-205.993,1465.1,16.6541,0.52
15760000,18,-203.288,1469.58,14.9152,0.513
15780000,18,-203.952,1483.62,14.7623,0.521
15800000,18,-210.123,1467.4,18.0557,0.545
15820000,16,-192.929,1465.8,22.8656,0.422
15840000,15,-185.243,1479.61,6.65183,0.4945
15860000,18,-217.471,1474.21,20.1801,0.495
15880000,18,-210.537,1488.54,18.7738,0.51
15900000,16,-186.226,1484.32,13.2,0.474
15920000,16,-196.179,1484.72,14.4967,0.474667
15940000,16,-188.788,1478.73,14.0047,0.473
15960000,17,-204.981,1489.03,17.2447,0.4948
15980000,16,-196.325,1487.48,13.1767,0.506
16000000,15,-182.136,1486.66,12.2971,0.466833
16020000,21,-252.317,1466.08,13.5289,0.530556
16040000,18,-226.684,1500.17,21.2688,0.498846
16060000,17,-202.266,1484.24,13.3441,0.491
16080000,15,-177.903,1476.44,7.7953,0.491
16100000,13,-153.798,1475.78,15.5745,0.49
16120000,14,-173.668,1495.99,12.8324,0.451
16140000,17,-207.991,1512.84,21.86,0.509
16160000,13,-156.346,1478.02,6.77948,0.477
16180000,13,-157.586,1473.58,11.8199,0.498
16200000,17,-198.36,1476.82,13.7079,0.54
16220000,16,-200.109,1512.8,12.5835,0.469
16240000,18,-214.019,1499.74,22.4762,0.4955
16260000,14,-170.462,1468.26,15.8133,0.47
16280000,18,-215.146,1486.41,18.0308,0.512
16300000,14,-179.431,1461.47,13.4432,0.484
16320000,14,-167.414,1486.99,20.5451,0.485
16340000,16,-190.339,1487.67,15.3423,0.537167
16360000,14,-167.428,1474.21,11.3488,0.494
16380000,14,-167.747,1471.28,14.304,0.514617
16400000,17,-195.054,1478,17.1399,0.492
16420000,20,-227.863,1480.13,21.0094,0.508
16440000,13,-156.904,1480.4,20.7697,0.46
16460000,13,-155.12,1484.46,13.456,0.474857
16480000,19,-229.461,1481.6,24.0961,0.523
16500000,18,-208.485,1474.48,24.1754,0.525
16520000,14,-168.835,1488.28,7.922,0.495
16540000,16,-183.656,1479.93,19.6187,0.495
16560000,20,-236.012,1476.74,23.6622,0.543
16580000,16,-189.856,1473,16.2544,0.486
16600000,15,-184.828,1486.58,11.4706,0.515
16620000,17,-201.824,1484.97,14.0962,0.53
16640000,16,-194.179,1469.67,13.7504,0.502
16660000,15,-187.685,1477.56,22.2649,0.482842
16680000,18,-212.374,1497.02,16.1395,0.516
16700000,17,-196.773,1477.97,19.1588,0.508
16720000,15,-175.32,1487.24,13.64,0.478
16740000,16,-187.695,1486.06,22.0693,0.493
16760000,18,-212.773,1479.02,17.7092,0.541
16780000,13,-154.498,1483.08,16.6987,0.521
16800000,16,-187.649,1472.1,17.3102,0.499
16820000,17,-204.66,1478.47,14.1819,0.5392
16840000,16,-195.662,1481.21,12.406,0.48
16860000,18,-215.808,1475.8,13.629,0.496
16880000,18,-218.865,1470.16,17.9957,0.496
16900000,18,-229.401,1504.4,19.2476,0.504
16920000,16,-198.084,1486.34,25.2036,0.510441
16940000,16,-193.188,1489.79,13.1741,0.53425
16960000,17,-208.883,1468.92,17.2694,0.505
16980000,13,-165.706,1483.55,12.5306,0.5055
17000000,16,-190.703,1485.05,18.5711,0.512333
17020000,15,-176.928,1465.94,13.3609,0.452
17040000,22,-260.272,1476.29,23.0059,0.476
17060000,17,-197.828,1470.44,20.9577,0.533
17080000,12,-144.24,1471.5,8.92007,0.492
17100000,13,-154.252,1453.35,15.4377,0.513167
17120000,15,-185.26,1496.06,14.5116,0.498
17140000,17,-204.538,1496.83,26.99,0.499
17160000,18,-222.521,1496.84,22.8082,0.493
17180000,20,-231.955,1492.36,19.6831,0.534
17200000,17,-201.451,1492.04,20.5134,0.493
17220000,20,-244.961,1473.96,22.5432,0.518
17240000,19,-221.743,1473.57,12.6861,0.509
17260000,15,-178.816,1489.38,19.5344,0.4625
17280000,20,-237.334,1477.51,20.596,0.489
17300000,20,-242.005,1489.22,17.8824,0.527714
17320000,13,-154.78,1482.91,10.7173,0.521
17340000,20,-240.435,1491.4,20.1552,0.504
17360000,21,-243.692,1478.73,26.7623,0.527
17380000,20,-231.465,1480.43,33.0091,0.508
17400000,15,-175.843,1486.74,13.788,0.4904
17420000,18,-210.068,1487.43,14.8688,0.502
17440000,18,-212.661,1482.95,13.2236,0.53
17460000,16,-187.701,1483.31,10.6456,0.479
17480000,16,-188.166,1475.53,26.3829,0.530846
17500000,23,-275.431,1492.12,29.2929,0.558
17520000,18,-211.158,1485.28,22.6417,0.522333
17540000,25,-284.622,1496.83,31.3219,0.542333
17560000,18,-207.159,1491.9,23.5633,0.501
17580000,16,-186.523,1481.34,11.0066,0.516
17600000,14,-169.165,1477.11,10.4228,0.486
17620000,19,-218.381,1480.02,19.1494,0.527
17640000,17,-201.755,1484.74,12.9263,0.467
17660000,15,-174.461,1483.59,13.2176,0.505
17680000,17,-203.157,1476.03,19.845,0.519
17700000,14,-159.922,1457.58,21.9315,0.523314
17720000,15,-187.315,1489.32,12.5195,0.480857
17740000,17,-204.097,1464.48,18.5679,0.499455
17760000,14,-164.112,1457.4,18.0591,0.521571
17780000,14,-168.437,1472.97,21.6636,0.4615
17800000,16,-183.235,1471.69,19.4432,0.533
17820000,17,-199.999,1470.24,16.68,0.509848
17840000,16,-183.45,1454.48,13.7717,0.519167
17860000,16,-186.488,1471.44,16.1833,0.539083
17880000,12,-148.238,1474.48,12.7137,0.487563
17900000,13,-158.662,1468.14,9.84626,0.472
17920000,16,-189.757,1474.24,14.7037,0.466
17940000,14,-170.321,1465.13,17.4106,0.467
17960000,17,-196.599,1454.01,25.4414,0.555
17980000,18,-211.579,1464.26,19.3053,0.52975
18000000,16,-185.581,1466.82,13.148,0.524
18020000,13,-155.573,1462.8,11.4655,0.481
18040000,17,-197.767,1462.65,17.9924,0.5036
18060000,18,-208.205,1474.65,20.5566,0.517
18080000,15,-179.887,1486.02,17.6246,0.5035
18100000,18,-213.977,1468.39,18.0947,0.527412
18120000,18,-205.143,1484.03,25.2225,0.5177
18140000,22,-252.09,1485.35,25.367,0.522
18160000,21,-245.939,1484.72,18.7401,0.507
18180000,14,-171.391,1487.47,18.6658,0.456
18200000,17,-203.156,1486.52,15.9214,0.469
18220000,18,-209.382,1473.71,17.7843,0.514895
18240000,11,-138.06,1467.55,8.83438,0.477
18260000,15,-173.268,1470.16,17.8468,0.498
18280000,19,-222.274,1458.49,17.7968,0.523125
18300000,17,-202.754,1465.31,21.2474,0.498
18320000,15,-179.695,1502.2,23.2691,0.507
18340000,14,-164.539,1472.76,14.1779,0.501
18360000,14,-164.962,1455.78,10.4907,0.4825
18380000,14,-170.254,1483.24,17.3219,0.499143
18400000,13,-155.905,1467.68,16.9691,0.5
18420000,14,-174.226,1464.74,14.2416,0.488
18440000,15,-176.69,1476.28,16.874,0.501444
18460000,16,-194.484,1464.05,12.5962,0.475
18480000,15,-176.513,1451.97,12.6632,0.522
18500000,14,-170.84,1468.65,11.0663,0.495333
18520000,19,-221.52,1470.01,22.5589,0.53075
18540000,16,-191.462,1482.59,12.7576,0.461
18560000,14,-170.892,1461.66,11.0386,0.491
18580000,17,-198.505,1476.52,15.0622,0.505
18600000,11,-133.978,1467.17,8.5954,0.484
18620000,15,-183.886,1466.58,15.8651,0.499886
18640000,18,-214.617,1480.95,22.2735,0.512
18660000,18,-212.342,1471.18,21.8774,0.506
18680000,16,-193.474,1481.47,25.7931,0.5
18700000,16,-190.876,1467.05,14.1818,0.54
18720000,17,-197.272,1478.83,10.1932,0.487
18740000,15,-183.678,1470.4,14.2845,0.522
18760000,16,-190.379,1475.32,15.0446,0.511
18780000,13,-161.198,1482.97,12.794,0.456
18800000,15,-177.27,1470,10.8948,0.538
18820000,14,-173.705,1469.92,10.7891,0.473
18840000,17,-205.706,1462.7,10.1289,0.518
18860000,18,-216.931,1471.49,17.8549,0.536
18880000,16,-191.061,1478.94,20.1576,0.50712
18900000,14,-164.167,1457.86,14.2031,0.492
18920000,19,-216.559,1475.13,18.6101,0.524
18940000,16,-186.99,1468.92,30.8891,0.475
18960000,16,-188.49,1474.86,20.6582,0.508333
18980000,17,-200.694,1471.12,18.2599,0.51
19000000,16,-188.352,1467.39,13.2225,0.521
19020000,14,-172.288,1487.52,15.9315,0.462
19040000,11,-136.611,1468.88,7.67314,0.44
19060000,17,-203.703,1465.84,15.8417,0.515
19080000,13,-159.824,1465.9,11.7545,0.511
19100000,15,-182.658,1467.06,16.5358,0.51025
19120000,13,-154.689,1471.21,14.1788,0.521
19140000,13,-159.415,1494.1,11.0639,0.421
19160000,16,-190.749,1470.55,23.3132,0.527667
19180000,14,-168.213,1472.32,11.9026,0.4885
19200000,18,-206.684,1462.25,17.6054,0.546
19220000,17,-208.073,1482.57,16.8518,0.5165
19240000,15,-177.429,1462.63,15.8482,0.480545
19260000,14,-169.081,1481.21,17.5798,0.491
19280000,20,-229.117,1457.58,19.1452,0.526
19300000,14,-167.522,1466.96,16.8726,0.492
19320000,15,-175.602,1469.49,14.5411,0.468
19340000,12,-144.427,1473.88,10.4218,0.50575
19360000,17,-201.121,1478.28,12.2526,0.502
19380000,14,-164.847,1476.25,10.6194,0.493667
19400000,14,-163,1459.16,17.8486,0.5125
19420000,14,-162.742,1474.26,13.7765,0.526765
19440000,16,-181.494,1473.76,17.753,0.474
19460000,15,-178.053,1481.96,15.7618,0.4858
19480000,16,-196.548,1493.43,16.3868,0.520083
19500000,21,-239.647,1465.81,14.1512,0.56
19520000,20,-227.942,1470.4,17.1942,0.55
19540000,14,-169.441,1474.69,21.9836,0.4675
19560000,21,-238.519,1476.51,26.3195,0.531
19580000,13,-155.326,1463.45,10.1515,0.49
19600000,19,-229.763,1480.69,15.0354,0.49275
19620000,18,-216.274,1476.13,21.1899,0.514095
19640000,13,-149.566,1470.41,13.4611,0.482
19660000,15,-172.495,1462.46,16.2123,0.5022
19680000,14,-166.256,1475.54,11.8569,0.488
19700000,16,-192.41,1479.82,11.4278,0.518444
19720000,20,-226.786,1464.45,17.6163,0.496
19740000,13,-150.758,1457.39,13.4515,0.487
19760000,13,-150.96,1452.58,13.8942,0.462
19780000,14,-167.23,1468.04,18.9889,0.535
19800000,15,-172.648,1458.3,18.3612,0.484
19820000,16,-190.937,1480.09,25.3745,0.510739
19840000,19,-221.672,1467.41,24.3725,0.521
19860000,15,-179.006,1482.8,27.261,0.509
19880000,17,-196.653,1494.72,24.9695,0.526
19900000,19,-224.241,1486.77,22.4639,0.47
19920000,15,-176.086,1480.95,21.9584,0.503111
19940000,18,-211.548,1484.91,25.1775,0.492
19960000,16,-188.917,1474.27,15.5765,0.509
19980000,15,-178.05,1482.32,16.8575,0.489
20000000,12,-145.791,1482.75,19.0292,0.468
20020000,17,-202.916,1479.51,12.8939,0.504778
20040000,17,-198.778,1482.44,12.913,0.510667
20060000,15,-177.202,1475,17.0748,0.528
20080000,13,-156.801,1463.39,15.1669,0.509645
20100000,18,-209.323,1479.6,29.1701,0.534375
20120000,17,-197.58,1476.78,12.2799,0.507
20140000,20,-247.543,1475.81,21.4938,0.527
20160000,15,-180.54,1474.31,7.26516,0.492
20180000,13,-157.942,1473.11,14.822,0.457
20200000,21,-248.465,1494.63,14.5152,0.454
20220000,15,-183.055,1487.84,15.8123,0.513133
20240000,16,-192.839,1481.86,12.8368,0.5114
20260000,17,-201.89,1472.62,17.4534,0.512467
20280000,13,-154.525,1491.53,11.4034,0.491
20300000,16,-192.011,1488.74,14.8039,0.512
20320000,21,-242.643,1470.27,19.2434,0.553
20340000,18,-211.666,1474.6,18.4065,0.526
20360000,16,-191.626,1458.19,16.1752,0.486
20380000,21,-249.095,1478.14,20.4022,0.5225
20400000,21,-244.613,1465.6,33.8663,0.529667
20420000,18,-215.185,1501.26,13.1415,0.503636
20440000,20,-234.238,1504.45,30.4903,0.491
20460000,16,-190.494,1507.62,29.6092,0.444
20480000,19,-220.554,1478.01,14.9967,0.51
20500000,17,-200.791,1502.64,18.3124,0.493
20520000,19,-220.195,1501.67,20.8384,0.51
20540000,16,-183,1481.68,14.4728,0.505
20560000,14,-167.005,1461.28,22.8634,0.497
20580000,13,-154.435,1461.88,16.9941,0.488
20600000,21,-247.806,1484.56,12.4529,0.534
20620000,16,-190.885,1466.56,10.7949,0.5195
20640000,15,-185.415,1459.2,16.6975,0.525308
20660000,16,-182.677,1468.34,16.3074,0.528464
20680000,17,-192.368,1461.45,17.1151,0.54
20700000,22,-264.134,1508.2,22.2062,0.516571
20720000,14,-166.792,1484.86,20.3616,0.482
20740000,16,-190.704,1490.22,19.825,0.465667
20760000,17,-200.69,1478.12,17.1015,0.528
20780000,17,-199.024,1468.49,15.5722,0.516
20800000,22,-250.524,1501.4,20.5588,0.529
20820000,21,-245.958,1510.34,21.5165,0.505
20840000,23,-265.063,1479.54,22.3087,0.525
20860000,18,-223.757,1499.44,16.1906,0.501
20880000,16,-192.944,1491.06,23.4853,0.4912
20900000,16,-199.297,1490.09,9.75332,0.492545
20920000,17,-201.564,1485.08,20.5286,0.48
20940000,18,-214.038,1486.07,8.90843,0.5394
20960000,16,-186.274,1479.05,16.2738,0.516
20980000,14,-168.56,1483.06,11.1171,0.494
21000000,16,-183.73,1478.95,18.5978,0.496889
21020000,21,-238.265,1485.92,15.0706,0.513048
21040000,19,-219.623,1484.32,19.5654,0.522
21060000,22,-256.251,1483.11,27.2565,0.5225
21080000,14,-164.21,1482.28,16.0669,0.46
21100000,17,-193.779,1458.66,13.6195,0.548
21120000,14,-167.398,1480.29,16.951,0.5119
21140000,13,-164.403,1476.07,11.7678,0.466
21160000,23,-264.097,1481.71,29.5833,0.565
21180000,15,-177.466,1471.34,15.9611,0.4876
21200000,16,-183.829,1492.25,17.9532,0.4908
21220000,18,-216.84,1466.98,13.0249,0.461
21240000,15,-183.326,1478.9,14.3332,0.497
21260000,15,-176.242,1469.03,11.9329,0.502733
21280000,18,-210.195,1477.84,17.4287,0.50475
21300000,16,-194.576,1495.79,16.6701,0.484
21320000,13,-161.267,1469.74,10.7264,0.474
21340000,15,-178.399,1462.7,16.7824,0.521
21360000,15,-176.131,1474.06,13.7931,0.491
21380000,19,-226.279,1486.21,23.4273,0.51175
21400000,13,-159.545,1455.77,8.51778,0.515
21420000,18,-209.374,1463.86,25.3882,0.527
21440000,11,-134.798,1467.22,13.7338,0.479
21460000,16,-182.58,1462.46,24.9177,0.539708
21480000,18,-215.145,1485.12,11.0137,0.5105
21500000,14,-167.167,1465.2,13.5773,0.492
21520000,19,-222.035,1477.74,24.6277,0.521333
21540000,19,-218.613,1490.27,21.5459,0.533
21560000,18,-206.745,1469.88,19.1899,0.569
21580000,16,-193.02,1474.19,19.1607,0.504
21600000,20,-230.18,1488.27,12.4156,0.511
21620000,15,-179.387,1482.3,8.10768,0.51
21640000,16,-189.244,1484.96,15.4141,0.527
21660000,19,-220.71,1490.3,20.2644,0.515
21680000,14,-166.175,1478.34,14.2222,0.461
21700000,16,-191.441,1483.55,19.4846,0.454
21720000,13,-155.775,1479.59,13.1866,0.502667
21740000,17,-210.469,1479.55,16.0392,0.497333
21760000,17,-194.802,1482.28,17.3635,0.5235
21780000,15,-175.891,1472.43,20.1873,0.532
21800000,17,-202.767,1484.89,14.4729,0.523
21820000,23,-275.063,1454.05,19.5961,0.521292
21840000,15,-178.294,1469.97,10.4562,0.485333
21860000,19,-219.303,1493.23,20.1336,0.528667
21880000,16,-191.558,1494.55,17.6794,0.489286
21900000,16,-192.088,1477.32,17.7194,0.534318
21920000,16,-186.289,1492.87,18.8742,0.468
21940000,17,-198.785,1476.7,12.2716,0.505
21960000,17,-213.695,1487.96,15.5707,0.502
21980000,18,-213.286,1468.24,23.9072,0.4975
22000000,15,-182.763,1482.69,15.201,0.501
22020000,15,-189.042,1481.24,15.2987,0.54
22040000,23,-266.669,1472.21,34.9209,0.535111
22060000,17,-196.18,1481.23,17.8671,0.532
22080000,18,-214.364,1467.38,25.8412,0.525
22100000,13,-157.603,1484.26,11.6737,0.468
22120000,19,-220.774,1484.8,28.7633,0.517167
22140000,13,-155.684,1462.87,22.6646,0.493
22160000,13,-155.73,1482.35,14.4547,0.469
22180000,13,-160.108,1480.32,14.4583,0.482
22200000,16,-193.814,1480.68,15.0124,0.532857
22220000,13,-159.168,1467.29,13.8361,0.441
22240000,12,-140.315,1467.27,15.4851,0.47
22260000,17,-193.097,1468.1,17.6535,0.488
22280000,20,-236.751,1478.83,26.6245,0.507
22300000,17,-203.692,1472.09,25.2656,0.491
22320000,15,-181.994,1481.63,8.61376,0.499333
22340000,17,-206.251,1489.67,8.6576,0.4845
22360000,16,-199.469,1473.92,15.6753,0.485333
22380000,18,-215.289,1476.52,17.6758,0.547
22400000,21,-238.638,1471.68,19.1029,0.537
22420000,20,-230.231,1470.15,20.0573,0.491556
22440000,18,-209.159,1467.63,16.3412,0.532
22460000,20,-237.027,1484.23,20.0152,0.527
22480000,14,-176.032,1481.37,11.0965,0.483
22500000,18,-213.11,1468.94,15.5072,0.516571
22520000,12,-154.853,1490.48,18.6974,0.493
22540000,17,-196.676,1486.79,22.5555,0.513556
22560000,18,-209.499,1470.29,12.6909,0.522667
22580000,14,-172.107,1474.7,9.30115,0.501
22600000,16,-191.84,1484.14,12.159,0.501
22620000,15,-181.053,1474.45,11.1778,0.4925
22640000,19,-230.808,1481.09,28.6322,0.498417
22660000,21,-244.09,1475.87,24.9465,0.506
22680000,19,-218.88,1474.49,18.4273,0.507
22700000,16,-187.175,1479.63,17.3333,0.51
22720000,16,-190.216,1485.1,18.0847,0.481714
22740000,16,-190.043,1494.97,18.6473,0.501
22760000,19,-219.358,1489.59,23.7873,0.517
22780000,16,-195.489,1487.25,18.6058,0.458
22800000,15,-175.574,1477.3,10.9824,0.478
22820000,15,-185.444,1475.26,9.48073,0.493
22840000,15,-181.52,1484.4,17.3425,0.5226
22860000,16,-187.895,1469,26.0626,0.504143
22880000,17,-202.023,1468.38,12.9,0.511
22900000,19,-228.737,1479.08,17.0887,0.531933
22920000,14,-165.483,1480.56,19.3327,0.456
22940000,20,-227.969,1489.49,17.7324,0.515
22960000,15,-180.412,1489.24,9.87544,0.475
22980000,18,-213.885,1492.11,23.5834,0.533
23000000,13,-159.298,1477.35,12.5869,0.494714
23020000,15,-188.76,1477.33,15.4828,0.505167
23040000,13,-162.266,1481.51,11.0667,0.47
23060000,21,-251.584,1490.39,36.5271,0.542
23080000,13,-158.11,1468.52,13.1632,0.48
23100000,18,-214.613,1461.59,24.0182,0.547
23120000,15,-183.027,1468.99,17.8742,0.528
23140000,13,-157.257,1463.24,14.1689,0.476
23160000,18,-225.835,1470.19,13.3776,0.4925
23180000,13,-154.586,1461.77,14.2004,0.485
23200000,16,-193.225,1470.08,15.1712,0.537308
23220000,19,-222.659,1461.59,19.2138,0.512
23240000,14,-166.934,1470.55,12.1714,0.480417
23260000,18,-208.198,1487.81,20.6577,0.526
23280000,19,-228.871,1484.65,24.6444,0.482
23300000,19,-226.636,1472.87,13.9894,0.52
23320000,15,-177.174,1480.95,17.7092,0.466
23340000,16,-190.767,1484.02,19.5802,0.502
23360000,16,-186.602,1447.08,16.9102,0.505
23380000,16,-194.992,1474.01,19.4191,0.514
23400000,16,-191.566,1458.37,13.6186,0.525
23420000,20,-239.569,1491.07,12.1731,0.5285
23440000,11,-139.823,1459.61,13.3482,0.463
23460000,15,-180.557,1456.77,15.7728,0.472
23480000,15,-180.346,1464.35,15.6073,0.512143
23500000,16,-184.601,1494.54,13.8221,0.504
23520000,16,-191.587,1450.11,11.2859,0.509
23540000,16,-194.338,1496.93,10.9498,0.495619
23560000,12,-155.999,1473.29,10.6555,0.484
23580000,19,-218.476,1507.02,16.1987,0.5102
23600000,18,-215.327,1492.51,20.2132,0.52075
23620000,15,-180.417,1456.72,22.8627,0.518
23640000,13,-150.676,1449.11,14.5497,0.511
23660000,13,-157.394,1469.96,13.1092,0.465
23680000,15,-182.192,1453.49,17.9407,0.521
23700000,18,-215.314,1484.85,12.0136,0.527667
23720000,16,-187.992,1488.76,15.755,0.527333
23740000,15,-172.125,1470.78,19.3412,0.505
23760000,16,-195.513,1466.33,18.3206,0.484
23780000,15,-181.016,1492.92,13.1736,0.476
23800000,15,-181.431,1467.55,16.6857,0.509
23820000,15,-183.173,1429.37,21.2313,0.538
23840000,18,-214.059,1465.57,18.9912,0.525
23860000,9,-109.924,1442.3,4.70627,0.503222
23880000,16,-202.083,1485.18,9.87482,0.473
23900000,13,-158.986,1448.52,18.6029,0.5286
23920000,14,-168.842,1466.49,11.5661,0.533
23940000,13,-152.485,1470.54,11.9232,0.459
23960000,12,-145.962,1466.88,12.3873,0.459
23980000,24,-270.697,1448.97,28.8863,0.581
24000000,14,-167.835,1440.95,8.71767,0.507714
24020000,15,-170.596,1429.58,13.543,0.556333
24040000,14,-169.052,1450.78,21.506,0.529
24060000,14,-165.256,1441.93,12.8532,0.526
24080000,12,-144.592,1451.5,13.0075,0.528357
24100000,8,-109.825,1402.29,5.80144,0.518
24120000,12,-148.435,1483.24,10.8593,0.488
24140000,19,-224.767,1479.34,17.7752,0.563
24160000,14,-163.195,1472.41,15.5917,0.472
24180000,12,-145.348,1469.55,15.7213,0.457
24200000,7,-92.2593,1416.33,7.41342,0.477
24220000,9,-111.514,1416.98,6.44164,0.515889
24240000,21,-239.001,1463.22,20.9933,0.512
24260000,17,-195.676,1454.14,18.1397,0.503
24280000,15,-175.059,1453.81,14.0318,0.502
24300000,13,-157.812,1486.02,17.1092,0.473
24320000,7,-92.6077,1408.06,3.72939,0.514
24340000,7,-87.432,1404.04,7.02361,0.487
24360000,8,-107.312,1414.48,6.76528,0.483
24380000,16,-195.827,1474.52,15.9301,0.51
24400000,10,-119.505,1425.61,13.6845,0.527375
24420000,15,-177.327,1474.27,23.8742,0.508
24440000,12,-158.367,1462.24,15.1327,0.435429
24460000,17,-215.411,1476.05,21.7537,0.504
24480000,14,-179.83,1465.04,15.5302,0.481
24500000,13,-157.53,1480.2,16.7508,0.510375
24520000,11,-132.731,1468.55,14.3394,0.487364
24540000,12,-138.18,1448.07,8.2105,0.541333
24560000,15,-183.611,1469.63,18.638,0.49388
24580000,14,-165.206,1446.86,16.4935,0.525
24600000,9,-116.778,1447.07,11.8903,0.495
24620000,9,-119.858,1441.47,7.57805,0.467
24640000,19,-216.311,1469.02,20.095,0.511
24660000,15,-178.649,1451.22,20.2556,0.531
24680000,16,-186.93,1467.75,12.2138,0.486333
24700000,15,-180.702,1465.74,13.997,0.536
24720000,12,-141.372,1461.15,13.1322,0.50875
24740000,14,-171.662,1456.35,20.2799,0.519
24760000,12,-142.672,1460.2,8.64187,0.463
24780000,15,-177.604,1471.02,13.4658,0.509
24800000,17,-193.781,1479.09,17.4518,0.519
24820000,13,-156.93,1470.59,14.7065,0.525
24840000,20,-235.836,1467.01,15.4402,0.504429
24860000,14,-172.983,1476.95,17.1431,0.465
24880000,11,-138.592,1459.68,13.1914,0.533
24900000,15,-172.467,1460.22,21.3384,0.489286
24920000,11,-133.057,1453.44,7.60195,0.512
24940000,18,-200.503,1470.67,18.5635,0.501875
24960000,11,-133.252,1436.89,13.7054,0.497
24980000,13,-151.727,1467.04,15.0851,0.5036
25000000,18,-211.354,1471.22,13.9784,0.527833
25020000,15,-178.24,1481.26,9.67395,0.513
25040000,10,-124.887,1448.06,6.89795,0.482
25060000,14,-165.57,1472.43,14.2692,0.498652
25080000,18,-208.296,1472.96,22.6437,0.541333
25100000,14,-168.039,1454.56,9.69456,0.534
25120000,12,-141.927,1457.65,15.4881,0.483286
25140000,18,-205.329,1457.45,19.428,0.55
25160000,14,-166.307,1463.95,17.8013,0.456
25180000,18,-204.56,1464.34,19.2912,0.574
25200000,10,-118.848,1432.96,14.2303,0.467
25220000,15,-179.262,1471.82,14.193,0.515
25240000,17,-205.897,1466.64,21.2888,0.477
25260000,15,-184.701,1459.92,21.2718,0.482
25280000,10,-127.314,1446.27,9.449,0.487727
25300000,16,-189.69,1473.4,16.8238,0.54
25320000,17,-205.019,1468.16,15.4832,0.5178
25340000,12,-146.699,1478.2,10.0465,0.4892
25360000,15,-177.283,1458.13,7.83317,0.49725
25380000,12,-145.748,1450.74,12.7709,0.505
25400000,15,-177.603,1468.85,10.293,0.504
25420000,12,-150.962,1447.13,6.92596,0.516308
25440000,15,-171.511,1475.83,12.9789,0.477
25460000,14,-175.505,1477.45,12.9948,0.508
25480000,16,-192.65,1466.54,14.9076,0.498
25500000,17,-204.527,1455.64,9.57988,0.528
25520000,15,-187.091,1463.5,19.2866,0.493
25540000,19,-225.464,1478.2,30.5815,0.532
25560000,16,-189.455,1462.76,13.7662,0.499
25580000,12,-153.003,1476.12,11.8247,0.481
25600000,14,-164.174,1463.78,9.81487,0.517
25620000,14,-173.551,1453.79,10.6593,0.5
25640000,16,-185.367,1470.24,16.2354,0.5225
25660000,15,-177.872,1472.85,11.14,0.457333
25680000,15,-173.457,1475.42,14.8249,0.488
25700000,12,-145.71,1477.54,13.8305,0.472
25720000,15,-179.659,1467.42,16.993,0.474
25740000,19,-219.677,1467.62,22.9288,0.512
25760000,20,-232.133,1462.74,17.2658,0.507222
25780000,16,-188.03,1466.93,15.2068,0.489
25800000,18,-215.676,1479.09,14.7989,0.489846
25820000,14,-164.028,1470.47,11.6862,0.502667
25840000,14,-172.77,1482.49,15.6888,0.454
25860000,12,-144.372,1476.15,15.1838,0.48015
25880000,19,-232.185,1455.89,14.4036,0.562
25900000,16,-196.939,1474.45,9.43242,0.539278
25920000,15,-179.545,1461.07,14.2729,0.491
25940000,24,-280.182,1479.32,25.4006,0.548833
25960000,19,-224.272,1471.51,15.7955,0.514
25980000,16,-184.872,1431.91,13.8354,0.493
26000000,14,-165.583,1481.07,11.5255,0.4858
26020000,17,-197.273,1480.58,25.8988,0.467
26040000,17,-204.02,1474.8,24.4273,0.517
26060000,18,-210.658,1488.55,22.5377,0.47
26080000,22,-261.41,1452.97,17.2879,0.549
26100000,14,-175.869,1482.31,22.9797,0.462
26120000,15,-188.896,1476.27,12.6203,0.476
26140000,14,-159.838,1448.89,14.819,0.51
26160000,20,-237.364,1489.04,22.2519,0.526
26180000,14,-170.432,1470.93,18.288,0.524
26200000,16,-191.817,1501.45,17.989,0.498
26220000,15,-174.513,1476.38,23.0183,0.5
26240000,13,-164.668,1482.52,14.1283,0.505
26260000,14,-172.423,1488.87,25.2067,0.456
26280000,15,-181.576,1483.17,14.9726,0.456
26300000,15,-175.303,1482.32,17.8448,0.466
26320000,19,-224.745,1477.48,20.3863,0.492
26340000,19,-217.915,1469.26,20.8393,0.508222
26360000,13,-152.81,1481.88,18.606,0.476
26380000,15,-179.024,1477.98,16.14,0.514
26400000,12,-147.169,1452.78,11.9382,0.49
26420000,15,-170.061,1457.65,17.7666,0.519
26440000,15,-179.639,1475.41,13.1622,0.464
26460000,19,-227.154,1469.05,13.4515,0.519
26480000,18,-209.734,1494.04,29.2274,0.521
26500000,13,-157.427,1473.65,10.6476,0.453
26520000,13,-156.766,1480.6,17.8642,0.463
26540000,13,-156.982,1463.5,17.5075,0.527
26560000,20,-234.015,1491.51,18.0578,0.499
26580000,14,-169.14,1472.45,13.292,0.454
26600000,14,-168.376,1473.73,19.9286,0.455
26620000,16,-195.553,1471.84,16.0917,0.522
26640000,13,-159.55,1474.36,13.3308,0.5024
26660000,14,-169.889,1472.81,13.6751,0.490667
26680000,16,-187.135,1463.53,19.2693,0.533
26700000,16,-189.532,1462.77,11.3244,0.486
26720000,13,-162.062,1482.28,18.2307,0.4922
26740000,13,-155.589,1469.23,15.2947,0.443
26760000,14,-167.059,1485.3,14.7019,0.442
26780000,17,-201.661,1467.81,17.1638,0.48
26800000,18,-210.362,1497.74,24.6937,0.496
26820000,15,-179.077,1491.24,18.9166,0.503
26840000,17,-195.855,1493.65,17.2449,0.495
26860000,14,-164.916,1465.67,24.9119,0.499
26880000,14,-162.783,1465.93,19.642,0.478
26900000,21,-252.105,1496.38,25.689,0.512778
26920000,15,-180.209,1499.44,13.3741,0.4575
26940000,14,-173.793,1503.27,21.2812,0.481
26960000,13,-156.002,1478.25,16.4697,0.504
26980000,18,-206.299,1474.16,16.102,0.5
27000000,13,-155.965,1473.92,12.9051,0.461
27020000,14,-167.032,1468.35,12.1204,0.479
27040000,13,-157.993,1468.28,9.39221,0.446
27060000,16,-185.649,1469.77,13.9644,0.515444
27080000,17,-211.382,1484.5,11.9934,0.4825
27100000,15,-180.801,1463.96,10.6043,0.516375
27120000,14,-174.876,1488.26,13.7822,0.503
27140000,13,-170.116,1461.79,11.0652,0.490333
27160000,17,-201.724,1478.11,14.0444,0.4857
27180000,19,-219.965,1482.05,17.3105,0.502
27200000,15,-180.271,1465.91,14.5568,0.532
27220000,16,-195.429,1489.83,16.3115,0.489
27240000,15,-175.649,1478.12,11.8387,0.509
27260000,14,-174.859,1468.63,8.88214,0.479167
27280000,17,-194.851,1450.16,18.3089,0.522
27300000,16,-190.839,1481.38,16.8367,0.496
27320000,14,-173.55,1462.15,12.7544,0.512727
27340000,16,-194.5,1461.72,16.5992,0.472571
27360000,17,-201.293,1474.82,15.1776,0.500308
27380000,12,-143.292,1465.63,15.3449,0.464
27400000,13,-163.193,1476.65,9.7262,0.454
27420000,16,-196.364,1464.12,10.1238,0.47
27440000,16,-189.554,1461.13,20.3225,0.509
27460000,17,-204.914,1495.5,23.6511,0.519091
27480000,18,-207.23,1492.35,22.4433,0.511
27500000,18,-208.465,1480.2,26.6155,0.536
27520000,20,-237.87,1460.77,28.0651,0.5524
27540000,21,-241.46,1471.71,27.4993,0.505
27560000,16,-187.713,1477.47,14.6265,0.525
27580000,16,-187.571,1474.5,15.9855,0.477889
27600000,12,-147.516,1477.28,12.7784,0.457
27620000,17,-209.73,1492.5,22.0166,0.524
27640000,16,-196.33,1489.99,20.0479,0.496625
27660000,19,-218.169,1491.08,12.6642,0.535
27680000,16,-195.358,1483.83,26.7094,0.488
27700000,15,-178.369,1487.46,10.3762,0.468
27720000,23,-275.948,1468.01,19.207,0.531
27740000,15,-177.748,1481.11,16.5068,0.491
27760000,14,-164.878,1467.43,24.6662,0.515
27780000,19,-220.21,1485.39,17.1471,0.5272
27800000,14,-164.712,1471.44,15.1615,0.498
27820000,18,-208.932,1502.68,17.2164,0.48
27840000,18,-212.996,1470.2,20.9737,0.547
27860000,15,-180.883,1461.95,11.9722,0.497
27880000,15,-183.503,1478.91,14.7968,0.473
27900000,16,-194.584,1496.18,19.4396,0.514
27920000,19,-223.197,1476.31,11.1278,0.532053
27940000,17,-202.358,1486.16,26.0592,0.514
27960000,14,-169.969,1471.58,14.5946,0.462
27980000,17,-196.678,1490.13,17.6504,0.53
28000000,17,-199.697,1475.41,22.6005,0.486
28020000,17,-195.425,1471.59,10.0099,0.5055
28040000,13,-158.082,1475.75,13.0129,0.528
28060000,20,-235.12,1453.96,17.563,0.504667
28080000,17,-201.673,1467.01,22.0235,0.502
28100000,15,-181.546,1469.1,14.3302,0.532455
28120000,20,-229.314,1466.84,23.3314,0.541458
28140000,14,-166.792,1475.39,16.1132,0.505
28160000,19,-226.829,1483.27,24.6475,0.5249
28180000,19,-223.694,1483.58,25.7714,0.5182
28200000,14,-175.329,1485,12.3473,0.489
28220000,12,-144.193,1465.38,9.31827,0.498
28240000,20,-241.147,1488.77,22.3919,0.481
28260000,20,-229.223,1480.34,19.8912,0.551
28280000,20,-228.684,1470.25,22.8947,0.521
28300000,17,-197.193,1484.41,19.7163,0.513
28320000,15,-174.518,1460.9,14.3866,0.515
28340000,16,-195.032,1503.54,16.2694,0.469
28360000,12,-149.662,1490.3,8.39016,0.452
28380000,17,-195.758,1477.23,12.8602,0.536
28400000,18,-207.538,1472.13,17.0632,0.529375
28420000,14,-167.736,1483.35,9.87589,0.514
28440000,16,-192.982,1475.78,19.3581,0.534
28460000,16,-189.619,1483.73,24.008,0.482
28480000,16,-191.002,1492.31,15.4857,0.491
28500000,18,-208.91,1497.29,15.9807,0.512
28520000,16,-200.8,1448.29,24.5161,0.544
28540000,17,-208.756,1483.78,19.76,0.497
28560000,15,-184.607,1437.18,17.0106,0.5221
28580000,15,-179.314,1500.8,12.1687,0.482
28600000,14,-171.382,1491.65,20.8576,0.459
28620000,12,-149.378,1478.67,6.136,0.42
28640000,17,-202.151,1485.16,23.9973,0.5176
28660000,13,-162.094,1477.4,16.8958,0.464
28680000,14,-172.688,1498.42,12.4992,0.5114
28700000,19,-227.623,1470.23,25.4687,0.532727
28720000,15,-190.97,1472.8,24.3621,0.467
28740000,14,-175.618,1460.2,9.9256,0.540917
28760000,12,-153.804,1487.85,12.7246,0.451
28780000,15,-187.059,1486.58,15.5889,0.436
28800000,14,-166.896,1483.08,14.367,0.444
28820000,15,-178.067,1474.64,13.9867,0.472
28840000,14,-174.805,1463.97,15.5417,0.494
28860000,15,-179.636,1476.36,27.5389,0.499
28880000,14,-172.898,1459.71,13.9423,0.553462
28900000,14,-171.968,1489.07,13.7325,0.526765
28920000,16,-193.535,1479.72,20.61,0.527
28940000,18,-204.686,1480.46,21.3937,0.522
28960000,15,-174.014,1478.65,15.0273,0.5005
28980000,11,-131.669,1456.13,10.5865,0.483
29000000,11,-133.936,1445.5,12.4915,0.484
29020000,15,-182.863,1479.45,17.9967,0.506
29040000,15,-178.01,1482.85,9.46988,0.508
29060000,18,-211.084,1488.56,28.6304,0.525
29080000,18,-215.955,1479.68,16.4685,0.53
29100000,19,-217.47,1477.82,20.0758,0.501
29120000,14,-165.907,1483.15,20.1484,0.501
29140000,18,-213.046,1489.33,19.8445,0.527
29160000,16,-189.578,1475.44,16.8554,0.457
29180000,18,-207.516,1481.59,17.8365,0.512
29200000,14,-170.083,1442.17,16.9039,0.532
29220000,10,-121.684,1448.04,7.24771,0.437
29240000,11,-138.518,1460.21,10.1131,0.498
29260000,14,-167.405,1434.15,27.197,0.510684
29280000,14,-167.076,1483.98,11.4487,0.515133
29300000,18,-212.837,1484.09,26.0408,0.5125
29320000,13,-156.427,1480.35,16.9755,0.455
29340000,16,-188.172,1495.08,15.9986,0.48
29360000,18,-211.392,1470.66,16.534,0.489
29380000,13,-154.509,1460.23,16.5437,0.445
29400000,16,-184.492,1477.51,19.5158,0.491
29420000,12,-144.804,1458.49,12.3592,0.475
29440000,14,-168.868,1466.01,9.56358,0.501667
29460000,13,-157.719,1456.99,15.1247,0.503
29480000,14,-166.131,1456.05,15.7991,0.5092
29500000,14,-168.692,1466.44,17.4589,0.484
29520000,17,-202.813,1476.68,16.1584,0.5126
29540000,15,-176.835,1491.11,13.7093,0.472
29560000,19,-222.843,1502.93,14.3623,0.5068
29580000,15,-182.977,1477.21,17.6089,0.503
29600000,24,-280.273,1468.13,22.1889,0.559
29620000,13,-162.246,1474.2,12.0358,0.456
29640000,17,-203.525,1460.62,19.4011,0.5112
29660000,14,-164.772,1496.31,13.1536,0.45
29680000,17,-201.1,1472.65,17.4745,0.4665
29700000,14,-173.006,1466.49,11.8672,0.467
29720000,17,-204.993,1484.04,17.544,0.524667
29740000,18,-217.441,1483.8,14.6602,0.505864
29760000,14,-164.981,1461,11.044,0.551
29780000,15,-178.253,1475.69,19.5068,0.493
29800000,14,-175.555,1465.8,19.1312,0.474
29820000,17,-200.184,1486.89,21.1152,0.541
29840000,16,-189.808,1460.28,15.1605,0.527
29860000,14,-164.88,1473.55,14.1987,0.48
29880000,16,-190.642,1459.54,21.0429,0.527667
29900000,13,-156.795,1462.3,17.0126,0.471
29920000,16,-190.365,1466.47,13.0327,0.46425
29940000,16,-188.734,1462.15,14.3919,0.491
29960000,16,-194.265,1489.7,14.8649,0.50375
29980000,14,-163.479,1463.85,13.8826,0.486
