generation,N_shifts,logPrior,logLik,eventRate,acceptRate
0,16,-200.887,1432.87,500,1
20000,13,-168.141,1440.72,13.8706,0.506
40000,13,-168.964,1434.53,19.5618,0.51
60000,14,-181.868,1444.45,20.0796,0.483
80000,14,-172.938,1415.64,15.533,0.527
100000,14,-183.004,1427.94,13.0523,0.473
120000,13,-170.723,1427.84,10.6371,0.495
140000,14,-176.789,1419.45,16.239,0.519
160000,12,-158.683,1447.48,16.1203,0.491
180000,15,-192.564,1443.35,11.2048,0.5005
200000,14,-182.963,1435.9,11.2232,0.506
220000,11,-145.498,1432.13,10.3634,0.531
240000,13,-170.607,1437.46,15.3857,0.526
260000,13,-172.734,1445.06,13.7336,0.504
280000,18,-235.379,1445.95,19.9734,0.539714
300000,14,-181.816,1432.2,14.4369,0.5306
320000,13,-173.426,1442.13,7.37156,0.484
340000,15,-194.189,1426.59,11.9552,0.510217
360000,17,-211.389,1437.67,19.1662,0.529
380000,11,-146.742,1433.82,8.50613,0.48
400000,14,-175.781,1437.27,27.9879,0.537
420000,12,-156.841,1427.64,9.99714,0.512
440000,15,-198.266,1442.46,20.7757,0.525
460000,15,-186.259,1439.1,15.3339,0.499
480000,15,-191.151,1439.83,18.5068,0.538611
500000,15,-191.688,1421.82,18.5645,0.492
520000,17,-221.332,1440.28,19.3658,0.532327
540000,14,-178.603,1418.91,12.5496,0.522235
560000,16,-205.35,1449.47,15.5077,0.546
580000,21,-267.59,1453.48,18.6308,0.561
600000,15,-194.853,1440.65,23.5065,0.496333
620000,15,-195.67,1447.86,14.4469,0.529
640000,17,-215.583,1448.95,15.7605,0.517
660000,12,-161.364,1425.01,15.5855,0.482
680000,15,-183.847,1420.38,17.4103,0.54402
700000,16,-202.725,1444.64,16.5316,0.534
720000,14,-196.011,1452.01,15.8069,0.495333
740000,19,-248.219,1438.82,14.3318,0.5358
760000,16,-212.596,1437.07,17.7104,0.486
780000,20,-244.561,1446.69,20.3943,0.527059
800000,11,-147.94,1433.23,17.9984,0.502
820000,14,-181.752,1428.92,11.801,0.501333
840000,16,-202.129,1429.89,19.0616,0.538
860000,19,-237.349,1454.83,15.7566,0.55
880000,16,-194.466,1427.55,17.559,0.514
900000,16,-200.138,1426.99,10.4114,0.526
920000,15,-183.204,1428.63,16.6161,0.485
940000,11,-135.438,1416.53,11.5498,0.5
960000,14,-178.001,1432.89,12.7622,0.521
980000,14,-178.717,1428.89,11.9015,0.502167
1000000,14,-179.501,1447.31,12.5737,0.505
1020000,17,-208.699,1428.83,13.0119,0.548
1040000,15,-190.925,1441.07,14.4796,0.491
1060000,16,-202.662,1426.42,16.6354,0.508
1080000,17,-212.213,1433.48,22.0358,0.533
1100000,15,-195.957,1432.32,15.0084,0.502
1120000,14,-177.017,1427.99,14.4378,0.509
1140000,13,-172.417,1435.83,15.7708,0.503
1160000,13,-179.415,1442.02,14.1129,0.472
1180000,15,-196.14,1434.62,13.0603,0.517778
1200000,13,-170.769,1430.17,16.1462,0.506
1220000,16,-195.388,1407.5,14.6296,0.5564
1240000,14,-183.069,1442.57,14.5632,0.497
1260000,17,-211.978,1443.93,22.8683,0.519
1280000,15,-190.123,1423.32,17.4018,0.527
1300000,17,-217.142,1440.24,22.6012,0.536
1320000,18,-228.336,1439.28,19.0204,0.542
1340000,12,-155.299,1413.66,19.7844,0.48
1360000,13,-167.881,1441.53,6.21631,0.522
1380000,17,-208.784,1429.55,18.4013,0.521867
1400000,16,-212.904,1443.99,13.2826,0.522
1420000,19,-235.238,1421.8,21.9763,0.542912
1440000,12,-169.945,1440.84,13.4625,0.438
1460000,16,-202.971,1433.67,22.565,0.5075
1480000,13,-168.797,1436.94,7.23001,0.516286
1500000,15,-194.194,1428.82,22.0765,0.50925
1520000,16,-208.84,1425.07,33.5832,0.527
1540000,19,-240.741,1456.28,19.5592,0.5575
1560000,14,-182.384,1428.12,14.9841,0.513
1580000,12,-155.848,1431.65,10.7679,0.511
1600000,11,-150.881,1439.92,11.5515,0.510667
1620000,13,-170.523,1443.53,12.3273,0.503
1640000,12,-156.263,1417.01,19.4846,0.511
1660000,15,-183.016,1432.54,15.7205,0.542
1680000,15,-187.525,1418.98,9.80895,0.491333
1700000,14,-175.614,1419.12,19.1241,0.52
1720000,14,-177.56,1423.75,15.9031,0.489
1740000,12,-160.424,1437.76,9.24096,0.486
1760000,15,-200.282,1446.72,12.9936,0.51
1780000,18,-220.459,1433.92,18.4177,0.557
1800000,14,-185.289,1448.84,14.1205,0.522
1820000,24,-296.482,1445.98,34.4245,0.541375
1840000,13,-177.929,1452.18,12.1372,0.483
1860000,14,-182.763,1443.7,16.1446,0.511
1880000,16,-205.339,1445.77,13.0226,0.526
1900000,18,-223.723,1425.28,18.5059,0.5477
1920000,21,-257.803,1443.5,19.1282,0.563
1940000,16,-206.846,1438.71,19.4019,0.537
1960000,15,-193.32,1459.45,16.6351,0.476
1980000,13,-165.617,1425.05,14.4109,0.491
2000000,15,-191.099,1450.03,12.444,0.513
2020000,17,-207.108,1438.78,18.7687,0.533
2040000,15,-198.774,1438.74,9.01337,0.5234
2060000,13,-177.498,1432.63,16.1396,0.4985
2080000,17,-223.822,1444.48,18.6981,0.526333
2100000,14,-182.405,1448.19,27.8294,0.488
2120000,12,-162.959,1435.05,9.1694,0.489
2140000,19,-246.97,1448.77,16.9172,0.538
2160000,13,-173.153,1427,14.3406,0.521
2180000,18,-219.805,1419.03,14.9787,0.553
2200000,17,-205.693,1436.98,17.4071,0.524
2220000,15,-200.115,1441.26,21.4564,0.512
2240000,24,-290.088,1435.2,12.8321,0.558867
2260000,14,-190.524,1423.29,19.7806,0.477
2280000,13,-173.37,1429.07,13.0341,0.485
2300000,14,-184.904,1422.03,15.8803,0.463
2320000,12,-155.772,1435.1,10.3553,0.499071
2340000,15,-187.985,1436.47,13.4648,0.534
2360000,12,-161.597,1440.64,10.2314,0.502
2380000,18,-216.754,1427.49,22.0646,0.535889
2400000,16,-200.295,1442.85,10.9637,0.526889
2420000,15,-193.212,1445.74,17.6551,0.530833
2440000,15,-195.63,1431.21,16.3265,0.501
2460000,15,-201.35,1432.43,10.4333,0.503875
2480000,17,-213.56,1438.86,19.5751,0.531
2500000,13,-183.677,1444.85,9.44409,0.509154
2520000,15,-200.673,1440.9,16.2257,0.522
2540000,19,-243.55,1457.36,25.5676,0.529
2560000,20,-262.901,1445.62,15.179,0.568333
2580000,15,-190.682,1422.75,11.3553,0.508
2600000,17,-206.732,1433.12,16.1179,0.528857
2620000,16,-200.353,1428.61,15.6034,0.522
2640000,19,-245.088,1460.81,22.7412,0.506667
2660000,16,-202.92,1456.08,15.5717,0.482
2680000,20,-245.604,1425.74,20.3688,0.568
2700000,16,-203.639,1433.67,21.4092,0.542333
2720000,16,-194.083,1442,17.3631,0.534
2740000,18,-226.193,1436.44,15.3901,0.481
2760000,22,-263.345,1425.07,17.8849,0.544222
2780000,15,-190.602,1442.8,13.7749,0.523
2800000,19,-232.538,1439.49,16.5861,0.54525
2820000,14,-181.513,1438.24,16.3434,0.503
2840000,13,-174.244,1446.28,12.3295,0.529
2860000,15,-188.69,1425.78,16.674,0.538
2880000,12,-151.147,1428.16,10,0.492
2900000,14,-188.458,1443.64,12.8171,0.521
2920000,15,-211.655,1434.02,17.979,0.5135
2940000,12,-158.744,1434.76,22.5095,0.513
2960000,21,-256.596,1421.78,17.7341,0.533
2980000,20,-245.11,1435.56,16.8888,0.558571
3000000,23,-286.714,1440.45,21.8618,0.551
3020000,13,-178.204,1450.46,15.542,0.45
3040000,15,-187.769,1428.55,15.0361,0.531
3060000,15,-195.659,1445.06,15.2312,0.536632
3080000,15,-194.117,1451.06,18.0722,0.520375
3100000,17,-214.988,1433.3,18.6948,0.54
3120000,16,-212.939,1436.16,17.4879,0.552
3140000,13,-175.392,1444.84,11.5962,0.503
3160000,14,-184.365,1444.32,23.3946,0.506727
3180000,14,-191.357,1430.57,18.0775,0.467
3200000,16,-203.029,1443.16,13.7084,0.534143
3220000,14,-176.039,1415.62,13.429,0.518
3240000,14,-181.051,1426.7,8.76059,0.528
3260000,15,-190.32,1430.05,17.8179,0.549333
3280000,11,-150.028,1441.76,11.2614,0.464
3300000,14,-192.905,1444.73,14.3104,0.507235
3320000,18,-227.446,1439.28,20.5838,0.509
3340000,16,-201.83,1431.12,11.5199,0.53
3360000,17,-221.457,1412.07,11.1221,0.499375
3380000,15,-196.114,1425.76,22.232,0.4945
3400000,13,-159.83,1431.64,12.7067,0.499
3420000,14,-180.157,1443.3,10.4388,0.509
3440000,12,-162.331,1429.78,19.8743,0.513
3460000,14,-172.805,1426.22,14.5904,0.508667
3480000,15,-189.48,1435.02,17.7876,0.5244
3500000,12,-156.026,1432.67,16.525,0.524
3520000,16,-209.754,1440.9,14.0994,0.508
3540000,20,-249.062,1428.2,16.2257,0.559
3560000,13,-174.426,1444.74,17.6443,0.508
3580000,13,-172.321,1448.05,10.0057,0.49
3600000,12,-168.033,1432.26,8.19542,0.478
3620000,16,-209.333,1441.06,16.8689,0.503
3640000,16,-213.168,1426.57,15.5019,0.536
3660000,14,-184.256,1440.23,13.2431,0.511
3680000,12,-159.955,1433.44,15.7639,0.5028
3700000,19,-233.175,1436.28,17.3759,0.584
3720000,14,-176.799,1425.69,13.3407,0.56
3740000,16,-210.061,1434.43,8.4584,0.516
3760000,19,-234.738,1422.61,25.0966,0.538
3780000,14,-176.374,1421.04,11.4282,0.514
3800000,15,-184.273,1419.93,19.559,0.543
3820000,13,-178.657,1445.16,14.7545,0.492
3840000,19,-239.047,1445.57,15.2877,0.542
3860000,13,-165.468,1412,9.59878,0.512
3880000,18,-227.859,1429.39,15.9456,0.536542
3900000,11,-148.747,1435.63,12.4331,0.499667
3920000,14,-181.492,1437.99,15.4509,0.506
3940000,16,-207.056,1438.52,21.5907,0.513
3960000,13,-162.605,1427.96,12.4421,0.528
3980000,15,-196.908,1441.89,10.4018,0.513929
4000000,19,-238.723,1439.58,13.6421,0.518
4020000,17,-205.597,1434.11,19.4062,0.561
4040000,13,-178.667,1450.5,15.6188,0.475
4060000,13,-167.775,1434.87,11.8076,0.506
4080000,12,-159.279,1443.65,16.6492,0.489
4100000,17,-222.846,1434,20.8792,0.504
4120000,14,-183.847,1433.14,18.8716,0.501
4140000,13,-176.969,1434.23,17.8618,0.491
4160000,16,-197.27,1438,13.0829,0.511
4180000,16,-208.647,1427.73,17.3214,0.537
4200000,19,-242.988,1423.78,17.2855,0.532
4220000,15,-194.405,1446.94,11.7344,0.535
4240000,18,-224.141,1431.57,19.516,0.523222
4260000,14,-193.966,1446.13,16.4245,0.50475
4280000,17,-217.24,1427.55,18.0191,0.505
4300000,17,-210.904,1412.22,15.9453,0.517
4320000,16,-198.138,1411.31,17.4063,0.510571
4340000,19,-226.609,1420.51,21.1643,0.532
4360000,22,-264.836,1438.12,23.7912,0.568643
4380000,11,-142.635,1412.14,15.3022,0.493
4400000,14,-178.379,1444.38,11.1007,0.528375
4420000,17,-209.658,1414.03,12.0195,0.549333
4440000,14,-181.139,1418.73,14.4681,0.513
4460000,10,-130.627,1419.52,9.05219,0.459
4480000,13,-169.562,1428.82,18.6426,0.5055
4500000,12,-153.035,1412.7,13.6667,0.4765
4520000,14,-184.636,1430.97,10.6605,0.5245
4540000,15,-199.534,1440.93,18.3409,0.52
4560000,13,-170.291,1440.25,11.8715,0.477
4580000,17,-218.657,1427.36,14.8708,0.501
4600000,14,-183.817,1450.51,12.0091,0.493
4620000,19,-246.914,1447.7,10.4999,0.527
4640000,16,-213.501,1437.77,20.9073,0.508
4660000,20,-250.984,1467.71,23.7944,0.56
4680000,14,-183.213,1450.68,18.7184,0.5305
4700000,14,-178.369,1442.89,17.3095,0.511
4720000,17,-212.835,1440.15,22.9427,0.537
4740000,15,-194.887,1440.55,16.4829,0.537
4760000,20,-248.453,1440.51,21.358,0.526
4780000,17,-215.868,1425.02,16.9975,0.505444
4800000,16,-203.158,1448.31,19.6239,0.511
4820000,14,-186.907,1447.4,10.8796,0.508
4840000,16,-204.667,1445.96,14.5285,0.482
4860000,20,-243.237,1449.48,23.2017,0.542545
4880000,20,-245.252,1439.46,16.2862,0.537
4900000,13,-174.433,1424.31,10.0555,0.5
4920000,17,-212.909,1430.11,18.4491,0.55
4940000,13,-181.716,1444,10.875,0.461
4960000,17,-209.554,1417.05,14.6893,0.534
4980000,15,-178.565,1392.49,16.4443,0.547
5000000,14,-184.491,1437.3,10.7399,0.54
5020000,15,-192.409,1434.99,13.7282,0.527
5040000,16,-211.351,1448.36,25.3743,0.514692
5060000,10,-142.37,1430.52,11.4654,0.464
5080000,14,-182.067,1448.11,18.3241,0.491
5100000,14,-185.706,1440.97,10.9262,0.537
5120000,15,-193.127,1452.76,17.5272,0.5201
5140000,13,-170.986,1440.89,19.9587,0.482
5160000,15,-190.267,1440.59,13.8126,0.515333
5180000,17,-222.439,1453.83,14.1641,0.507632
5200000,13,-179.474,1435.09,20.7516,0.484
5220000,18,-229.102,1437.79,24.3716,0.495286
5240000,19,-245.352,1446.12,16.9112,0.5228
5260000,18,-226.955,1415.16,11.6186,0.59
5280000,12,-161.735,1438.33,13.5751,0.482
5300000,13,-165.834,1430.05,18.8168,0.506
5320000,15,-185.141,1432.75,17.0093,0.529
5340000,16,-201.788,1411.02,23.2153,0.538
5360000,11,-154.492,1433.83,12.2607,0.452
5380000,14,-179.65,1422.3,8.54111,0.534
5400000,19,-236.727,1438.84,12.3563,0.554
5420000,12,-158.022,1424.73,7.40519,0.509857
5440000,10,-141.726,1424.81,15.9643,0.5
5460000,22,-263.887,1433.97,25.1634,0.551333
5480000,19,-235.664,1425.65,21.8325,0.545
5500000,18,-222.607,1433.68,16.9515,0.577
5520000,15,-194.282,1435.87,15.8606,0.4862
5540000,12,-156.675,1438.07,12.6795,0.5005
5560000,14,-178.534,1427.69,14.238,0.492
5580000,15,-190.651,1437.29,14.6251,0.512818
5600000,15,-186.039,1428.02,21.315,0.499333
5620000,13,-157.292,1429.96,9.43596,0.519
5640000,13,-166.606,1442.46,9.22957,0.519
5660000,11,-145.063,1426.11,12.4301,0.509
5680000,15,-208.027,1435.88,16.8176,0.523
5700000,22,-271.945,1445.68,32.3264,0.593
5720000,11,-148.626,1435.12,10.1267,0.511
5740000,13,-171.583,1435.16,16.5983,0.499
5760000,15,-189.023,1437.59,15.0538,0.551
5780000,11,-148.617,1412.57,15.8847,0.528778
5800000,21,-261.586,1441.11,25.0918,0.568
5820000,14,-178.498,1434.05,11.4047,0.510333
5840000,19,-232.958,1414.71,26.3699,0.5166
5860000,19,-227.506,1425.76,16.2859,0.581
5880000,13,-173.87,1434.18,14.4727,0.486
5900000,15,-199.164,1433.38,16.3038,0.50475
5920000,19,-240.069,1441.91,15.2329,0.548
5940000,14,-175.83,1407.9,16.2529,0.531
5960000,14,-180.262,1423.38,16.1498,0.5255
5980000,15,-190.215,1426.75,17.6386,0.514
6000000,18,-236.529,1429.85,15.2125,0.515833
6020000,12,-162.378,1423.17,9.29472,0.488333
6040000,23,-285.418,1445.29,18.924,0.55
6060000,16,-200.385,1434.08,17.8327,0.507
6080000,13,-175.421,1444.18,17.7497,0.5128
6100000,14,-180.318,1418.47,22.1808,0.533357
6120000,16,-201.635,1416.83,19.1417,0.5168
6140000,13,-168.587,1429.66,20.1031,0.5244
6160000,14,-180.038,1433.45,11.1278,0.496
6180000,14,-185.559,1441.09,21.958,0.508
6200000,19,-239.625,1426.21,20.5622,0.56
6220000,14,-187.34,1431.53,20.3369,0.518
6240000,14,-179.018,1425.44,19.7531,0.531
6260000,15,-200.288,1447.66,17.7986,0.507
6280000,13,-169.349,1438.76,14.861,0.497
6300000,14,-186.529,1429.21,15.0004,0.514875
6320000,13,-168.426,1434.55,14.0884,0.503667
6340000,13,-170.822,1428.66,10.9527,0.514
6360000,17,-217.39,1443.54,14.8388,0.516
6380000,15,-193.953,1435.65,20.83,0.505118
6400000,18,-226.73,1433.91,13.7922,0.529
6420000,19,-231.014,1432.69,20.8845,0.552
6440000,14,-168.642,1422.85,16.8525,0.533
6460000,15,-189.334,1425.9,17.5948,0.546
6480000,14,-185.435,1445.92,17.4351,0.532
6500000,13,-163.478,1417.45,12.0604,0.5185
6520000,12,-162.071,1434.17,10.4099,0.479
6540000,11,-141.802,1438.08,10.6763,0.521917
6560000,12,-160.953,1431.63,14.2831,0.511
6580000,16,-204.48,1438.75,17.5153,0.516
6600000,13,-179.108,1435.94,16.8293,0.512
6620000,14,-178.414,1445.31,16.3444,0.525
6640000,18,-234.695,1444.44,27.6565,0.53425
6660000,13,-178.081,1442.62,9.69875,0.5225
6680000,12,-163.349,1442.09,7.92293,0.489
6700000,20,-249.822,1444.31,29.2345,0.537091
6720000,13,-173.186,1454.1,12.6504,0.481
6740000,15,-192.016,1425.03,17.3818,0.512714
6760000,13,-184.686,1452.01,14.4902,0.488
6780000,15,-193.688,1432.3,28.8501,0.516
6800000,18,-223.578,1443.2,21.4596,0.513
6820000,14,-180.091,1437.49,16.3389,0.4865
6840000,16,-205.104,1438.54,14.2528,0.524
6860000,15,-196.44,1441.27,18.7495,0.498
6880000,17,-217.424,1450.86,18.5973,0.522
6900000,13,-175.61,1456.18,10.345,0.4965
6920000,13,-172.21,1437.04,12.3974,0.505
6940000,15,-194.711,1430.98,14.6069,0.53
6960000,19,-240.752,1425.89,15.0696,0.50435
6980000,19,-238.591,1433.4,24.8852,0.5695
7000000,17,-220.822,1437.14,23.0282,0.5045
7020000,11,-151.316,1440.46,10.3803,0.511
7040000,18,-217.887,1425.62,16.3191,0.531
7060000,15,-194.096,1430.81,15.9043,0.5342
7080000,18,-224.849,1435.23,15.8052,0.546667
7100000,16,-198.709,1423.03,13.7534,0.547
7120000,19,-226.459,1419.57,21.605,0.5835
7140000,11,-144.751,1425.32,23.7626,0.539
7160000,21,-250.531,1413.29,19.2579,0.5457
7180000,14,-186.372,1438.65,15.0936,0.533
7200000,12,-168.197,1427.71,16.4095,0.472
7220000,14,-187.146,1430.45,17.6423,0.486
7240000,18,-221.332,1433.13,21.4691,0.558
7260000,18,-220.227,1440.41,14.895,0.528143
7280000,16,-203.271,1440.85,23.092,0.517
7300000,14,-186.565,1427.04,12.5221,0.524
7320000,16,-201.173,1430.86,18.4254,0.5338
7340000,17,-210.991,1432.78,19.8621,0.5305
7360000,17,-222.258,1423.19,17.8421,0.483
7380000,17,-209.526,1429.13,19.4057,0.5205
7400000,14,-173.46,1434.52,15.6238,0.463
7420000,17,-211.963,1431.68,14.28,0.55
7440000,16,-209.869,1445.77,14.8221,0.541
7460000,16,-208.196,1439.25,21.4534,0.525
7480000,18,-219.082,1449.49,22.4744,0.548286
7500000,15,-184.371,1430.7,22.8688,0.5138
7520000,12,-155.145,1427.44,15.9357,0.496
7540000,11,-152.771,1441.25,7.95324,0.467
7560000,14,-182.986,1437.86,10.7981,0.485
7580000,12,-159.254,1422.94,12.1292,0.49
7600000,12,-163.7,1440.14,10.8037,0.48
7620000,12,-168.465,1442.64,15.4647,0.485
7640000,12,-168.772,1436.94,8.78072,0.467
7660000,16,-214.381,1436.29,22.1107,0.518
7680000,16,-197.915,1424.55,18.6781,0.539
7700000,19,-234.094,1426.21,19.9073,0.539
7720000,14,-185.095,1443.94,18.4782,0.5228
7740000,13,-167.011,1430.98,14.9959,0.485
7760000,15,-192.251,1443.56,16.1627,0.506
7780000,14,-186.222,1433.93,11.3918,0.502
7800000,20,-246.474,1442.22,28.3629,0.5184
7820000,11,-147.056,1433.47,10.6441,0.516
7840000,15,-194.56,1449.52,18.6673,0.535
7860000,21,-264.807,1457.42,28.669,0.536
7880000,17,-230.982,1432.3,16.8566,0.494
7900000,11,-158.866,1462,7.95973,0.472
7920000,15,-193.255,1419.46,14.1118,0.506
7940000,14,-188.82,1433.53,21.4329,0.507556
7960000,15,-196.141,1443.59,17.1745,0.512
7980000,20,-256.832,1456.25,15.093,0.488
8000000,15,-195.169,1440.55,17.4188,0.537
8020000,16,-200.931,1432.36,13.4789,0.5395
8040000,14,-182.765,1419.44,11.9754,0.488
8060000,15,-196.292,1456.81,15.7137,0.507304
8080000,14,-196.433,1443.73,21.4905,0.512
8100000,10,-133.691,1414.27,15.6278,0.472
8120000,16,-201.685,1437.98,15.7426,0.512
8140000,15,-188.679,1427.85,13.8232,0.529
8160000,12,-165.808,1436.63,17.1608,0.506
8180000,19,-237.128,1430.14,19.2169,0.529
8200000,16,-215.738,1440.96,11.6885,0.485667
8220000,19,-240.192,1450.55,27.3881,0.534
8240000,14,-180.827,1433.36,12.5325,0.506
8260000,18,-221.846,1414.48,17.9894,0.52925
8280000,15,-190.797,1424.28,15.0758,0.539
8300000,15,-191.766,1434.54,16.9082,0.535
8320000,15,-192.803,1425.16,15.3828,0.491
8340000,18,-229.751,1453.87,23.7471,0.545
8360000,16,-206.72,1436.42,20.2008,0.527
8380000,15,-185.616,1445.7,9.67917,0.499286
8400000,14,-176.695,1429.96,11.8087,0.479
8420000,20,-238.796,1409.81,19.4252,0.56
8440000,19,-235.116,1448.59,20.6473,0.513333
8460000,25,-302.467,1399.03,28.0433,0.579
8480000,19,-230.129,1431.1,12.7705,0.555857
8500000,12,-157.354,1445.92,10.3948,0.493
8520000,14,-176.344,1426.91,16.9744,0.484
8540000,23,-289.653,1448.34,21.7524,0.547167
8560000,11,-154.799,1420.58,9.93318,0.45
8580000,14,-175.297,1429.71,13.4835,0.533
8600000,15,-204.567,1463.37,14.1028,0.495909
8620000,13,-181.228,1446.73,21.0321,0.477
8640000,12,-161.755,1435.77,16.4567,0.489
8660000,15,-183.185,1418.25,13.776,0.536
8680000,16,-212.984,1427.13,17.2658,0.553
8700000,14,-192.749,1437.3,12.9781,0.4965
8720000,15,-187.887,1442.97,12.6094,0.517
8740000,11,-153.915,1434.16,13.0246,0.486
8760000,11,-149.129,1436.19,10.7315,0.49
8780000,13,-172.355,1436.76,18.0612,0.519
8800000,18,-229.767,1439.15,18.555,0.5125
8820000,17,-216.797,1441.4,24.8325,0.505
8840000,15,-202.094,1435.95,12.2887,0.555
8860000,13,-168.993,1433.08,12.5719,0.509
8880000,14,-199.954,1465.19,12.0676,0.472
8900000,17,-222.834,1456.51,18.8427,0.526778
8920000,16,-197.47,1440.69,14.6791,0.5174
8940000,16,-205.035,1437.95,16.995,0.499
8960000,17,-214.602,1454.18,18.0905,0.529385
8980000,16,-213.817,1450.57,18.6839,0.521
9000000,20,-241.808,1447.15,22.12,0.544
9020000,16,-204.466,1440.57,11.7987,0.511
9040000,23,-280.023,1462.52,15.2488,0.573
9060000,14,-184.402,1419.53,17.6379,0.532
9080000,15,-194.546,1433.35,18.1652,0.5408
9100000,15,-190.946,1440.31,20.1165,0.52225
9120000,12,-164.546,1441.91,13.3311,0.488
9140000,14,-185.966,1439.17,14.9151,0.507
9160000,14,-182.518,1433.28,16.7185,0.512
9180000,18,-229.819,1436.86,16.8057,0.503
9200000,15,-190.877,1434.65,11.9061,0.506
9220000,14,-183.954,1427.75,14.7843,0.530133
9240000,11,-151,1435.51,16.0321,0.51325
9260000,14,-174.557,1424.38,7.44207,0.471
9280000,15,-189.818,1422.22,12.3573,0.5
9300000,17,-213.006,1432.15,18.8057,0.558
9320000,14,-185.729,1438.23,17.6137,0.526
9340000,14,-176.393,1427.02,13.961,0.497
9360000,12,-159.519,1438.63,17.626,0.484
9380000,15,-193.687,1433.43,12.4033,0.523636
9400000,17,-211.997,1434.65,17.4187,0.52
9420000,13,-174.696,1445.7,13.4751,0.50775
9440000,12,-168.978,1435.24,12.8112,0.475
9460000,18,-223.558,1423.84,14.9571,0.513
9480000,15,-188.1,1421.38,10.8302,0.539
9500000,15,-192.494,1437.29,19.1644,0.51
9520000,16,-214.011,1443.54,11.9048,0.561
9540000,15,-191.39,1431.71,15.2532,0.497
9560000,15,-202.789,1427.13,15.1115,0.539
9580000,14,-180.885,1432.83,20.1331,0.491
9600000,16,-196.371,1436.81,20.5112,0.521
9620000,14,-176.776,1428.8,16.2193,0.534
9640000,16,-204.202,1439.04,22.8839,0.498
9660000,17,-213.014,1438.1,16.1728,0.52
9680000,15,-191.431,1435.51,20.2106,0.551
9700000,14,-183.246,1430.25,15.3155,0.551
9720000,15,-194.067,1446.52,23.2258,0.51
9740000,13,-181.582,1441.26,15.2083,0.457
9760000,15,-194.942,1434.82,20.0504,0.5339
9780000,13,-174.522,1443.25,16.8835,0.475
9800000,17,-216.832,1424.56,21.1584,0.535
9820000,15,-202.589,1433.09,15.1441,0.544875
9840000,12,-158.041,1440.13,14.2329,0.486
9860000,18,-221.102,1419.74,14.0175,0.511308
9880000,15,-194.222,1438.45,13.0746,0.492
9900000,16,-202.078,1431.51,12.5766,0.538
9920000,15,-202.147,1439,21.5451,0.511821
9940000,14,-175.389,1434.08,18.7933,0.526571
9960000,18,-226.66,1432.87,18.9771,0.558
9980000,15,-203.129,1458.44,25.5521,0.522
10000000,13,-170.1,1425.31,12.7227,0.488364
10020000,15,-190.256,1419.05,14.1345,0.503
10040000,19,-240.861,1421.68,14.2187,0.543
10060000,13,-175.302,1419.48,18.2577,0.472
10080000,15,-193.615,1426.16,13.312,0.485
10100000,20,-246.987,1439.2,19.5081,0.529
10120000,14,-185.143,1430.85,8.79773,0.543
10140000,16,-205.086,1419.8,20.5053,0.488
10160000,13,-172.932,1440.53,14.6204,0.502
10180000,12,-161.89,1442.52,15.2614,0.454
10200000,14,-173.117,1433.26,10.401,0.493
10220000,12,-162.051,1440.92,12.5295,0.479
10240000,18,-223.567,1446.52,22.0252,0.525
10260000,20,-247.001,1417.28,20.1043,0.569333
10280000,18,-223.671,1427.16,15.8975,0.527
10300000,18,-234.548,1457.41,17.2861,0.55
10320000,13,-168.571,1447.58,25.7491,0.5018
10340000,17,-212.658,1442.8,21.2119,0.533
10360000,19,-237.72,1440.54,12.2164,0.565
10380000,14,-179.777,1426.16,15.9307,0.54
10400000,15,-185.547,1432.03,12.9398,0.52
10420000,20,-247.591,1449.71,23.4516,0.5165
10440000,17,-208.278,1439.39,12.3974,0.57
10460000,14,-191.153,1457.59,13.6541,0.475
10480000,16,-214.884,1460.2,18.0928,0.5
10500000,15,-200.658,1454.14,15.757,0.499
10520000,13,-178.93,1445.73,13.6738,0.495
10540000,19,-240.846,1435.03,11.0931,0.5475
10560000,14,-177.238,1430.85,13.5717,0.466
10580000,14,-188.393,1427.02,20.0856,0.533
10600000,13,-167.302,1444.52,17.0638,0.5183
10620000,17,-215.045,1424.09,14.6464,0.557
10640000,15,-192.651,1442.43,11.8799,0.517
10660000,15,-208.234,1451.89,17.1615,0.503143
10680000,13,-181.192,1456.85,9.07148,0.466
10700000,18,-231.852,1448.98,19.602,0.518
10720000,13,-171.649,1424.34,10.7164,0.524705
10740000,18,-225.339,1433.79,19.2528,0.526
10760000,20,-255.603,1452.38,27.1663,0.571
10780000,14,-186.643,1445.06,19.2275,0.512
10800000,13,-168.241,1437.94,16.3648,0.518
10820000,14,-186.593,1428.81,15.4057,0.52
10840000,13,-172.539,1438.03,9.34605,0.525
10860000,15,-185.049,1439.2,12.0135,0.53
10880000,16,-196.828,1438.17,11.9095,0.546
10900000,12,-167.627,1455.95,11.714,0.538167
10920000,19,-239.368,1443.65,23.1217,0.529
10940000,14,-181.12,1438.41,15.0437,0.504
10960000,17,-219.451,1442.45,16.996,0.525091
10980000,13,-175.728,1446.84,17.5046,0.529
11000000,16,-207.79,1441.8,24.5783,0.509
11020000,12,-163.195,1445.37,6.78725,0.498
11040000,17,-221.072,1454.96,19.6363,0.515429
11060000,16,-208.178,1430.6,17.3794,0.552
11080000,13,-172.957,1443.98,13.5553,0.492
11100000,20,-242.202,1437.56,15.6266,0.545889
11120000,14,-199.165,1453.88,18.5929,0.466
11140000,14,-187.118,1447.74,12.951,0.538
11160000,13,-176.079,1439.17,10.0392,0.517875
11180000,18,-219.906,1432.45,17.0005,0.525
11200000,14,-184.654,1453.85,15.4141,0.5
11220000,14,-179.37,1444.13,16.4768,0.488
11240000,12,-157.518,1440.06,17.0876,0.472
11260000,14,-185.239,1436.15,12.1454,0.536
11280000,16,-205.717,1431.74,9.25614,0.558
11300000,13,-169.482,1439.86,7.73429,0.525
11320000,18,-229.231,1456.99,15.9049,0.548
11340000,12,-162.735,1425.08,10.8256,0.493
11360000,15,-200.037,1438.9,21.8164,0.5
11380000,13,-178.936,1428.78,16.1547,0.5015
11400000,17,-212.101,1406.43,18.4428,0.554
11420000,18,-232.665,1432.44,25.5714,0.522429
11440000,13,-169.086,1437.13,18.5237,0.506
11460000,18,-215.198,1435.13,18.6576,0.547333
11480000,12,-156.746,1427.8,12.6174,0.506
11500000,12,-166.023,1433.4,14.9149,0.533
11520000,17,-216.141,1434.22,21.8881,0.562
11540000,19,-239.049,1426.4,16.1288,0.55
11560000,14,-175.219,1428.03,16.5434,0.518
11580000,14,-191.427,1460.56,19.8443,0.490333
11600000,12,-164.641,1442.95,8.66899,0.462
11620000,11,-152.677,1446.48,13.9541,0.483
11640000,12,-155.879,1419.92,13.2362,0.486
11660000,16,-197.539,1440.48,17.3437,0.508
11680000,18,-226.586,1447.37,20.7427,0.540074
11700000,13,-170.831,1427.39,15.2972,0.503
11720000,15,-193.33,1438.33,15.173,0.525784
11740000,13,-169.713,1436.76,4.91482,0.521923
11760000,13,-172.274,1416.85,13.8831,0.525889
11780000,12,-158.228,1424.56,10.4711,0.455
11800000,17,-224.536,1442.06,12.2018,0.469
11820000,10,-134.794,1423.51,9.23517,0.483
11840000,11,-151.078,1419.04,7.60319,0.483
11860000,18,-215.821,1425.5,16.2917,0.51
11880000,12,-158.712,1422.06,12.7665,0.506
11900000,15,-196.004,1438.38,12.5139,0.527
11920000,11,-139.983,1419.82,16.206,0.505
11940000,19,-236.94,1425.6,20.6207,0.557
11960000,16,-201.447,1428.9,12.8662,0.5285
11980000,16,-212.737,1432.78,14.4105,0.512679
12000000,11,-146.524,1416.83,13.9463,0.473
12020000,17,-207.438,1417.95,22.4567,0.523
12040000,15,-200.571,1435.22,14.7114,0.535
12060000,21,-265.491,1458.82,15.9251,0.565
12080000,17,-212.874,1444.29,18.2165,0.530667
12100000,16,-206.551,1456.03,12.8212,0.534
12120000,15,-197.096,1442.16,15.1883,0.5035
12140000,15,-196.292,1428.46,28.0609,0.491
12160000,18,-228.112,1440.19,29.1791,0.508714
12180000,13,-168.806,1418.24,10.4907,0.497
12200000,16,-199.525,1422.59,16.3957,0.514227
12220000,18,-219.204,1434.54,16.6226,0.565
12240000,22,-274.233,1433.6,22.4058,0.53325
12260000,16,-203.971,1437.02,28.5202,0.522
12280000,11,-150.12,1446.29,9.38987,0.486
12300000,11,-145.504,1421.9,10.537,0.5015
12320000,12,-153.701,1414.52,13.5746,0.494
12340000,15,-190.229,1423.08,20.5806,0.539
12360000,11,-149.543,1427.04,14.6726,0.451
12380000,13,-172.155,1414.15,16.417,0.4804
12400000,12,-163.679,1435.71,14.215,0.487
12420000,18,-225.328,1435.93,14.8971,0.525
12440000,14,-183.117,1441.69,12.9566,0.503
12460000,17,-211.389,1425.17,17.2314,0.536
12480000,15,-203.395,1446.54,20.7848,0.524
12500000,14,-183.287,1439.84,18.6492,0.5205
12520000,14,-183.06,1428.96,17.6755,0.509333
12540000,14,-182.854,1427.96,9.2933,0.522
12560000,17,-221.011,1425.83,24.5858,0.524
12580000,19,-239.731,1442.07,17.1724,0.5065
12600000,12,-166.35,1450.14,13.1423,0.445
12620000,16,-200.046,1435.34,19.2034,0.522565
12640000,21,-268.188,1454.8,18.2175,0.515385
12660000,13,-171.77,1429.93,18.0691,0.536
12680000,14,-182.093,1432.63,16.5582,0.499
12700000,14,-180.354,1413.01,16.1244,0.5265
12720000,10,-138.165,1415.9,12.6706,0.475
12740000,17,-215.896,1427.78,18.3139,0.55
12760000,16,-200.394,1419.39,21.2683,0.533
12780000,21,-243.243,1411.6,20.9429,0.553
12800000,15,-193.056,1433.67,11.9811,0.506333
12820000,11,-147.819,1441.38,9.33447,0.483
12840000,16,-195.683,1425.09,14.7571,0.511
12860000,15,-200.263,1430.89,11.1843,0.542
12880000,21,-252.597,1434.21,19.6145,0.552
12900000,14,-180.418,1429.8,13.645,0.5265
12920000,21,-260.947,1439.14,23.8317,0.53
12940000,14,-178.485,1435.71,16.8687,0.52
12960000,13,-174.498,1442.78,9.19864,0.498
12980000,20,-256.188,1449.85,18.3328,0.5424
13000000,12,-169.115,1451.81,11.3641,0.4886
13020000,17,-216.081,1433.37,16.1601,0.502
13040000,18,-222.127,1431.68,16.2283,0.508111
13060000,13,-166.625,1433.52,14.3737,0.499333
13080000,14,-188.033,1442.88,22.3014,0.52
13100000,17,-221.374,1438.73,18.3339,0.547
13120000,14,-176.581,1418.84,7.32689,0.548259
13140000,10,-135.807,1413.88,8.22658,0.486
13160000,13,-172.231,1441.05,12.5866,0.491
13180000,16,-204.386,1437.14,12.6667,0.523
13200000,18,-219.092,1431.43,17.3016,0.5181
13220000,14,-182.287,1434.51,14.2113,0.513
13240000,16,-206.145,1433.87,17.0982,0.509391
13260000,17,-214.693,1423.58,23.8346,0.525
13280000,15,-199.456,1431.38,10.9393,0.5124
13300000,18,-235.554,1436.36,19.9522,0.529
13320000,13,-178.194,1434.68,11.9312,0.473
13340000,17,-209.127,1444.31,15.3127,0.536
13360000,15,-192.547,1440.04,15.1166,0.512
13380000,18,-225.255,1440.73,19.7487,0.522
13400000,15,-194.793,1418.12,10.0129,0.525875
13420000,17,-209.971,1445.81,12.9483,0.534
13440000,15,-192.166,1428.19,16.2342,0.521
13460000,15,-190.482,1430.03,10.9419,0.522182
13480000,20,-246.232,1434.34,12.5514,0.548
13500000,14,-178.824,1423,13.6639,0.514
13520000,13,-176.301,1447.76,14.6203,0.531
13540000,11,-147.016,1437.57,13.4081,0.503
13560000,17,-218.852,1445.29,22.7691,0.492
13580000,21,-253.643,1425,20.4125,0.58
13600000,19,-231.313,1411.74,25.9513,0.5315
13620000,15,-199.071,1454,14.3309,0.478
13640000,14,-184.199,1437.98,13.9755,0.495
13660000,12,-158.951,1430.45,14.8833,0.5114
13680000,12,-157.172,1432.51,13.029,0.482
13700000,19,-237.148,1404.14,24.8944,0.545286
13720000,15,-197.552,1428.76,19.5869,0.502667
13740000,12,-163.461,1436.48,16.7607,0.524
13760000,17,-210.057,1450.09,15.4809,0.562
13780000,12,-166.342,1439.93,13.716,0.469
13800000,12,-171.482,1449.38,16.6099,0.498
13820000,21,-266.655,1443.19,13.8621,0.548545
13840000,16,-214.262,1438.57,19.4874,0.535
13860000,18,-240.845,1427.35,14.7451,0.546
13880000,16,-209.218,1435.33,9.6148,0.539
13900000,15,-195.903,1458.71,12.8432,0.52075
13920000,17,-212.153,1434.75,16.7287,0.523
13940000,18,-248.046,1464.28,18.2878,0.528692
13960000,17,-215.296,1448.69,21.5022,0.546
13980000,14,-179.48,1434.54,13.9751,0.495
14000000,15,-196.583,1438.06,13.3116,0.5296
14020000,18,-229.496,1439.37,14.3722,0.567714
14040000,14,-178.317,1424.13,22.1047,0.479
14060000,15,-185.135,1433.17,33.9879,0.513
14080000,13,-173.954,1436.11,11.6224,0.468
14100000,11,-142.68,1435.99,14.7749,0.51
14120000,14,-184.613,1430.64,13.4893,0.505
14140000,11,-155.076,1432.65,11.7206,0.45175
14160000,16,-199.812,1442.74,12.7333,0.504
14180000,17,-228.333,1437.63,16.6305,0.545
14200000,17,-222.116,1434.42,22.692,0.533333
14220000,18,-241.21,1446.03,17.8318,0.523
14240000,18,-224.153,1430.12,22.381,0.5396
14260000,14,-173.014,1422.08,26.925,0.544
14280000,13,-171.704,1434.15,18.2278,0.486
14300000,14,-183.856,1448.19,19.4615,0.529
14320000,19,-235.534,1449.18,11.8785,0.555
14340000,22,-274.59,1449.31,23.6785,0.561333
14360000,15,-192.692,1445.17,18.1572,0.507
14380000,16,-203.587,1447.77,22.1019,0.499
14400000,15,-199.809,1454.51,16.7,0.51575
14420000,11,-150.077,1433,11.298,0.49725
14440000,16,-204.335,1443.54,15.0638,0.529
14460000,23,-282.821,1445.89,20.931,0.553111
14480000,19,-245.502,1450.27,24.7425,0.520333
14500000,19,-234.433,1443.22,21.2917,0.536
14520000,16,-204.306,1436.93,24.8333,0.555963
14540000,14,-183.819,1444.58,14.9292,0.4947
14560000,16,-200.274,1441.92,19.9677,0.529
14580000,15,-197.847,1423.33,14.5939,0.49
14600000,13,-166.406,1433.9,9.52389,0.503
14620000,12,-154.497,1431.78,13.3224,0.45
14640000,16,-207.568,1451.73,21.4601,0.5012
14660000,17,-216.461,1456.78,15.0519,0.51195
14680000,12,-162.565,1444.87,8.38884,0.513
14700000,15,-186.845,1449.06,18.6845,0.507
14720000,14,-188.832,1448.75,13.9011,0.499
14740000,22,-266.913,1442.45,22.2987,0.541
14760000,14,-186.006,1458.54,20.7445,0.478
14780000,13,-179.488,1439.95,13.4636,0.458
14800000,18,-234.319,1441.88,11.654,0.531333
14820000,11,-157.28,1436.74,13.2624,0.464
14840000,15,-203.566,1417.74,9.75783,0.513375
14860000,18,-228.822,1436.39,24.029,0.54437
14880000,19,-237.324,1440.34,21.1679,0.542
14900000,17,-205.822,1424.59,17.1561,0.578
14920000,13,-167.655,1440.76,13.0376,0.499
14940000,11,-149.608,1425.68,9.48341,0.495
14960000,15,-197.317,1438.44,24.0502,0.523941
14980000,14,-179.545,1425.6,11.0526,0.534714
15000000,13,-171.05,1450.01,11.341,0.477
15020000,15,-194.351,1412.64,25.7532,0.502
15040000,23,-288.573,1442.16,27.9965,0.517
15060000,16,-200.583,1437.19,19.3202,0.496
15080000,16,-214.529,1441.78,21.778,0.515
15100000,17,-210.75,1414.82,18.9435,0.541
15120000,12,-160.593,1411.09,10.1489,0.494333
15140000,18,-231.202,1437.51,17.9177,0.558
15160000,18,-226.944,1427.13,17.1986,0.545
15180000,13,-180.647,1448.11,14.3419,0.4825
15200000,14,-193.05,1452.5,13.5,0.482
15220000,13,-181.996,1447.25,9.79575,0.48
15240000,14,-187.479,1416.84,15.1123,0.527
15260000,15,-191.962,1437.09,17.7314,0.514
15280000,13,-168.407,1444.66,23.7337,0.499
15300000,13,-179.65,1436.5,10.4129,0.479143
15320000,16,-197.518,1434.55,22.2294,0.521273
15340000,12,-158.178,1404.78,9.89662,0.52975
15360000,16,-211.348,1430.81,15.451,0.526
15380000,13,-159.753,1402.39,13.2689,0.471333
15400000,15,-182.11,1425.26,22.7739,0.529833
15420000,15,-190.088,1427.37,16.2057,0.571
15440000,14,-175.786,1426.27,19.1715,0.536286
15460000,13,-169.958,1435.96,12.6614,0.5265
15480000,15,-191.568,1436.05,11.8972,0.518
15500000,16,-205.55,1441.32,11.609,0.543
15520000,13,-163.439,1399.61,10.3414,0.566667
15540000,12,-152.337,1419.12,14.9873,0.503
15560000,15,-179.829,1438.52,17.1927,0.542636
15580000,13,-170.727,1431.55,10.7056,0.485
15600000,14,-186.68,1437.3,22.1996,0.484
15620000,14,-193.466,1432.12,11.7917,0.487
15640000,11,-144.656,1413.08,15.2264,0.502
15660000,15,-189.273,1432.04,14.4953,0.523
15680000,13,-171.629,1441.44,21.4542,0.516333
15700000,14,-183.269,1425.51,13.2304,0.471
15720000,15,-185.62,1423.61,12.4609,0.545
15740000,13,-167.58,1420.79,21.7825,0.496
15760000,13,-173.104,1429.93,12.3172,0.513636
15780000,13,-171.56,1437.27,12.875,0.5
15800000,11,-143.755,1431.62,7.93759,0.504
15820000,11,-144.322,1416.1,9.23421,0.498
15840000,14,-170.421,1417.28,15.0844,0.539
15860000,17,-218.409,1434.81,11.4857,0.509
15880000,14,-181.938,1435.51,21.219,0.49
15900000,14,-177.488,1427.81,15.5897,0.539
15920000,13,-164.797,1420.41,12.0721,0.507375
15940000,13,-168.724,1438.32,10.553,0.52
15960000,12,-165.563,1434,9.42291,0.49575
15980000,11,-154.26,1443.56,10.989,0.526533
16000000,17,-203.673,1427.26,23.8729,0.549667
16020000,13,-165.34,1431.79,20.2859,0.477
16040000,16,-214.73,1447.21,22.4628,0.527
16060000,17,-213.965,1443.91,25.0147,0.529917
16080000,15,-200.225,1445.72,16.2551,0.535
16100000,15,-200.543,1454.25,14.3229,0.511857
16120000,18,-225.814,1430.28,17.082,0.542
16140000,17,-215.302,1438.85,17.505,0.530312
16160000,14,-180.306,1443.54,5.88313,0.51
16180000,12,-158.358,1436.67,13.3979,0.474
16200000,18,-235.388,1451.78,21.3653,0.55
16220000,16,-199.09,1432.05,16.8108,0.505
16240000,23,-284.14,1440.25,26.8367,0.551389
16260000,18,-222.126,1432.68,13.5917,0.538833
16280000,15,-186.858,1436.29,20.9061,0.509
16300000,15,-189.432,1433.08,20.7132,0.514
16320000,17,-216.126,1436.8,12.3849,0.527
16340000,14,-181.548,1439.99,13.3348,0.511
16360000,17,-220.429,1435.01,10.5866,0.559
16380000,13,-185.031,1430.33,11.2093,0.48
16400000,18,-226.911,1452.1,20.3224,0.567
16420000,15,-193.096,1433.57,19.9933,0.519667
16440000,17,-216.66,1435.06,20.9071,0.528
16460000,18,-239.736,1433.42,20.9992,0.52735
16480000,12,-163.22,1438.43,12.2265,0.47
16500000,14,-181.115,1437.4,12.8899,0.513917
16520000,13,-174.31,1441.38,9.07024,0.495
16540000,14,-186.891,1436.38,11.5033,0.521
16560000,16,-198.354,1438.59,18.3046,0.512
16580000,14,-182.26,1429.12,26.2992,0.499
16600000,14,-174.448,1419.63,23.1243,0.516
16620000,13,-168.138,1429.2,18.7858,0.527
16640000,17,-211.57,1436.7,22.4947,0.533
16660000,16,-198.937,1441.99,21.6899,0.548
16680000,19,-241.717,1434.67,19.8206,0.554
16700000,14,-178.908,1425.38,14.0095,0.525
16720000,18,-220.849,1430.25,11.4841,0.529538
16740000,13,-165.785,1418.16,12.8028,0.521
16760000,17,-222.336,1435.89,20.4897,0.523852
16780000,11,-147.291,1443.86,9.04836,0.516
16800000,12,-162.01,1440.81,11.5399,0.4735
16820000,16,-198.296,1431,14.4747,0.533
16840000,23,-284.423,1420.72,29.128,0.557
16860000,17,-204.625,1430.63,14.9065,0.527625
16880000,13,-168.581,1427.83,11.9373,0.518667
16900000,14,-183.345,1439.35,18.7647,0.538
16920000,13,-171.391,1430.83,11.8427,0.473
16940000,15,-192.945,1427.15,21.3215,0.542
16960000,14,-183.341,1417.41,17.5269,0.5345
16980000,12,-160.261,1435.33,15.2128,0.489
17000000,15,-187.603,1423.42,15.8959,0.519
17020000,15,-200.989,1431.65,18.1396,0.528786
17040000,13,-171.708,1430.07,9.99907,0.516
17060000,15,-189.693,1421.98,13.1027,0.515857
17080000,14,-182.936,1438.9,17.1982,0.512
17100000,14,-173.497,1420.56,13.1268,0.520286
17120000,23,-285.22,1439.61,30.2927,0.561
17140000,13,-174.207,1436.04,17.295,0.497
17160000,14,-185.521,1443.22,20.5428,0.511
17180000,15,-193.801,1434.89,14.6622,0.498
17200000,12,-151.01,1425.41,17.1148,0.479
17220000,14,-183.532,1428.5,18.6035,0.522
17240000,14,-182.685,1437.55,9.79738,0.495
17260000,16,-194.081,1402.7,12.3666,0.554
17280000,13,-162.598,1400.81,21.3041,0.495
17300000,11,-138.219,1413.77,8.71586,0.52
17320000,15,-180.103,1408.95,10.8119,0.522
17340000,15,-190.383,1415.45,10.8862,0.5
17360000,13,-171.702,1419.23,20.4983,0.514
17380000,19,-233.196,1413.67,26.4531,0.534
17400000,16,-200.747,1452.5,11.8523,0.482
17420000,14,-183.789,1430.07,14.3007,0.545
17440000,16,-206.986,1431.94,8.86871,0.531
17460000,12,-149.854,1430.66,5.97764,0.503
17480000,13,-166.893,1427.48,11.4861,0.514
17500000,17,-216.701,1442.94,11.4972,0.521875
17520000,16,-205.974,1441.6,7.67318,0.528813
17540000,17,-208.794,1438.36,16.2606,0.514
17560000,13,-175.547,1441.37,14.7473,0.479
17580000,15,-192.942,1434.82,10.6179,0.503706
17600000,13,-169.13,1424.04,14.1234,0.533909
17620000,15,-192.532,1441.94,13.4485,0.502
17640000,14,-190.717,1440.92,22.5515,0.463667
17660000,14,-182.284,1437.25,11.4838,0.533789
17680000,17,-213.99,1440.04,15.9075,0.528273
17700000,18,-222.204,1431.32,12.3562,0.498
17720000,11,-152.627,1443.19,12.5119,0.467
17740000,20,-245.807,1429.19,27.297,0.568
17760000,12,-160.993,1433.79,10.8762,0.464
17780000,12,-163.949,1427.85,17.822,0.507
17800000,18,-228.01,1437.41,22.5329,0.513
17820000,14,-189.54,1432.31,7.67365,0.448
17840000,12,-163.416,1441.42,11.4489,0.511333
17860000,16,-197.704,1422.71,14.9809,0.556
17880000,14,-182.568,1436.53,10.3078,0.514
17900000,16,-206.929,1441.79,11.9219,0.523
17920000,17,-217.667,1433.57,14.8908,0.559625
17940000,17,-215.083,1433.15,14.4301,0.511714
17960000,13,-172.203,1435.53,13.4726,0.502
17980000,14,-181.627,1437.76,21.0138,0.512333
18000000,19,-233.338,1437.52,25.7489,0.562
18020000,14,-183.534,1432.27,18.3731,0.468
18040000,14,-186.563,1431.19,18.83,0.524
18060000,13,-166.619,1433.37,14.0838,0.509636
18080000,16,-193.644,1415.79,13.3894,0.5328
18100000,16,-209.975,1423.69,11.0184,0.514
18120000,18,-237.512,1441.25,20.5309,0.53
18140000,14,-188.742,1438.54,7.77634,0.522
18160000,13,-173.083,1447.14,13.5981,0.488
18180000,12,-157.787,1438.61,13.6411,0.489
18200000,18,-230.15,1435.66,16.1145,0.527417
18220000,14,-186.083,1448.63,10.534,0.507
18240000,13,-176.324,1425.78,12.1761,0.483
18260000,13,-172.317,1421.43,16.7323,0.512
18280000,12,-161.708,1442.26,20.7245,0.476333
18300000,13,-175.568,1450.23,13.865,0.517
18320000,13,-164.708,1429.9,14.0417,0.514
18340000,16,-203.483,1448.71,14.7957,0.567
18360000,14,-178.014,1440.76,19.6177,0.518
18380000,14,-180.518,1442.84,13.0422,0.48
18400000,21,-259.132,1450.01,14.7328,0.532167
18420000,13,-169.951,1448.33,14.2378,0.498
18440000,13,-168.521,1439.79,17.0545,0.518286
18460000,11,-143.364,1423.49,10.8951,0.516
18480000,12,-162.498,1441.19,13.3943,0.537
18500000,13,-174.511,1419,12.3284,0.532
18520000,16,-199.457,1428.23,22.2184,0.549538
18540000,15,-198.55,1444.67,13.649,0.493
18560000,15,-191.773,1432.71,17.5099,0.545
18580000,13,-171.325,1424.98,9.72147,0.493
18600000,16,-198.443,1430.08,9.87781,0.494
18620000,11,-146.301,1420.69,8.40834,0.514
18640000,14,-189.133,1426.41,12.7567,0.535
18660000,14,-191.478,1444.75,14.3176,0.488
18680000,15,-195.395,1433.27,14.0396,0.531615
18700000,14,-184.26,1426.82,9.57096,0.511
18720000,14,-189.524,1432.21,12.8868,0.50875
18740000,15,-198.789,1428.32,19.0118,0.516
18760000,15,-192.411,1419.17,14.5497,0.546
18780000,13,-181.349,1452.84,17.3177,0.479
18800000,11,-149.192,1423.17,9.73946,0.483
18820000,12,-151.603,1431.77,18.2171,0.533
18840000,19,-235.499,1433.52,23.6771,0.548
18860000,14,-174.861,1432.42,15.2301,0.516308
18880000,15,-201.567,1436.8,17.4214,0.500273
18900000,12,-155.505,1436.05,11.8822,0.485
18920000,12,-161.444,1429.09,9.43899,0.503
18940000,14,-179.004,1422.73,10.809,0.504
18960000,13,-169.654,1420.71,15.1409,0.53175
18980000,12,-160.277,1425.54,14.3274,0.526143
19000000,13,-172.327,1448.67,7.06693,0.5125
19020000,13,-173.873,1437.94,17.5608,0.522
19040000,14,-181.81,1428.83,16.2422,0.557
19060000,14,-175.336,1414.4,17.2686,0.509286
19080000,15,-192.743,1425.28,15.6455,0.551
19100000,17,-215.756,1439,21.5371,0.536
19120000,15,-182.5,1427.9,18.5427,0.518
19140000,20,-250.758,1432,29.0949,0.548
19160000,14,-180.73,1436.18,13.8177,0.5008
19180000,20,-240.051,1423.78,18.608,0.609
19200000,17,-222.379,1423.58,14.5788,0.5115
19220000,16,-205.475,1444.31,29.2492,0.514857
19240000,16,-201.838,1433.14,18.206,0.541
19260000,17,-205.304,1413.25,12.4127,0.537
19280000,17,-222.082,1444.73,20.5001,0.556
19300000,14,-178.49,1430.99,13.2701,0.499
19320000,15,-186.979,1428.54,18.4764,0.505875
19340000,15,-187.548,1406.43,13.9651,0.539143
19360000,13,-167.093,1447.24,15.3908,0.489
19380000,13,-171.449,1443.36,12.9644,0.472
19400000,13,-171.265,1422.6,7.72279,0.517
19420000,13,-173.019,1427,12.6265,0.538
19440000,13,-166.931,1428.83,25.0387,0.530333
19460000,15,-193.619,1433.68,15.7985,0.525
19480000,19,-234.844,1434.93,17.4822,0.53
19500000,10,-137.025,1417.39,8.53788,0.4945
19520000,13,-166.392,1406.27,11.8623,0.5119
19540000,14,-183.187,1432.64,14.6922,0.526
19560000,11,-149.345,1420.74,8.36637,0.494
19580000,16,-199.272,1439.77,12.7283,0.487
19600000,16,-199.652,1435.13,20.6046,0.57
19620000,15,-190.624,1425.31,17.8568,0.556
19640000,13,-170.058,1438.72,10.2302,0.517
19660000,15,-191.291,1436.27,17.1146,0.529
19680000,18,-232.392,1416.84,12.7475,0.549
19700000,15,-193.765,1430.64,17.0461,0.504833
19720000,16,-203.99,1431.56,13.7571,0.536
19740000,16,-192.379,1434.38,19.8645,0.5465
19760000,16,-195.614,1435.07,14.4825,0.517
19780000,17,-211.377,1444.78,18.392,0.524
19800000,16,-203.182,1445.27,15.1276,0.5
19820000,13,-164.005,1436.92,14.9932,0.521
19840000,14,-181.318,1411.14,18.6227,0.5256
19860000,14,-170.281,1413.53,15.3768,0.514
19880000,12,-157.726,1440.08,12.9855,0.513571
19900000,14,-179.631,1439.58,11.1778,0.528
19920000,14,-181.714,1444.42,23.6028,0.515
19940000,17,-210.786,1417.85,18.8657,0.541286
19960000,22,-264.481,1432.76,32.803,0.551
19980000,16,-206.602,1424.79,18.123,0.513
20000000,12,-152.777,1428.95,11.0819,0.462
20020000,13,-177.139,1433.53,9.787,0.53
20040000,15,-202.215,1445.48,18.8221,0.505
20060000,21,-260.899,1422.7,22.6334,0.577
20080000,14,-197.952,1448,16.0006,0.494
20100000,12,-156.571,1433.44,9.44082,0.464
20120000,12,-162.316,1440.83,10.2587,0.491
20140000,17,-214.125,1437.49,21.49,0.551
20160000,16,-203.94,1442.85,16.752,0.527
20180000,14,-173.937,1422.33,14.4501,0.51675
20200000,17,-218.873,1433.8,23.8319,0.5445
20220000,14,-188.069,1448.96,16.1268,0.4725
20240000,14,-184.117,1434.89,9.93513,0.524421
20260000,14,-175.83,1421.4,14.3946,0.527375
20280000,12,-161.388,1432.57,20.2902,0.434
20300000,13,-169.04,1421.68,20.3914,0.516
20320000,15,-190.834,1441.84,13.8931,0.495
20340000,12,-161.502,1446.67,9.93592,0.476
20360000,17,-213.165,1435.98,20.491,0.528
20380000,16,-201.878,1413.43,13.9121,0.545846
20400000,12,-165.278,1440.78,13.4508,0.477
20420000,15,-190.692,1451.18,15.8034,0.522
20440000,16,-196.342,1427.07,21.5154,0.49
20460000,17,-218.324,1433.27,18.7981,0.545
20480000,11,-149.406,1401.03,8.21553,0.545111
20500000,16,-206.786,1437.22,18.5648,0.496
20520000,11,-145.912,1421.8,17.8778,0.50475
20540000,15,-198.101,1431.48,23.4983,0.517
20560000,15,-204.103,1437.3,14.0379,0.5305
20580000,18,-224.644,1425.8,12.1222,0.5
20600000,16,-205.511,1431.52,19.8781,0.532
20620000,14,-181.009,1431.84,11.0319,0.536
20640000,15,-192.843,1413.17,19.6651,0.517643
20660000,15,-189.66,1425.23,19.9991,0.512
20680000,14,-177.846,1422.96,19.3934,0.518588
20700000,13,-169.173,1421.4,19.5067,0.503
20720000,13,-174.338,1415.89,16.7679,0.487667
20740000,16,-203.494,1415.3,16.6946,0.523
20760000,10,-140.471,1429.94,9.87879,0.49575
20780000,12,-159.63,1421.84,17.3853,0.517235
20800000,17,-205.801,1431.26,19.7866,0.556
20820000,13,-168.215,1429.4,18.1041,0.5185
20840000,10,-133.572,1417.99,15.7346,0.496
20860000,11,-157.655,1419.96,9.41493,0.484
20880000,12,-162.426,1424.95,13.8392,0.458
20900000,11,-154.634,1431.68,9.81457,0.509222
20920000,15,-201.596,1437,14.7808,0.508
20940000,13,-171.979,1421.61,13.7159,0.513
20960000,14,-178.115,1420.76,12.9173,0.5438
20980000,18,-226.139,1432.9,20.2443,0.545368
21000000,18,-223.176,1430.5,20.3605,0.531
21020000,18,-221.98,1425.66,22.5345,0.4944
21040000,15,-190.986,1425.07,16.5912,0.511
21060000,12,-154.118,1432.84,13.756,0.479
21080000,22,-255.275,1426.07,18.0236,0.607
21100000,12,-150.103,1435.12,12.0736,0.502222
21120000,13,-170.329,1437.24,13.5611,0.495
21140000,13,-170.421,1433,14.5606,0.4925
21160000,12,-160.426,1429.11,16.2344,0.491
21180000,14,-179.289,1434.25,10.7563,0.499
21200000,15,-188.745,1449.09,13.294,0.527
21220000,13,-175.648,1423.29,14.7052,0.494
21240000,19,-240.905,1447.44,20.0246,0.513
21260000,14,-194.382,1439.17,21.8275,0.501
21280000,12,-159.977,1434.29,19.2669,0.515
21300000,12,-172.522,1439.02,14.5891,0.519929
21320000,14,-181.515,1449.47,17.0687,0.472
21340000,11,-149.603,1430.06,13.4639,0.511333
21360000,19,-243.697,1443.12,21.2237,0.557
21380000,14,-189.446,1436.47,15.4339,0.513
21400000,12,-167.981,1456.11,9.26034,0.514
21420000,12,-160.3,1447.49,17.0773,0.536
21440000,12,-164.224,1434.81,11.1652,0.469
21460000,18,-226.885,1456.65,21.6225,0.539
21480000,12,-162.179,1437.65,22.4798,0.474
21500000,15,-189.067,1439.31,16.3776,0.496
21520000,21,-277.428,1447.71,23.6532,0.529625
21540000,15,-204.138,1451.13,15.8273,0.522
21560000,15,-195.044,1443.73,9.43048,0.484
21580000,17,-220.616,1429.32,20.3631,0.505
21600000,16,-215.895,1436.16,24.6057,0.558
21620000,13,-174.237,1438.13,14.5004,0.502
21640000,12,-167.761,1442.06,9.52203,0.5214
21660000,16,-200.972,1442.86,23.8712,0.5218
21680000,12,-159.707,1424.45,13.1179,0.516
21700000,16,-202.816,1417.33,13.0175,0.538
21720000,15,-195.044,1427.11,22.4393,0.520833
21740000,16,-192.82,1428.79,13.4618,0.543429
21760000,16,-211.807,1435.82,20.4276,0.51
21780000,15,-195.495,1441.15,11.951,0.509583
21800000,18,-237.367,1436.92,22.075,0.502
21820000,14,-190.1,1445.52,8.46186,0.51775
21840000,19,-242.23,1415.47,19.9049,0.540333
21860000,14,-187.995,1424.26,12.9126,0.519857
21880000,19,-243.942,1427.16,10.8226,0.5525
21900000,15,-184.929,1416.09,19.1339,0.54
21920000,15,-189.451,1434.67,14.589,0.522
21940000,11,-148.856,1410.38,11.6142,0.477
21960000,15,-195.666,1420.24,17.6104,0.52
21980000,11,-136.93,1403.96,15.2204,0.536
22000000,15,-194.811,1442.5,10.691,0.513
22020000,16,-194.618,1416.89,18.6247,0.527
22040000,15,-192.716,1431.69,22.6345,0.493
22060000,14,-180.319,1432.29,10.3883,0.501
22080000,14,-181.442,1447.13,12.8428,0.501
22100000,14,-184.738,1446.97,15.3348,0.532
22120000,12,-165.568,1436.34,12.9074,0.467
22140000,14,-184.636,1435.2,22.3333,0.5108
22160000,17,-214.763,1438.04,15.8359,0.546
22180000,14,-186.309,1440.7,18.2637,0.478
22200000,16,-200.481,1444.75,12.8624,0.525
22220000,13,-173.636,1418.33,13.9618,0.47
22240000,16,-206.179,1442.9,13.6472,0.505
22260000,12,-160.82,1438.33,13.2712,0.499
22280000,17,-206.384,1429.4,19.0297,0.504
22300000,20,-255.624,1436.22,31.3349,0.553036
22320000,17,-214.472,1442.6,19.9672,0.562308
22340000,13,-175.914,1435.02,14.0335,0.457
22360000,15,-195.085,1449.29,21.549,0.483
22380000,15,-201.074,1448.35,13.9714,0.537
22400000,18,-230.487,1439.13,17.3862,0.533424
22420000,13,-170.07,1444.29,17.7758,0.511
22440000,15,-197.581,1441.99,16.591,0.504
22460000,14,-180.768,1433.07,12.756,0.506
22480000,14,-176.031,1426.98,10.6791,0.534
22500000,15,-195.463,1434.08,19.7129,0.516
22520000,15,-193.259,1427.03,16.8759,0.5044
22540000,14,-183.729,1444.86,18.6606,0.45
22560000,13,-178.871,1443.52,15.6417,0.468
22580000,14,-181.6,1442.42,16.6026,0.545
22600000,15,-191.398,1440.23,15.282,0.526167
22620000,21,-246.478,1440.38,20.2997,0.571
22640000,15,-182.476,1418.81,11.4167,0.544
22660000,12,-153.642,1419.98,10.2287,0.5215
22680000,22,-275.784,1427.84,20.4516,0.565
22700000,14,-184.531,1420.8,9.88359,0.511
22720000,13,-172.818,1432.64,13.0649,0.506
22740000,13,-166.819,1410.9,11.7766,0.511
22760000,16,-204.291,1425.25,15.8902,0.554
22780000,16,-214.497,1438.38,24.9386,0.5275
22800000,15,-191.624,1439.34,19.2871,0.507
22820000,15,-197.904,1434.94,13.6446,0.539567
22840000,17,-212.084,1442.31,15.4383,0.535
22860000,16,-197.601,1441.63,10.6002,0.539
22880000,14,-183.56,1447.27,14.5048,0.497333
22900000,16,-202.768,1438.29,15.6313,0.531778
22920000,25,-293.403,1436.38,28.3448,0.608
22940000,17,-214.182,1421.05,14.0492,0.546667
22960000,16,-204.918,1415.87,19.576,0.514
22980000,15,-189.248,1447.14,12.6388,0.534
23000000,14,-180.802,1431.03,11.0317,0.541
23020000,15,-187.13,1417.05,19.2234,0.472
23040000,12,-161.076,1436.04,8.46771,0.475
23060000,15,-189.141,1415.98,14.2628,0.5175
23080000,18,-232.916,1443.02,15.2795,0.528
23100000,16,-201.822,1436.23,15.6204,0.5232
23120000,15,-195.757,1443.5,23.221,0.523524
23140000,14,-176.77,1417.63,10.8764,0.506
23160000,21,-253.645,1428.6,27.92,0.535
23180000,16,-196.002,1424.28,15.012,0.521
23200000,14,-175.954,1425.66,14.3404,0.516
23220000,14,-175.366,1419.24,12.2571,0.5568
23240000,14,-191.201,1431.43,16.1665,0.527833
23260000,15,-203.75,1456.36,16.5787,0.530813
23280000,18,-227.054,1434.86,24.3293,0.521235
23300000,14,-193.42,1456.66,9.54808,0.493
23320000,17,-213.396,1426.07,13.721,0.544375
23340000,15,-188.644,1426.97,14.6201,0.478
23360000,14,-176.216,1420.44,7.91145,0.509103
23380000,12,-159.013,1437.6,15.5847,0.515
23400000,15,-198.739,1449.49,14.5573,0.517
23420000,21,-250.024,1431.28,18.1232,0.549
23440000,15,-185.443,1425.8,15.7898,0.48
23460000,16,-201.015,1432.72,21.4424,0.514
23480000,19,-234.464,1426.49,21.2388,0.546
23500000,18,-230.438,1446.49,19.9109,0.527
23520000,13,-180.174,1450.07,22.213,0.518
23540000,14,-195.716,1449.38,24.3215,0.473
23560000,15,-188.469,1411.22,23.4386,0.530731
23580000,15,-190.713,1427.95,14.7873,0.513
23600000,13,-170.09,1442.53,8.3067,0.483
23620000,15,-192.355,1418.64,14.4878,0.5262
23640000,13,-168.287,1428.04,11.3393,0.503
23660000,12,-152.428,1418.43,8.40473,0.5394
23680000,15,-184.048,1425.54,22.7654,0.522739
23700000,13,-177.479,1421.46,19.7006,0.505
23720000,17,-214.959,1416.74,14.2711,0.54825
23740000,15,-189.232,1409.96,18.1303,0.52555
23760000,15,-181.442,1413.55,28.6616,0.558
23780000,13,-167.943,1436.11,9.66428,0.53
23800000,15,-185.795,1414.47,16.4212,0.545
23820000,17,-214.497,1433.91,17.9445,0.5256
23840000,12,-152.664,1430.22,20.935,0.476
23860000,15,-189.382,1433.98,10.3712,0.513667
23880000,16,-194.643,1421.21,25.0646,0.533222
23900000,16,-198.44,1432.87,14.7869,0.553
23920000,19,-227.911,1437.18,24.6808,0.546
23940000,16,-213.574,1435.81,16.9991,0.529059
23960000,15,-208.912,1452.71,11.8753,0.501273
23980000,14,-190.297,1426.73,12.0769,0.512
24000000,16,-205.031,1431.84,19.5978,0.532
24020000,13,-170.44,1428.56,14.7844,0.5086
24040000,14,-192.407,1436.85,17.7774,0.509333
24060000,17,-208.934,1419.53,15.6361,0.514667
24080000,15,-202.081,1437.61,16.4912,0.535429
24100000,20,-236.612,1417.3,16.3472,0.541875
24120000,18,-229.757,1440.65,20.3941,0.52725
24140000,13,-169.039,1433.95,16.2984,0.479
24160000,16,-203.977,1434.03,9.75122,0.539
24180000,13,-167.861,1420.34,11.6265,0.506375
24200000,14,-190.815,1432.79,15.48,0.498333
24220000,16,-201.577,1439.43,19.7275,0.48
24240000,14,-187.136,1433.72,14.5542,0.518
24260000,16,-208.346,1438.61,16.0109,0.538875
24280000,12,-159.674,1438.77,22.0159,0.539
24300000,14,-176.017,1440.3,14.0734,0.489
24320000,14,-176.854,1419.22,15.199,0.5346
24340000,16,-201.875,1438.3,16.9565,0.544
24360000,16,-200.262,1434.25,13.4242,0.502
24380000,14,-189.177,1438.34,16.8085,0.491
24400000,19,-234.931,1437.67,28.342,0.542
24420000,14,-182.441,1426.94,13.5576,0.5185
24440000,15,-182.189,1402.12,22.7484,0.541
24460000,12,-156.713,1435.81,8.98316,0.492
24480000,16,-200.286,1430.19,14.4211,0.51
24500000,15,-196.745,1430.53,25.8967,0.511138
24520000,11,-146.612,1429.12,13.1734,0.5226
24540000,18,-227.886,1435.15,14.849,0.523
24560000,15,-196.994,1437.72,15.1662,0.496
24580000,17,-209.42,1433.19,15.1585,0.553
24600000,14,-187.737,1434.15,20.5072,0.525714
24620000,11,-161.061,1450.82,13.997,0.484
24640000,14,-179.963,1424.83,20.3271,0.557
24660000,12,-147.756,1424.61,7.89008,0.499625
24680000,17,-201.541,1427.26,12.9545,0.551
24700000,14,-185.521,1438.39,15.1945,0.525
24720000,15,-192.101,1419.48,17.913,0.519
24740000,12,-162.211,1415,15.8371,0.482
24760000,13,-164.019,1436.51,18.2817,0.482
24780000,13,-170.635,1444.45,13.108,0.507
24800000,12,-158.464,1442.79,10.3891,0.486
24820000,14,-186.56,1433.95,10.3658,0.545
24840000,17,-211.474,1430.59,16.8705,0.535
24860000,16,-204.396,1434.86,16.7121,0.568
24880000,15,-192.198,1426.69,12.3027,0.5204
24900000,13,-167.531,1418.97,18.7694,0.501
24920000,14,-183.491,1440.12,28.1182,0.509
24940000,12,-157.855,1443.75,9.65311,0.517
24960000,13,-171.927,1445.09,7.0582,0.507
24980000,14,-182.431,1432.68,10.6334,0.532
25000000,12,-166.586,1442.97,16.564,0.496333
25020000,14,-183.225,1435.17,16.0561,0.528
25040000,11,-159.486,1434.89,7.96569,0.475
25060000,15,-187.312,1417.81,15.1287,0.534667
25080000,14,-183.742,1419.69,23.5516,0.491
25100000,16,-202.399,1427.21,13.1792,0.536
25120000,16,-215.868,1442.39,8.58092,0.536
25140000,13,-167.768,1424.88,12.8502,0.558
25160000,14,-174.505,1413.7,22.5751,0.536741
25180000,11,-145.876,1441.61,12.2454,0.486
25200000,12,-164.541,1417.5,11.1074,0.516
25220000,18,-230.115,1442.96,20.7229,0.527633
25240000,14,-182.841,1436.89,18.0504,0.518
25260000,14,-172.878,1419.62,13.0458,0.513
25280000,15,-190.325,1415.63,9.81588,0.53
25300000,13,-173.842,1427.78,16.2366,0.496
25320000,19,-229.657,1411.27,13.6394,0.517857
25340000,19,-230.261,1432.11,15.0589,0.566
25360000,18,-216.31,1430.02,26.9028,0.560417
25380000,19,-227.853,1442.15,17.7018,0.505
25400000,16,-207.987,1444.07,13.3391,0.538125
25420000,20,-255.915,1428.55,25.6285,0.566
25440000,24,-281.647,1436.35,22.1316,0.542556
25460000,14,-185.249,1424.99,17.8837,0.539
25480000,10,-137.973,1417.5,10.6565,0.479
25500000,12,-163.021,1411.47,16.9377,0.468
25520000,16,-206.442,1435.07,16.7017,0.49
25540000,15,-197.285,1429.95,18.0743,0.515
25560000,15,-199.78,1441.57,15.2275,0.505167
25580000,16,-203.371,1442.83,18.3874,0.538
25600000,17,-223.321,1436.24,19.3393,0.518
25620000,11,-155.868,1423.3,10.1777,0.487
25640000,19,-235.68,1427.04,21.1795,0.54
25660000,17,-215.028,1438.71,27.3997,0.524
25680000,18,-214.346,1443.03,11.454,0.541333
25700000,15,-194.147,1445.9,24.6903,0.521
25720000,13,-175.946,1436.2,11.4909,0.51
25740000,14,-191.432,1451.88,20.054,0.491
25760000,12,-163.217,1421.34,16.0935,0.471
25780000,16,-208.588,1444.95,15.2007,0.515
25800000,13,-172.52,1428.64,13.2173,0.531
25820000,11,-146.72,1423.34,12.087,0.471333
25840000,17,-209.05,1424.99,29.685,0.54
25860000,16,-204.137,1433.76,14.0683,0.501
25880000,16,-214.442,1452.82,13.0881,0.562
25900000,12,-156.064,1423.73,17.1672,0.498
25920000,12,-161.812,1434.93,12.3594,0.504
25940000,13,-178.937,1440.7,15.2405,0.472
25960000,12,-167.715,1420.89,11.5653,0.442
25980000,12,-164.439,1430.14,15.3649,0.465
26000000,13,-175.019,1437.83,10.2276,0.511077
26020000,17,-235.207,1454,21.4025,0.5225
26040000,15,-192.168,1439.2,11.5508,0.496
26060000,20,-236.747,1444.69,23.467,0.524
26080000,18,-229.913,1444.93,20.8604,0.527
26100000,17,-223.117,1444.17,20.8201,0.537333
26120000,18,-231.259,1426.98,20.4804,0.546
26140000,13,-171.665,1433.52,12.5659,0.489
26160000,14,-176.35,1417.85,26.8748,0.552
26180000,15,-188.272,1434.69,16.9505,0.481
26200000,14,-184.81,1444.14,9.69431,0.5298
26220000,13,-173.127,1435.69,12.204,0.488
26240000,12,-161.329,1439.28,16.2823,0.516333
26260000,12,-166.261,1427.2,17.1934,0.509
26280000,14,-176.884,1428.34,14.419,0.539
26300000,13,-166.487,1426.65,15.2099,0.466
26320000,16,-202.004,1436.23,13.3034,0.523
26340000,15,-197.646,1431.44,7.3413,0.535
26360000,13,-179.625,1444.69,9.97578,0.506
26380000,17,-220.812,1444.8,10.0937,0.548
26400000,14,-188.488,1428.34,13.8455,0.537
26420000,13,-177.335,1426.66,13.2491,0.508444
26440000,15,-192.783,1434.59,13.6857,0.502
26460000,12,-154.974,1427.06,6.23162,0.491667
26480000,17,-222.901,1430.02,18.2786,0.5025
26500000,14,-181.944,1429.71,17.1614,0.506143
26520000,13,-167.343,1419.71,10.7988,0.56
26540000,20,-240.814,1415.56,23.6545,0.579
26560000,16,-213.692,1448.53,20.3445,0.538333
26580000,13,-172.389,1434.96,7.05037,0.510667
26600000,15,-198.107,1443.77,13.9862,0.518
26620000,12,-152.517,1437.88,14.1081,0.467
26640000,14,-187.853,1448.29,15.433,0.526
26660000,16,-201.952,1444.22,20.7969,0.519
26680000,12,-159.111,1432.27,14.5545,0.49
26700000,15,-185.918,1426.86,9.95942,0.548
26720000,13,-165.528,1428.38,11.6658,0.484
26740000,14,-172.07,1414.43,14.0227,0.513556
26760000,22,-265.506,1434.41,21.3854,0.558
26780000,14,-192.31,1439.83,13.3936,0.5215
26800000,16,-207.653,1439.7,24.8604,0.51
26820000,12,-167.44,1449.3,11.097,0.48
26840000,17,-214.677,1426.45,21.4672,0.54925
26860000,14,-176.828,1425.01,22.3939,0.5468
26880000,14,-175.781,1407.48,20.0316,0.559
26900000,13,-168.069,1437.45,13.8415,0.478
26920000,14,-177.836,1421.67,10.5771,0.519833
26940000,14,-173.682,1431.89,13.7096,0.498
26960000,17,-213.189,1410.45,11.499,0.53
26980000,12,-165.082,1440.79,10.3824,0.526
27000000,12,-161.105,1445.12,13.1597,0.488
27020000,14,-186.906,1449.02,14.969,0.5155
27040000,13,-171.411,1430.49,11.8205,0.518
27060000,16,-205.101,1416.43,22.2883,0.494
27080000,13,-164.361,1430.95,11.8668,0.527
27100000,14,-189.78,1458.33,8.60526,0.488
27120000,18,-232.928,1452.66,18.166,0.558
27140000,18,-229.152,1438.13,19.2818,0.534333
27160000,16,-196.772,1427.06,17.8261,0.54
27180000,18,-232.079,1445.98,15.2366,0.534
27200000,15,-197.045,1448.16,10.587,0.498
27220000,21,-259.626,1455.42,17.4177,0.547368
27240000,16,-204.242,1414.17,22.6069,0.5455
27260000,16,-198.102,1420.29,19.2202,0.5094
27280000,16,-200.205,1440.47,12.4695,0.555937
27300000,19,-227.414,1413.42,15.6895,0.543
27320000,16,-203.026,1414.41,18.2889,0.504
27340000,15,-208.108,1427,22.0418,0.511167
27360000,12,-159.226,1454.74,12.1543,0.486
27380000,18,-226.106,1415.19,21.3485,0.507
27400000,17,-212.237,1426.53,16.4867,0.52225
27420000,13,-182.29,1444.14,12.5236,0.497
27440000,20,-257.445,1438.5,18.263,0.559
27460000,14,-191.391,1449.18,21.468,0.508097
27480000,14,-190.35,1431.26,8.93138,0.47
27500000,15,-184.394,1430.14,21.2003,0.554
27520000,20,-246.194,1426.59,12.5984,0.557
27540000,12,-160.2,1436.17,12.8475,0.507
27560000,17,-215.687,1433.23,7.89049,0.55
27580000,19,-230.861,1425.88,19.8968,0.606
27600000,15,-200.869,1445.74,20.0873,0.502
27620000,18,-233.47,1446.44,16.8916,0.525875
27640000,13,-173.939,1435.41,13.3812,0.508
27660000,16,-209.562,1450.78,13.4331,0.525
27680000,14,-180.677,1436.99,18.6565,0.505
27700000,15,-201.667,1442.31,10.3163,0.509
27720000,17,-216.562,1423.92,15.6365,0.5465
27740000,20,-252.455,1427.25,15.7736,0.557
27760000,16,-198.321,1424.94,21.6713,0.522333
27780000,14,-185.38,1419.51,20.9768,0.544
27800000,18,-227.597,1437.95,19.9056,0.564
27820000,14,-179.344,1429,10.8802,0.528
27840000,17,-207.245,1429.94,10.5108,0.555
27860000,14,-194.186,1445.75,16.4629,0.51
27880000,18,-221.687,1411.83,26.4336,0.531208
27900000,13,-164.064,1429,8.08665,0.493
27920000,15,-201.339,1440.97,17.0309,0.513045
27940000,12,-166.384,1434.65,8.26794,0.439
27960000,12,-163.106,1448.21,13.6635,0.483
27980000,15,-188.772,1430.72,12.3663,0.522
28000000,16,-208.419,1431.08,10.7309,0.50475
28020000,21,-272.471,1464.43,19.1243,0.534
28040000,16,-204.548,1436.59,20.3233,0.543512
28060000,14,-187.087,1442.26,9.56951,0.466
28080000,12,-160.714,1434.05,18.7678,0.502
28100000,12,-166.93,1446.73,9.08458,0.489
28120000,14,-177.174,1424.82,11.789,0.523
28140000,13,-181.089,1443.1,14.38,0.487
28160000,15,-189.298,1427.22,21.6762,0.52
28180000,13,-165.068,1431.15,11.6378,0.505
28200000,15,-188.017,1427.51,16.6055,0.545
28220000,20,-249.779,1453.74,12.4891,0.526
28240000,16,-202.084,1443.1,12.4276,0.5295
28260000,16,-209.003,1439.8,26.0495,0.502
28280000,17,-213.564,1443.16,15.301,0.535
28300000,15,-188.583,1432.44,20.9007,0.48
28320000,20,-249.354,1458.2,20.9724,0.549
28340000,18,-222.858,1447.38,19.3857,0.55
28360000,15,-192.26,1440.39,10.7095,0.53295
28380000,19,-232.716,1423.16,14.0758,0.5205
28400000,17,-213.595,1430.85,20.365,0.55
28420000,16,-201.051,1428.81,11.3025,0.536
28440000,13,-163.906,1442.51,16.6591,0.483
28460000,14,-177.217,1429.89,15.3021,0.536167
28480000,21,-262.465,1436.05,24.5612,0.565111
28500000,15,-196.502,1438.49,12.0902,0.549
28520000,17,-211.163,1440.82,25.4997,0.566
28540000,12,-159.081,1414.88,12.6279,0.494941
28560000,13,-188.547,1442.61,14.3216,0.536462
28580000,14,-175.377,1425.01,10.775,0.536053
28600000,12,-154.718,1433.89,23.9945,0.525714
28620000,13,-166.412,1434.84,22.6146,0.537
28640000,11,-149.313,1437.74,15.2796,0.4795
28660000,16,-201.104,1434.14,20.5518,0.521933
28680000,13,-171.158,1437.12,16.7025,0.521
28700000,13,-169.209,1437.49,13.4185,0.503
28720000,17,-211.718,1441.99,22.6058,0.531
28740000,12,-160.514,1449.27,8.0879,0.501
28760000,18,-225.113,1440.5,19.0793,0.53025
28780000,17,-213.868,1448.37,17.8364,0.523
28800000,15,-191.726,1445.85,15.3793,0.487
28820000,19,-236.025,1443.67,20.0281,0.541
28840000,17,-223.515,1429.3,19.2588,0.5231
28860000,13,-179.712,1445.48,11.9444,0.496
28880000,17,-221.294,1437.37,13.426,0.53
28900000,13,-177.162,1438.62,14.8064,0.476
28920000,12,-169.175,1429.05,12.274,0.462
28940000,13,-176.271,1435.31,11.327,0.5235
28960000,14,-183.868,1443.3,9.92811,0.477
28980000,13,-175.001,1444.04,17.3433,0.473
29000000,16,-202.35,1428.21,13.4681,0.534
29020000,15,-190.61,1438.06,9.88324,0.5148
29040000,12,-153.694,1423.73,17.5524,0.499
29060000,15,-194.989,1442.96,20.6524,0.508
29080000,13,-170.766,1431.75,13.0149,0.509
29100000,14,-183.62,1424.66,18.0237,0.487
29120000,14,-183.458,1448.34,11.2239,0.509
29140000,14,-188.237,1427.79,17.2428,0.509615
29160000,15,-196,1434.89,19.0796,0.555
29180000,15,-203.654,1450.95,17.7803,0.512
29200000,15,-194.585,1444.58,13.1611,0.522
29220000,16,-212.402,1429.77,19.0707,0.528
29240000,14,-176.839,1425.27,9.07758,0.5145
29260000,12,-161.412,1442.21,21.5467,0.4982
29280000,16,-214.77,1430.12,13.7411,0.523
29300000,11,-146.663,1428.23,7.52879,0.474
29320000,16,-201.569,1433.59,12.1685,0.536667
29340000,15,-185.478,1415.65,10.7581,0.494
29360000,17,-214.535,1438.61,22.2437,0.55
29380000,13,-176.433,1439.72,18.023,0.45
29400000,16,-200.823,1432.87,21.5119,0.5215
29420000,18,-234.524,1445.76,18.1823,0.486
29440000,14,-189.473,1416.17,19.2866,0.49
29460000,17,-212.709,1437.09,19.5961,0.501
29480000,15,-192.959,1449.07,10.8198,0.501286
29500000,12,-160.457,1428.2,13.1672,0.471
29520000,16,-202.125,1438.96,11.7437,0.496
29540000,16,-216.052,1438.86,23.1151,0.5365
29560000,12,-165.122,1434.23,14.7943,0.551
29580000,14,-191.498,1460.64,14.8801,0.523
29600000,13,-166.478,1421.79,18.0087,0.499667
29620000,13,-175.479,1439.56,11.2005,0.52
29640000,15,-188.42,1428.73,24.4067,0.501
29660000,17,-210.013,1415.89,22.2557,0.54
29680000,14,-181.396,1445.38,11.0087,0.536
29700000,16,-201.517,1446.88,22.5185,0.549
29720000,17,-216.319,1427.67,17.727,0.532
29740000,19,-239.062,1434.94,10.7244,0.566
29760000,15,-198.357,1431.29,18.2503,0.509818
29780000,12,-166.25,1437.25,7.67562,0.508647
29800000,14,-184.021,1450.23,17.6651,0.503
29820000,13,-168.023,1412.21,13.6693,0.514
29840000,16,-197.768,1433.59,15.0015,0.53
29860000,12,-172.028,1445.44,13.3413,0.456
29880000,18,-234.712,1434.09,13.9192,0.516
29900000,16,-211.492,1424.15,20.7703,0.5224
29920000,17,-210.065,1420.72,22.3641,0.527
29940000,16,-193.854,1436.73,12.0688,0.52
29960000,14,-188.365,1439,16.5692,0.516
29980000,17,-213.096,1425.4,23.2786,0.517667
