generation,N_shifts,logPrior,logLik,eventRate,acceptRate
0,0,-16.2282,-10392,500,1
20000,0,-15.9602,1292.14,1.07592,0.243
40000,0,-15.9117,1291.18,0.436235,0.291615
60000,1,-26.7093,1327.72,1.46627,0.45
80000,2,-37.501,1353.91,0.338705,0.503667
100000,1,-27.038,1313.15,0.416805,0.475
120000,3,-47.9377,1355.46,3.85557,0.513
140000,3,-53.0008,1382.11,2.82611,0.396
160000,8,-103.685,1392.32,9.60549,0.52
180000,8,-109.554,1443.45,9.43042,0.494
200000,8,-101.367,1444.93,14.0145,0.528667
220000,9,-110.916,1438.31,12.6422,0.501437
240000,10,-125.509,1428.01,12.9395,0.523
260000,9,-117.592,1429.65,7.92243,0.505
280000,8,-100.341,1459.85,7.13746,0.491
300000,14,-168.281,1464.31,18.7075,0.472667
320000,15,-177.296,1470.72,21.1605,0.545
340000,12,-142.546,1470.47,12.6631,0.524
360000,9,-111.367,1470.28,8.8039,0.495583
380000,12,-144.652,1470.84,10.867,0.505
400000,10,-128.048,1453.39,24.9433,0.505
420000,11,-137.976,1473.44,5.837,0.499
440000,12,-141.257,1463.83,17.6837,0.541
460000,12,-144.89,1486.02,10.8723,0.511
480000,11,-134.974,1488.52,12.9285,0.441
500000,8,-112.175,1441.1,7.41047,0.477
520000,10,-128.798,1476.12,9.49025,0.484
540000,12,-151.621,1475.97,18.2538,0.475
560000,9,-116.938,1463.35,9.53026,0.444
580000,12,-145.766,1471.56,8.12175,0.49
600000,10,-130.399,1468.46,9.09698,0.508
620000,14,-174.792,1467.86,21.7809,0.522
640000,13,-162.03,1493.46,13.6077,0.497
660000,15,-178.449,1490.53,16.3751,0.499471
680000,7,-89.156,1441.58,8.81523,0.484
700000,11,-140.404,1441.75,7.41467,0.553333
720000,15,-172.113,1484.08,18.4647,0.507
740000,13,-149.196,1455.31,14.7388,0.505
760000,14,-157.74,1470.21,18.8542,0.53
780000,12,-140.684,1482.67,13.9679,0.4597
800000,9,-113.994,1480.04,10.9882,0.432
820000,13,-153.73,1491.87,8.31962,0.526
840000,12,-148.198,1463.09,13.3752,0.477
860000,17,-200.141,1493.9,20.5564,0.4772
880000,10,-122.522,1479.14,11.7751,0.455
900000,12,-143.8,1467.83,15.1004,0.47225
920000,11,-139.056,1485.19,11.5714,0.492
940000,12,-147.516,1500.32,10.0494,0.486714
960000,12,-146.057,1471.47,15.4659,0.465
980000,13,-152.895,1483.73,11.9261,0.499
1000000,16,-199.742,1485.43,13.6539,0.4791
1020000,10,-122.717,1481.2,7.08139,0.421
1040000,14,-169.881,1487.94,11.1071,0.482
1060000,14,-159.627,1483.23,12.419,0.499864
1080000,15,-180.952,1490.83,19.0126,0.520833
1100000,12,-140.067,1471.99,11.1184,0.479
1120000,12,-146.292,1480.5,7.814,0.529
1140000,16,-180.269,1476.36,20.6896,0.537
1160000,13,-158.308,1504.03,13.5099,0.484
1180000,16,-183.081,1503.21,15.8685,0.523
1200000,12,-139.566,1495.95,18.0234,0.485
1220000,13,-151.549,1491.42,14.3887,0.4724
1240000,19,-219.757,1484.47,27.5418,0.521
1260000,16,-187.254,1487.25,11.2764,0.515
1280000,14,-168.396,1489.15,17.9349,0.515136
1300000,11,-131.369,1491.86,15.9405,0.489
1320000,12,-149.77,1495.61,10.7737,0.449
1340000,15,-179.919,1491.32,11.5604,0.528
1360000,17,-197.761,1491.12,22.6029,0.517875
1380000,14,-165.075,1491.82,12.3948,0.493
1400000,14,-171.469,1488.71,15.5828,0.483
1420000,16,-189.926,1491.24,21.8026,0.515868
1440000,12,-146.16,1512.3,15.5413,0.442
1460000,12,-143.585,1497.85,14.9514,0.4768
1480000,12,-144.103,1499.35,12.5459,0.451
1500000,13,-152.409,1499.2,22.4817,0.492
1520000,11,-136.329,1510.33,9.81828,0.436
1540000,12,-140.635,1481.69,13.8577,0.506
1560000,13,-157.386,1507.99,14.7729,0.499
1580000,13,-152.698,1490.88,8.81066,0.518
1600000,10,-121.565,1501.47,11.4187,0.447
1620000,13,-150.894,1494.94,11.6838,0.491
1640000,13,-148.708,1476.49,14.1712,0.4825
1660000,15,-169.465,1486.18,22.2233,0.51
1680000,13,-157.936,1477.79,18.7977,0.513333
1700000,14,-157.182,1487.63,10.533,0.507
1720000,14,-157.385,1504.21,16.0316,0.5
1740000,16,-185.618,1490.09,13.8736,0.533
1760000,24,-284.575,1485.07,24.9578,0.551
1780000,15,-173.192,1474.98,17.2013,0.527
1800000,12,-142.949,1477.92,21.2052,0.509
1820000,22,-260.239,1512.22,26.823,0.512
1840000,17,-201.335,1493.43,11.1316,0.51387
1860000,19,-224.943,1497.37,33.3975,0.523
1880000,14,-160.565,1517.92,13.1519,0.454
1900000,16,-189.151,1497.79,17.2446,0.4894
1920000,11,-135.333,1499.29,11.3984,0.442
1940000,15,-178.742,1502.44,16.8344,0.4992
1960000,13,-159.1,1478.64,10.0517,0.485
1980000,13,-155.585,1502.61,13.2263,0.473714
2000000,12,-141.637,1488.41,24.4679,0.502
2020000,15,-177.706,1487.3,11.2425,0.4944
2040000,12,-139.226,1474.38,11.5899,0.487
2060000,15,-173.733,1488.37,19.7761,0.4675
2080000,14,-159.614,1498.02,10.193,0.516
2100000,11,-134.026,1486.57,11.4287,0.452
2120000,11,-133.44,1492.03,10.3478,0.45
2140000,14,-167.364,1499.23,13.6637,0.484
2160000,17,-206.684,1503.69,15.6826,0.505
2180000,16,-191.012,1514.76,12.32,0.503563
2200000,16,-184.608,1485.95,14.7751,0.535
2220000,16,-187.17,1484.3,17.8108,0.532
2240000,15,-172.221,1487.75,18.5242,0.48
2260000,16,-190.577,1486.09,11.7794,0.507
2280000,18,-211.221,1492.59,16.4895,0.483
2300000,16,-188.434,1496.84,17.4036,0.526
2320000,11,-138.575,1486.32,8.33139,0.46
2340000,11,-135.792,1475.01,12.423,0.508
2360000,13,-163.092,1496.34,10.9342,0.461909
2380000,10,-125.193,1485.12,11.3292,0.445
2400000,11,-142.65,1488.87,17.6702,0.455
2420000,20,-225.285,1485.04,25.4981,0.534
2440000,18,-213.123,1494.5,23.1798,0.524517
2460000,14,-161.667,1490.47,16.4078,0.505125
2480000,18,-215.993,1490.84,15.4928,0.522
2500000,14,-167.257,1486.53,15.1481,0.541
2520000,15,-167.737,1492.44,18.2079,0.532
2540000,12,-142.943,1491.66,13.0174,0.461
2560000,20,-225.816,1504.53,18.9473,0.492
2580000,19,-218.659,1505.1,19.7719,0.510615
2600000,13,-156.098,1499.67,8.33385,0.509
2620000,16,-183.989,1492.52,25.6758,0.499
2640000,16,-182.566,1486.71,16.2002,0.505
2660000,16,-184.726,1494.39,12.133,0.4855
2680000,13,-160.597,1498.33,10.7992,0.484
2700000,12,-141.345,1490.46,9.84566,0.503
2720000,16,-185.548,1500.22,16.3933,0.49
2740000,11,-130.385,1497.96,5.73354,0.495125
2760000,18,-210.769,1503.74,17.1301,0.487167
2780000,12,-143.221,1497.73,14.6428,0.477
2800000,15,-176.846,1492.66,25.9396,0.472
2820000,14,-168.794,1505.34,18.8374,0.5
2840000,14,-164.287,1479.49,15.3772,0.473
2860000,14,-161.898,1483.99,10.347,0.486
2880000,15,-178.382,1510.04,12.2593,0.491
2900000,15,-176.896,1472.25,16.8699,0.508
2920000,11,-135.893,1482.94,7.71326,0.467
2940000,15,-181.205,1489.42,16.1373,0.489
2960000,13,-156.357,1482.02,11.6865,0.4672
2980000,17,-192.386,1494.18,14.1436,0.506
3000000,10,-127.925,1472,7.50751,0.409
3020000,12,-140.366,1478.29,13.5188,0.517
3040000,11,-142.38,1487.8,7.029,0.4965
3060000,14,-164.529,1475.64,12.7683,0.526
3080000,11,-131.867,1479.2,10.7873,0.499
3100000,16,-187.115,1495.25,16.5257,0.511
3120000,13,-153.767,1502.3,10.4194,0.467
3140000,13,-158.017,1482.41,24.9359,0.468
3160000,15,-171.16,1487.74,13.4297,0.523
3180000,12,-146.348,1490.12,16.4517,0.487
3200000,16,-195.958,1496.94,15.0991,0.487
3220000,12,-146.362,1492.21,15.2855,0.462
3240000,14,-167.998,1504.11,8.94305,0.499
3260000,13,-158.534,1505.79,15.9661,0.452
3280000,15,-180.287,1515.34,20.0879,0.479
3300000,13,-154.581,1485.49,14.3089,0.484
3320000,12,-145.938,1495.39,12.4424,0.501
3340000,21,-236.894,1489.04,19.5044,0.5675
3360000,23,-262.268,1493.45,24.8697,0.567
3380000,15,-180.128,1502.61,13.9448,0.50212
3400000,14,-165.926,1487.66,26.4915,0.505
3420000,15,-173.982,1498.2,11.9906,0.483
3440000,12,-142.975,1482.51,13.1793,0.51
3460000,24,-271.875,1492.06,25.478,0.54
3480000,12,-139.854,1482.84,12.8564,0.503769
3500000,14,-162.607,1490,12.3793,0.488
3520000,13,-151.363,1478.46,17.2156,0.502
3540000,15,-173.264,1502.14,15.6951,0.511
3560000,11,-131.327,1495.8,9.75085,0.451
3580000,15,-176.544,1497.84,17.2841,0.490667
3600000,15,-171.812,1478.1,19.1375,0.495
3620000,15,-184.408,1490.58,18.1999,0.506
3640000,14,-156.848,1471.62,17.0705,0.518
3660000,12,-138.524,1489.19,15.9758,0.478
3680000,12,-154.168,1485.49,12.0545,0.479
3700000,11,-137.279,1499.59,7.03756,0.474
3720000,14,-162.751,1491.77,17.5053,0.477
3740000,16,-193.632,1483.83,25.7806,0.4927
3760000,17,-199.265,1486.62,17.6494,0.516565
3780000,15,-178.442,1478.91,9.5716,0.48
3800000,13,-154.993,1489.26,13.2911,0.506
3820000,13,-151.556,1493.16,13.6213,0.51
3840000,19,-234.378,1501.33,22.3074,0.541
3860000,11,-129.842,1485.74,10.1216,0.482455
3880000,16,-190.688,1502.69,13.938,0.492
3900000,15,-180.9,1508.46,18.9039,0.471
3920000,19,-219.476,1499.24,19.8272,0.493
3940000,14,-166.138,1501.37,14.6355,0.447
3960000,19,-223.518,1503.57,17.7337,0.544
3980000,13,-154.793,1504.54,12.0103,0.46
4000000,14,-170.767,1482.14,11.0997,0.493
4020000,18,-216.481,1504.83,17.5669,0.505491
4040000,11,-129.788,1482.6,5.73738,0.488
4060000,13,-156.441,1498.02,11.1439,0.509
4080000,17,-201.882,1501.77,15.5853,0.495
4100000,12,-146.722,1496.34,7.3077,0.450667
4120000,15,-173.228,1493.71,14.2198,0.514
4140000,13,-154.572,1484.95,13.8316,0.467
4160000,16,-185.874,1505.68,20.1846,0.493
4180000,14,-162.891,1494.3,18.7678,0.498
4200000,13,-154.27,1499.26,16.5602,0.457
4220000,15,-178.691,1506.87,14.5085,0.491
4240000,14,-162.919,1490.09,12.5499,0.511
4260000,11,-132.977,1476.27,9.22474,0.5185
4280000,16,-189.728,1508.62,12.3766,0.521
4300000,17,-197.18,1494.52,12.5879,0.501
4320000,19,-222.636,1507.28,25.3912,0.485
4340000,14,-162.31,1521.87,16.2714,0.48
4360000,14,-162.302,1491.28,12.0856,0.526
4380000,22,-253.563,1483.59,26.2546,0.536
4400000,18,-210.411,1470.44,14.9051,0.601
4420000,16,-184.122,1477.67,14.8304,0.516
4440000,12,-143.689,1501.23,12.3398,0.457
4460000,12,-137.58,1475.87,11.1211,0.511
4480000,18,-203.436,1500.36,20.1459,0.470909
4500000,12,-143.322,1495.71,11.264,0.486
4520000,14,-171.092,1486.19,13.1351,0.4632
4540000,10,-125.254,1484.5,6.69642,0.465
4560000,13,-155.59,1499.06,11.6793,0.504333
4580000,18,-209.133,1486.32,22.8642,0.515182
4600000,9,-111.937,1476.66,12.1834,0.496
4620000,18,-199.759,1515.33,17.2255,0.507
4640000,13,-156.291,1485.86,14.6471,0.542833
4660000,21,-236.01,1518.07,25.8451,0.492
4680000,10,-131.232,1481.35,7.74481,0.45875
4700000,9,-113.864,1481.44,11.9349,0.474
4720000,21,-249.675,1484.19,31.7792,0.529
4740000,15,-170.753,1527.97,15.6577,0.479
4760000,11,-130.195,1476.27,13.2824,0.472
4780000,15,-174.282,1477.92,9.78425,0.496182
4800000,18,-208.71,1488.38,21.5658,0.531
4820000,17,-203.704,1499.7,14.6633,0.530667
4840000,17,-196.108,1533.71,15.5564,0.466
4860000,19,-213.709,1481.35,11.6894,0.537
4880000,10,-121.87,1480.07,10.2592,0.411
4900000,10,-120.726,1483.43,15.2128,0.439
4920000,17,-198.971,1487.3,16.4622,0.493
4940000,17,-188.981,1509.2,13.2564,0.509
4960000,16,-179.067,1504.76,14.1956,0.4265
4980000,13,-155.094,1494.33,13.1395,0.4885
5000000,14,-165.25,1492.21,14.5895,0.491
5020000,14,-169.708,1486.98,16.0701,0.445
5040000,16,-187.538,1508.63,10.3559,0.514
5060000,13,-150.104,1494.53,13.1726,0.509
5080000,19,-210.758,1510.29,18.2185,0.49225
5100000,14,-168.079,1490.51,18.0563,0.46
5120000,20,-232.704,1509.85,19.1275,0.5075
5140000,16,-187.685,1490.85,16.0533,0.50475
5160000,16,-186.198,1500.52,14.8672,0.4796
5180000,12,-146.001,1509.39,17.755,0.484
5200000,15,-172.123,1518.92,16.9622,0.4855
5220000,13,-156.258,1496.97,12.2686,0.464
5240000,14,-167.653,1497.04,19.9652,0.454
5260000,13,-155.784,1498.12,20.9483,0.457667
5280000,16,-188.344,1491.83,16.64,0.5104
5300000,20,-230.603,1504.23,23.6694,0.512889
5320000,14,-165.306,1495.64,14.7801,0.5
5340000,15,-182.46,1495.68,24.2388,0.544227
5360000,15,-175.865,1489.58,10.5889,0.4975
5380000,13,-156.744,1493.3,12.2336,0.497
5400000,13,-152.28,1505.59,15.5793,0.4355
5420000,14,-164.627,1517.17,20.2437,0.465
5440000,13,-166.013,1505.85,15.4683,0.492167
5460000,17,-192.188,1516.09,21.583,0.499
5480000,16,-187.111,1505.43,14.8558,0.489
5500000,20,-242.679,1501.88,18.2406,0.496429
5520000,12,-143.713,1500.79,17.377,0.4462
5540000,11,-136.103,1480.74,14.5387,0.5365
5560000,11,-134.488,1480.34,8.32468,0.517
5580000,11,-129.055,1492.2,8.45216,0.5245
5600000,10,-122.315,1485.25,5.05264,0.457
5620000,14,-158.738,1493.77,14.34,0.511
5640000,11,-127.109,1461.69,14.4485,0.518
5660000,26,-288.155,1527.37,29.9464,0.541
5680000,9,-109.883,1479.37,5.1149,0.463
5700000,13,-156.473,1488.2,6.55831,0.46325
5720000,11,-134.218,1481.1,7.88045,0.48775
5740000,11,-133.062,1502.18,8.82979,0.455
5760000,16,-186.797,1508.3,13.5853,0.496875
5780000,16,-187.598,1480.63,16.5657,0.557
5800000,18,-205.385,1517.58,27.5032,0.478333
5820000,16,-183.774,1481.7,25.2789,0.518
5840000,17,-195.9,1498.7,21.694,0.543
5860000,16,-188.996,1505.57,18.5278,0.49
5880000,10,-125.03,1476.91,12.3473,0.497
5900000,13,-163.852,1496.32,17.6774,0.487
5920000,10,-123.813,1481.56,10.2062,0.501
5940000,14,-162.274,1500.91,12.589,0.492
5960000,14,-170.883,1492.3,22.3591,0.5075
5980000,15,-181.724,1480.79,24.2101,0.486727
6000000,16,-177.967,1534.04,22.8931,0.454
6020000,16,-180.324,1528.02,16.8534,0.46
6040000,14,-164.764,1493.1,10.1901,0.435
6060000,11,-134.719,1488.32,16.4079,0.485
6080000,15,-174.881,1503.45,17.0154,0.50225
6100000,14,-165.951,1507.71,12.0716,0.485
6120000,12,-145.227,1478.54,14.8507,0.424
6140000,14,-165.845,1490.82,16.8196,0.52
6160000,13,-155.772,1510.6,8.92686,0.482
6180000,16,-190.372,1483.31,21.1041,0.494
6200000,16,-182.616,1509.71,19.7116,0.477
6220000,13,-157.037,1495.02,16.4566,0.471
6240000,15,-172.917,1487.97,18.7786,0.495
6260000,14,-171.568,1482.37,9.47451,0.468
6280000,12,-141.517,1480.01,13.2603,0.492
6300000,14,-167.881,1493.92,16.8315,0.462
6320000,10,-121.145,1486.23,10.8593,0.502
6340000,14,-159.905,1467.64,14.6552,0.534
6360000,13,-154.125,1489.08,13.5977,0.472
6380000,15,-173.461,1490.7,11.9766,0.528
6400000,14,-168.367,1478.96,16.1295,0.434
6420000,14,-165.491,1479.31,13.2784,0.464
6440000,11,-132.129,1483.66,20.6102,0.457
6460000,14,-162.607,1485.84,11.1191,0.497
6480000,15,-179.496,1491.32,16.8797,0.501
6500000,16,-185.451,1496.73,20.2819,0.49
6520000,16,-180.078,1499.42,23.5662,0.5163
6540000,11,-130.643,1484.43,15.3659,0.475
6560000,16,-186.481,1480.12,16.2766,0.473
6580000,15,-174.324,1499.3,7.14805,0.507936
6600000,13,-151.507,1496.85,11.4189,0.465
6620000,15,-171.232,1498.01,21.9472,0.49
6640000,20,-227.949,1515.09,18.8949,0.491
6660000,11,-128.776,1493.98,8.49984,0.48
6680000,12,-145.071,1501.16,14.3461,0.46
6700000,15,-175.009,1482.01,18.908,0.510411
6720000,15,-179.446,1497.1,13.4402,0.507
6740000,16,-180.63,1519.43,11.9525,0.489
6760000,14,-162.023,1491.42,8.37706,0.5075
6780000,17,-196.843,1500.95,16.0217,0.524
6800000,17,-195.592,1516.95,25.4309,0.464
6820000,12,-144.08,1496.28,13.3121,0.454
6840000,14,-160.788,1503.73,19.4926,0.501
6860000,12,-146.67,1504.34,14.2702,0.4565
6880000,20,-223.537,1489.05,22.5702,0.483429
6900000,15,-179.449,1502.68,9.84572,0.474286
6920000,12,-139.293,1496.27,13.687,0.468
6940000,20,-236.627,1483.87,22.08,0.544
6960000,16,-184.76,1499.5,23.5935,0.500444
6980000,12,-149.01,1502.65,17.8428,0.465
7000000,12,-154.081,1499.62,11.1923,0.456
7020000,17,-188.598,1515.61,16.884,0.484
7040000,13,-148.986,1495.36,13.0715,0.497667
7060000,14,-157.355,1494.01,18.1462,0.463
7080000,11,-137.875,1494.97,10.1017,0.422
7100000,12,-140.122,1478.95,13.5143,0.4685
7120000,18,-206.115,1533.41,23.8101,0.4402
7140000,21,-235.306,1532.61,25.0516,0.499
7160000,13,-158.15,1486.72,14.4265,0.45675
7180000,15,-173.707,1495.94,15.9674,0.53
7200000,20,-224.065,1506.47,23.9632,0.486
7220000,16,-186.296,1488.1,15.9973,0.5255
7240000,14,-160.379,1522.36,15.7878,0.477
7260000,17,-194.82,1500.49,16.5851,0.54484
7280000,13,-153.395,1499.48,10.7479,0.492
7300000,11,-130.274,1481.95,7.3768,0.466
7320000,13,-151.193,1489.79,15.8403,0.504
7340000,11,-134.506,1471.91,8.84779,0.454
7360000,15,-174.706,1487.93,10.9756,0.519
7380000,12,-139.614,1481.79,8.15521,0.514
7400000,14,-172.304,1497.67,18.901,0.444
7420000,13,-151.506,1490.63,12.3593,0.506556
7440000,15,-175.515,1485.09,21.0114,0.533
7460000,17,-195.271,1504.69,15.114,0.485
7480000,13,-154.461,1472.7,14.0024,0.522
7500000,13,-159.289,1494.12,15.48,0.511
7520000,17,-202.544,1519.03,13.9988,0.473
7540000,21,-238.684,1497.59,25.571,0.534
7560000,17,-195.82,1481.87,16.3285,0.4905
7580000,12,-140.86,1495.59,14.3737,0.523
7600000,14,-168.318,1489.69,18.0419,0.498
7620000,13,-157.942,1483.02,25.046,0.5
7640000,17,-198.005,1496.7,26.421,0.536125
7660000,14,-165.399,1483.27,20.5102,0.498
7680000,18,-201.651,1469.86,19.4109,0.546
7700000,18,-203.953,1497.48,20.0483,0.527857
7720000,12,-140.341,1493.91,16.5814,0.486
7740000,12,-146.232,1484.45,13.5353,0.451
7760000,18,-213.735,1494.31,24.7054,0.543
7780000,16,-177.807,1487.55,19.5903,0.4945
7800000,17,-199.073,1492.03,25.7582,0.483
7820000,16,-189.669,1504.64,23.3434,0.462
7840000,13,-159.544,1480.8,18.2432,0.52
7860000,10,-124.823,1492.48,9.01508,0.449
7880000,19,-228.068,1497.93,19.3203,0.527
7900000,17,-194.925,1496.9,15.5214,0.52425
7920000,18,-205.298,1494.47,23.0692,0.484667
7940000,13,-155.029,1482.27,13.8355,0.488
7960000,16,-189.686,1485.84,17.6589,0.522
7980000,11,-137.401,1468.47,12.6174,0.473
8000000,18,-219.506,1534.95,21.0493,0.479222
8020000,13,-162.061,1487.94,8.11417,0.501
8040000,13,-152.768,1477.99,13.8341,0.534
8060000,18,-207.111,1504.33,26.7572,0.537
8080000,13,-153.826,1488.01,10.4161,0.445
8100000,16,-185.451,1509.08,16.7036,0.547
8120000,11,-129.346,1485.6,14.7106,0.5346
8140000,13,-154.261,1488.64,11.6414,0.478
8160000,12,-140.296,1499.18,8.85965,0.481
8180000,17,-187.898,1496.11,10.6954,0.517333
8200000,15,-176.815,1499.96,18.5965,0.476
8220000,18,-201.303,1521.63,21.4598,0.474
8240000,19,-216.745,1518.44,14.8547,0.486421
8260000,11,-135.827,1484.88,12.3913,0.454167
8280000,10,-121.724,1484.07,13.541,0.451
8300000,15,-178.147,1489.11,12.7558,0.486
8320000,12,-143.716,1476.19,14.9012,0.458
8340000,12,-145.462,1499.53,11.8093,0.422
8360000,12,-142.332,1493.46,15.8698,0.445
8380000,13,-155.293,1492.64,17.8193,0.47
8400000,13,-156.59,1500.31,17.2585,0.465
8420000,11,-138.753,1493.12,14.177,0.435
8440000,21,-248.679,1501.49,34.0705,0.504111
8460000,13,-160.614,1490.28,12.4021,0.5152
8480000,11,-142.661,1495.9,7.90621,0.436
8500000,12,-144.073,1490.39,17.3121,0.526
8520000,13,-155.604,1498.81,10.2624,0.485143
8540000,15,-172.159,1499.75,12.3319,0.513
8560000,17,-187.128,1496.19,20.0495,0.529
8580000,23,-268.698,1527.19,33.7901,0.477
8600000,15,-177.578,1493.73,11.2937,0.453
8620000,13,-149.767,1517.1,8.93882,0.396
8640000,13,-151.811,1499.2,14.9078,0.481
8660000,13,-154.012,1485.39,17.16,0.502
8680000,15,-175.572,1487.52,13.5176,0.509
8700000,14,-163.023,1490.08,13.3825,0.493
8720000,18,-209.475,1530.41,18.8798,0.479
8740000,17,-192.475,1484.02,18.601,0.516333
8760000,15,-167.657,1486,18.7321,0.48975
8780000,17,-200.167,1513.91,22.7285,0.4365
8800000,16,-184.856,1517.18,18.4338,0.458
8820000,18,-205.095,1497.23,21.2049,0.511
8840000,21,-243.546,1499.06,20.3805,0.48
8860000,15,-175.088,1503.29,18.1269,0.453429
8880000,20,-231.588,1508.29,25.2262,0.508333
8900000,16,-191.974,1492.07,20.8015,0.538
8920000,17,-197.124,1512.28,17.2277,0.4735
8940000,11,-133.249,1495.48,12.7758,0.464
8960000,14,-171.466,1491.02,18.4337,0.477714
8980000,21,-240.636,1492.55,25.3888,0.486792
9000000,17,-198.898,1483.61,18.5442,0.5255
9020000,13,-156.547,1487.85,15.6332,0.449
9040000,17,-200.91,1489.16,14.6132,0.511
9060000,14,-165.594,1499.04,13.3635,0.475
9080000,18,-207.797,1490.37,16.1553,0.503
9100000,13,-149.885,1505.86,16.0066,0.4855
9120000,14,-162.264,1517.34,23.8942,0.481
9140000,14,-163.296,1506.39,13.7256,0.481
9160000,14,-167.841,1491.69,19.5778,0.476955
9180000,12,-149.069,1497.18,10.502,0.466
9200000,19,-214.698,1499.58,31.2767,0.498707
9220000,22,-245.879,1526.22,18.1885,0.493
9240000,14,-163.329,1498.03,20.2757,0.466
9260000,10,-127.614,1503.84,10.2357,0.461
9280000,15,-171.379,1513.51,10.4749,0.472
9300000,14,-164.017,1506.01,18.394,0.488
9320000,21,-238.849,1509.34,19.6247,0.521
9340000,18,-207.445,1489.96,14.0586,0.522375
9360000,17,-193.507,1504.24,17.784,0.47925
9380000,18,-203.252,1500.75,16.2687,0.516
9400000,15,-170.228,1493.98,14.6539,0.504
9420000,17,-198.065,1491.07,18.5778,0.546
9440000,18,-207.722,1478.01,19.23,0.518
9460000,15,-179.063,1522.76,21.3329,0.427
9480000,12,-139.822,1504.32,13.4773,0.505
9500000,15,-175.939,1495.62,12.9774,0.484
9520000,10,-122.165,1471.11,9.12722,0.4804
9540000,16,-188.77,1493.48,15.2529,0.455235
9560000,9,-114.54,1488.46,18.3128,0.444
9580000,16,-185.651,1481.44,13.6823,0.512
9600000,21,-241.817,1509.25,21.5767,0.493312
9620000,13,-151.24,1495.5,14.5229,0.499
9640000,11,-136.277,1479.57,11.2327,0.442
9660000,13,-154.704,1490.57,16.8316,0.473
9680000,20,-224.557,1524.6,23.2398,0.518
9700000,14,-166.271,1474.48,15.3732,0.497
9720000,10,-123.384,1499.43,13.8608,0.443
9740000,15,-175.853,1500.45,17.0438,0.468556
9760000,14,-165.16,1490.61,12.287,0.494
9780000,18,-205.059,1479.6,18.0459,0.562
9800000,15,-178.711,1471.59,9.14533,0.542
9820000,13,-152.499,1488.6,16.5361,0.525
9840000,10,-121.757,1496.28,9.17489,0.475
9860000,12,-147.532,1493.62,10.0858,0.4635
9880000,11,-132.897,1486.94,15.0502,0.489
9900000,18,-202.881,1515.91,28.7089,0.504
9920000,14,-163.444,1497.03,13.6132,0.507
9940000,13,-151.661,1484.51,8.55908,0.513667
9960000,15,-174.908,1499,18.1489,0.486
9980000,12,-141.006,1488.93,11.0549,0.425
10000000,16,-181.93,1516.55,7.49226,0.506056
10020000,18,-199.91,1525.07,22.8062,0.496
10040000,12,-142.313,1498.41,12.1774,0.46975
10060000,16,-182.329,1532.35,22.1448,0.4714
10080000,16,-187.606,1474.85,14.1154,0.5144
10100000,11,-128.255,1492.77,17.791,0.444
10120000,14,-158.652,1524.43,27.613,0.473
10140000,19,-229.228,1524.61,14.1944,0.487
10160000,11,-131.059,1490.89,7.92068,0.463
10180000,13,-154.379,1513.84,12.3464,0.427
10200000,23,-259.752,1523.99,31.2561,0.501
10220000,11,-134.375,1504.12,15.8086,0.453
10240000,14,-173.911,1478.83,11.3301,0.521
10260000,13,-155.538,1479.71,11.3627,0.490091
10280000,13,-155.293,1491.07,21.1287,0.479
10300000,12,-143.694,1484.6,13.5956,0.50625
10320000,12,-143.168,1490.85,11.217,0.549
10340000,13,-156.944,1501.52,14.5768,0.502
10360000,16,-191.763,1497.16,26.2116,0.463
10380000,12,-146.638,1498.77,9.37821,0.505
10400000,13,-155.765,1497.95,12.4289,0.49
10420000,18,-214.049,1510.6,19.6149,0.508105
10440000,15,-177.17,1502.36,19.7775,0.4812
10460000,19,-216.435,1515.26,21.9129,0.553667
10480000,18,-216.213,1494.81,12.6491,0.499
10500000,16,-192.965,1505.03,21.1819,0.485
10520000,14,-169.413,1502.19,10.1073,0.503889
10540000,10,-129.162,1485.61,12.3965,0.467
10560000,19,-224.332,1501.9,24.9229,0.538
10580000,10,-127.886,1470.53,15.2033,0.485594
10600000,11,-130.691,1485.52,16.6842,0.501
10620000,13,-163.016,1465.13,9.61922,0.545
10640000,11,-132.898,1476.3,12.2499,0.4539
10660000,18,-204.692,1515.5,14.9538,0.486885
10680000,16,-187.006,1479.12,17.6034,0.523
10700000,11,-139.287,1476.08,5.34402,0.4458
10720000,12,-137.09,1490.45,18.0349,0.499
10740000,10,-121.864,1489.06,14.8895,0.495
10760000,14,-169.173,1495.74,15.6817,0.500857
10780000,13,-153.283,1495.51,17.7068,0.458
10800000,15,-171.509,1492.02,17.1148,0.487
10820000,12,-150.349,1462,14.6378,0.488
10840000,14,-164.224,1482.38,13.8018,0.518118
10860000,24,-270.407,1517.45,19.5977,0.523
10880000,9,-114.818,1494.11,7.75805,0.481
10900000,10,-121.759,1477.28,14.0975,0.47175
10920000,11,-131.847,1467.93,7.46856,0.504
10940000,14,-164.969,1491.01,21.005,0.504
10960000,12,-147.562,1510.21,21.8848,0.471
10980000,13,-167.877,1502.33,8.43441,0.4495
11000000,11,-132.308,1483.48,11.7304,0.515
11020000,18,-216.671,1502.36,25.9789,0.508
11040000,17,-196.781,1497.43,14.1798,0.497
11060000,12,-143.769,1486.39,16.189,0.441
11080000,10,-131.773,1483.93,10.7051,0.476
11100000,17,-200.006,1499.67,17.8423,0.513
11120000,11,-138.587,1488.84,8.41508,0.426
11140000,12,-144.928,1496.06,15.104,0.517227
11160000,13,-153.762,1478.66,12.9369,0.499
11180000,14,-155.821,1510.16,13.6584,0.462
11200000,13,-153.991,1490.88,9.94347,0.485125
11220000,16,-189.271,1491.95,20.914,0.484
11240000,11,-135.959,1500.11,10.5251,0.466
11260000,12,-142.533,1490.5,13.2558,0.438
11280000,11,-132.087,1491.8,9.30511,0.434
11300000,14,-170.718,1480.31,17.8568,0.486
11320000,19,-212.384,1510.11,25.0017,0.477077
11340000,11,-134.888,1485.11,14.1706,0.484
11360000,10,-121.586,1473.76,7.8948,0.4675
11380000,18,-209.286,1505.09,17.0112,0.486
11400000,10,-125.723,1479.73,5.27783,0.491
11420000,13,-147.607,1483.74,15.4839,0.526
11440000,18,-209.827,1482.58,14.2001,0.50725
11460000,12,-136.663,1509.15,11.599,0.478
11480000,13,-156.008,1476.29,12.9224,0.5316
11500000,16,-178.325,1517.74,10.0066,0.467333
11520000,13,-150.382,1468.13,8.62386,0.52
11540000,14,-164.967,1492.88,15.4065,0.536933
11560000,10,-123.031,1484.4,13.9865,0.436833
11580000,16,-190.141,1475.44,15.9563,0.493111
11600000,9,-110.981,1464.99,13.7735,0.45
11620000,11,-139.654,1477.68,10.853,0.446
11640000,21,-235.505,1526.4,15.9805,0.506
11660000,11,-133.912,1464.06,8.1658,0.504
11680000,10,-121.179,1483.06,12.3504,0.45
11700000,18,-210.138,1504.21,31.7917,0.519
11720000,10,-118.813,1488.24,9.85499,0.495
11740000,9,-109.255,1473.53,11.2409,0.466
11760000,12,-148.013,1475.91,17.2778,0.553
11780000,12,-143.094,1498.23,16.184,0.468
11800000,8,-103.011,1474.75,4.92228,0.431
11820000,13,-153.719,1484.04,14.4174,0.516857
11840000,12,-143.723,1506.53,13.0642,0.423
11860000,20,-223.256,1506.46,22.1537,0.478
11880000,13,-152.714,1475.38,12.4257,0.499
11900000,13,-152.176,1492.6,16.4234,0.499667
11920000,11,-131.424,1491.05,6.3743,0.48165
11940000,15,-173.569,1497.97,15.4051,0.516
11960000,19,-219.4,1489.08,26.2334,0.542
11980000,16,-180.13,1511.91,10.3503,0.45
12000000,13,-156.72,1487.12,13.048,0.528
12020000,11,-134.463,1500.48,10.5355,0.529533
12040000,13,-156.636,1494.04,12.4632,0.427
12060000,14,-164.815,1501.83,12.4229,0.457
12080000,16,-181.629,1505.96,24.4277,0.45
12100000,10,-125.608,1484.25,7.38921,0.448
12120000,17,-191.253,1525.43,16.98,0.487
12140000,17,-196.415,1524.22,16.1399,0.53
12160000,10,-118.242,1487.7,11.3068,0.497682
12180000,22,-255.147,1511.72,17.2399,0.506611
12200000,14,-168.071,1506.44,16.6075,0.495
12220000,19,-230.585,1505.74,22.5463,0.521
12240000,16,-185.457,1483.09,20.4302,0.477
12260000,13,-154.033,1498.5,11.1951,0.462
12280000,15,-171.186,1488.03,18.285,0.531682
12300000,13,-153.431,1484.53,16.15,0.48475
12320000,14,-159.763,1486.26,12.5321,0.479
12340000,15,-177.968,1489.41,16.0849,0.481
12360000,10,-122.9,1468.09,5.92052,0.466
12380000,16,-183.667,1514.96,12.4758,0.4863
12400000,19,-231.987,1527.87,17.963,0.487364
12420000,18,-214.113,1484.1,17.7936,0.516
12440000,12,-143.257,1491.27,9.13556,0.455
12460000,12,-143.627,1473.03,13.3665,0.438
12480000,14,-161.872,1482.38,13.9421,0.5004
12500000,11,-135.85,1501.27,12.3268,0.47
12520000,15,-181.258,1485.97,13.6787,0.475
12540000,11,-135.32,1486.68,16.6619,0.493
12560000,14,-162.576,1502.68,10.9445,0.506
12580000,13,-150.461,1498.14,14.3147,0.504
12600000,13,-150.964,1480.52,15.0748,0.482
12620000,14,-169.113,1498.61,17.053,0.485
12640000,20,-227.652,1501.47,18.3674,0.477
12660000,20,-226.516,1481.47,19.6568,0.51
12680000,13,-154.888,1501.18,11.324,0.493
12700000,13,-159.814,1492.9,18.7423,0.48
12720000,14,-158.063,1483.34,16.5921,0.517556
12740000,16,-191.23,1510,14.2386,0.447778
12760000,18,-202.313,1499.14,14.5858,0.5162
12780000,15,-174.339,1489.51,15.0544,0.50625
12800000,15,-174.511,1492.11,24.5408,0.502
12820000,15,-174.357,1500.23,16.7339,0.503
12840000,14,-167.198,1490.12,9.79419,0.485
12860000,13,-155.715,1480.47,13.9445,0.478
12880000,13,-152.175,1491.04,8.87357,0.489
12900000,11,-128.014,1476.98,14.8069,0.464
12920000,12,-142.013,1488.44,12.0701,0.475
12940000,14,-162.764,1497.07,10.9167,0.467
12960000,10,-124.008,1472.62,7.4281,0.496
12980000,13,-159.072,1489.26,9.62104,0.498
13000000,12,-148.786,1502.79,8.86953,0.495
13020000,10,-125.486,1488.8,10.2903,0.416667
13040000,14,-160.986,1478.4,12.2828,0.519333
13060000,15,-176.911,1496.91,17.913,0.499333
13080000,16,-191.285,1507.16,15.1179,0.514905
13100000,14,-163.887,1507.29,14.6261,0.482
13120000,17,-194.617,1533.45,17.6836,0.467
13140000,10,-120.554,1472.85,7.54839,0.481
13160000,14,-165.808,1501.98,14.8369,0.503
13180000,13,-165.1,1501.6,12.9422,0.483
13200000,12,-140.664,1494.05,7.92032,0.432
13220000,11,-131.408,1495.84,13.1007,0.49
13240000,16,-181.017,1512.69,17.0849,0.5
13260000,16,-191.012,1496.73,13.0171,0.497
13280000,14,-170.605,1501.88,14.8463,0.497
13300000,15,-173.23,1490.93,10.5874,0.508
13320000,16,-183.832,1498.33,14.9778,0.51925
13340000,14,-161.453,1487.92,14.5833,0.518
13360000,12,-139.441,1492.28,15.1524,0.481
13380000,11,-136.187,1485.8,10.2615,0.512
13400000,15,-169.785,1525.88,32.1632,0.489667
13420000,16,-190.785,1479.5,16.8012,0.5235
13440000,10,-120.351,1480.55,9.48293,0.473
13460000,16,-184.434,1490.8,13.1505,0.478
13480000,11,-131.962,1481.44,15.9522,0.442
13500000,14,-160.494,1519.47,16.1046,0.428
13520000,12,-140.626,1470.05,11.6629,0.515
13540000,15,-175.973,1498.39,18.2952,0.488
13560000,16,-181.989,1530.49,15.0751,0.464
13580000,10,-120.949,1474.98,14.0155,0.483833
13600000,21,-247.449,1492.57,20.9867,0.502615
13620000,21,-237.134,1546.5,28.72,0.496
13640000,20,-217.707,1514.72,18.7242,0.52115
13660000,18,-203.395,1522.44,25.2674,0.497
13680000,12,-137.533,1495.88,18.0371,0.467
13700000,17,-191.947,1529.01,15.2231,0.46
13720000,14,-159.538,1491.53,21.4785,0.43
13740000,11,-128.641,1492.8,12.4503,0.44
13760000,12,-141.211,1476.7,12.3519,0.487
13780000,14,-167.209,1482.55,14.7315,0.491
13800000,14,-161.447,1503.5,10.4443,0.514
13820000,14,-161.895,1489.45,10.8651,0.499
13840000,14,-159.914,1497.44,23.0226,0.524
13860000,19,-216.71,1524.74,23.2378,0.499875
13880000,19,-218.961,1501.51,18.6269,0.55
13900000,14,-166.823,1497.36,14.1377,0.4595
13920000,21,-245.264,1520.81,37.5215,0.50184
13940000,11,-128.291,1486.79,10.0152,0.465
13960000,14,-161.337,1507.47,27.3049,0.5018
13980000,20,-225.351,1506.48,18.6375,0.531
14000000,15,-173.737,1493.53,13.1103,0.413
14020000,10,-118.948,1463.68,10.2163,0.468
14040000,16,-193.926,1502.95,9.21451,0.488
14060000,18,-201.332,1514.79,16.191,0.4982
14080000,14,-163.472,1482.94,18.4486,0.4935
14100000,13,-154.701,1503.45,14.3247,0.453
14120000,11,-130.919,1491.88,6.02715,0.497333
14140000,10,-124.285,1486.05,23.7216,0.44
14160000,13,-154.401,1491.41,15.9695,0.445
14180000,17,-201.565,1511.42,19.3337,0.517
14200000,12,-142.595,1482.99,14.6913,0.493
14220000,17,-197.936,1506.75,12.1347,0.477556
14240000,12,-145.128,1483.58,10.2139,0.456
14260000,10,-127.614,1492.44,12.1042,0.442
14280000,14,-169.697,1481.27,24.91,0.483
14300000,18,-213.596,1487.6,19.0706,0.474714
14320000,14,-166.629,1483.06,10.0776,0.486
14340000,18,-212.084,1526.01,31.7232,0.4725
14360000,13,-148.313,1480.79,10.7717,0.521778
14380000,16,-195.162,1482.52,17.0286,0.514
14400000,11,-135.755,1489.49,8.94818,0.45
14420000,13,-156.164,1483.3,18.7114,0.518
14440000,18,-209.838,1509.2,21.3077,0.483
14460000,17,-205.49,1463.46,17.5066,0.48625
14480000,21,-244.271,1515.76,24.4542,0.492
14500000,19,-210.979,1492.26,21.7483,0.519667
14520000,12,-143.012,1485.13,9.48814,0.434
14540000,13,-153.687,1489.71,13.1725,0.4574
14560000,11,-130.018,1489.41,12.3418,0.41175
14580000,15,-179.88,1530.78,13.204,0.475171
14600000,25,-294.858,1522.59,32.2049,0.493
14620000,13,-161.081,1483.99,17.3712,0.464
14640000,16,-182.073,1485.7,10.9084,0.534
14660000,12,-139.473,1468.69,17.8202,0.485
14680000,15,-170.648,1484.85,16.5188,0.501
14700000,12,-141.104,1484.53,7.87094,0.461
14720000,19,-212.438,1526.26,23.7651,0.487812
14740000,16,-186.451,1493.98,21.8166,0.456
14760000,12,-140.937,1466.8,15.3885,0.54
14780000,14,-166.394,1489.91,11.0869,0.538
14800000,12,-142.377,1487.03,9.56943,0.5
14820000,13,-149.626,1483.75,9.18496,0.458857
14840000,12,-146.305,1490.6,7.36819,0.504
14860000,15,-175.758,1512.96,12.9273,0.536
14880000,18,-206.959,1497.81,22.0082,0.501222
14900000,13,-149.439,1487.28,13.3122,0.448
14920000,15,-173.016,1492.05,20.509,0.507
14940000,12,-141.336,1510.79,9.29022,0.437
14960000,16,-183.108,1500.27,18.8224,0.509
14980000,13,-150.266,1491.06,12.8146,0.457
15000000,13,-159.089,1501.47,17.4949,0.501125
15020000,15,-176.483,1493.59,13.4259,0.483
15040000,14,-161.129,1492.11,21.554,0.511
15060000,16,-183.008,1508.34,17.6059,0.4534
15080000,16,-183.875,1517.84,15.2122,0.433
15100000,13,-155.039,1498,13.3427,0.477
15120000,16,-185.719,1489.24,16.2146,0.5
15140000,20,-223.974,1529.05,12.4134,0.484
15160000,13,-158.097,1494.21,15.3683,0.495
15180000,14,-166.252,1491.83,11.2349,0.516
15200000,12,-144.163,1475.37,17.4781,0.488
15220000,13,-152.245,1477.14,9.08831,0.4704
15240000,17,-195.745,1491.32,16.8836,0.509
15260000,17,-192.417,1525.03,23.6449,0.493
15280000,12,-144.772,1482.18,12.0298,0.475
15300000,10,-121.11,1495.37,12.8407,0.491
15320000,13,-154.149,1490.57,22.7863,0.491
15340000,14,-163.026,1492.99,14.9497,0.485
15360000,10,-121.888,1498.15,8.90405,0.475
15380000,11,-132.927,1501.43,11.1004,0.48025
15400000,15,-174.223,1497.38,15.3582,0.44
15420000,19,-218.6,1495.6,24.0396,0.526
15440000,14,-166.249,1484.21,17.0294,0.503
15460000,13,-161.405,1482.58,11.5943,0.504
15480000,16,-184.406,1503.49,24.8174,0.51071
15500000,11,-135.228,1496.79,12.0478,0.485
15520000,10,-121.227,1496.64,7.97152,0.457
15540000,15,-172.432,1519.46,11.9459,0.466
15560000,13,-152.532,1491.05,11.9914,0.484875
15580000,14,-165.65,1485.01,14.5463,0.486
15600000,11,-136.459,1463.95,19.2916,0.449
15620000,13,-150.82,1497.84,11.3926,0.509
15640000,16,-185.393,1504.68,16.7165,0.467
15660000,12,-140.113,1486.71,10.4331,0.487556
15680000,14,-162.976,1492.29,19.3166,0.481
15700000,16,-189.916,1494.38,18.6703,0.473
15720000,18,-201.663,1523.63,17.2038,0.48475
15740000,10,-125.647,1480.95,8.72017,0.427
15760000,15,-173.939,1517.2,12.6797,0.445
15780000,16,-189.286,1501.7,25.1769,0.515
15800000,13,-153.819,1478.59,14.5192,0.48
15820000,20,-228.01,1511.61,16.8204,0.472
15840000,11,-136.232,1484.29,17.3746,0.488
15860000,10,-119.721,1490.47,11.6905,0.451
15880000,10,-118.966,1479.96,7.86788,0.452611
15900000,11,-128.716,1484.5,16.0389,0.495952
15920000,18,-212.866,1502.3,14.3768,0.485
15940000,17,-192.33,1521.27,19.1503,0.456
15960000,12,-139.826,1474.78,12.4691,0.484
15980000,11,-129.212,1499.66,15.137,0.449
16000000,16,-182.075,1482.9,14.542,0.505429
16020000,15,-172.921,1493.77,22.6743,0.5025
16040000,14,-167.315,1486.31,19.0259,0.515
16060000,11,-132.036,1496.08,10.4347,0.509167
16080000,15,-174.56,1489.15,19.2563,0.475
16100000,14,-159.101,1483.33,9.28403,0.517
16120000,23,-258.358,1535.67,24.4547,0.541
16140000,17,-194.347,1533.15,13.7442,0.486
16160000,14,-167.824,1486.45,18.9881,0.487333
16180000,27,-299.287,1524.84,29.6372,0.55
16200000,13,-150.723,1477.74,12.9032,0.5128
16220000,13,-148.65,1488.33,12.5371,0.46
16240000,15,-174.893,1491.16,13.2627,0.489
16260000,12,-147.489,1483.54,11.897,0.465
16280000,14,-162.428,1508.56,9.61607,0.4805
16300000,13,-155.596,1496.18,10.6114,0.458
16320000,16,-181.495,1517.22,14.5473,0.447
16340000,10,-121.119,1466.97,14.5574,0.434
16360000,14,-163.211,1494.6,12.458,0.488
16380000,12,-139.1,1496.85,9.2046,0.492
16400000,16,-188.962,1483.06,14.1597,0.555
16420000,13,-152.168,1480.73,11.7761,0.5228
16440000,12,-143.102,1480.71,13.7175,0.474
16460000,14,-171.93,1486.62,19.2872,0.454
16480000,14,-163.351,1500.43,10.4176,0.477
16500000,15,-177.316,1501.39,20.7962,0.427
16520000,22,-254.908,1487.31,20.6141,0.516
16540000,16,-187.353,1486.97,13.7187,0.466
16560000,10,-121.832,1483.58,10.1199,0.484
16580000,16,-182.968,1492.89,9.59581,0.516
16600000,17,-198.617,1504.72,14.4225,0.505
16620000,15,-172.561,1526.9,13.398,0.459
16640000,16,-190.629,1509.79,19.3698,0.455667
16660000,13,-152.016,1490.28,12.4281,0.480857
16680000,12,-145.242,1498.34,13.1817,0.462
16700000,13,-156.377,1495.4,10.2177,0.455
16720000,15,-176.899,1491.77,14.1228,0.511
16740000,14,-166.692,1493.99,16.2936,0.47
16760000,12,-140.424,1498.26,8.802,0.472
16780000,11,-139.243,1487.35,11.3376,0.541
16800000,17,-194.5,1496.62,20.1387,0.561
16820000,13,-149.916,1498.17,9.3938,0.45
16840000,11,-136.631,1471,6.82639,0.451
16860000,15,-173.793,1486.57,14.5568,0.52
16880000,19,-219.76,1507.84,25.4699,0.506893
16900000,18,-207.8,1500.69,29.4034,0.517316
16920000,10,-121.903,1468.98,9.64153,0.432
16940000,17,-191.608,1502.66,19.6175,0.484
16960000,12,-137.522,1489.16,11.6232,0.513
16980000,21,-236.488,1518,34.2976,0.500154
17000000,12,-138.859,1498.28,11.326,0.48
17020000,15,-176.171,1486.4,16.6245,0.5
17040000,10,-127.224,1482.24,9.36968,0.49875
17060000,14,-165.507,1487.69,15.2105,0.509
17080000,13,-155.027,1506.06,15.4953,0.492
17100000,14,-164.379,1488.63,18.7271,0.507
17120000,12,-139.967,1505.64,11.2326,0.44
17140000,11,-131.18,1493.08,12.985,0.492
17160000,12,-143.639,1470.86,12.9476,0.4985
17180000,15,-176.629,1484.45,16.0037,0.504
17200000,10,-126.184,1479.76,10.8679,0.473
17220000,17,-193.007,1500.95,17.9933,0.487667
17240000,12,-147.087,1473.08,12.2957,0.480143
17260000,11,-138.696,1479.66,11.1543,0.479
17280000,13,-154.963,1453.11,15.1123,0.489
17300000,17,-194.463,1486.14,15.4274,0.519
17320000,24,-266.49,1493.72,22.1473,0.526
17340000,15,-182.232,1505.16,12.1564,0.498
17360000,15,-172.191,1505.76,17.4926,0.553
17380000,16,-189.23,1482.07,21.2882,0.50625
17400000,13,-153.347,1496.37,12.321,0.501
17420000,13,-151.172,1506.66,10.1425,0.463667
17440000,18,-204.331,1506.22,14.2788,0.51
17460000,10,-118.154,1500.56,12.6277,0.481333
17480000,15,-175.094,1494.01,10.598,0.497
17500000,13,-157.967,1470.58,4.98841,0.469
17520000,10,-128.144,1471.31,5.4159,0.448
17540000,16,-184.769,1485.28,26.6907,0.546667
17560000,11,-131.562,1495.76,8.29917,0.47
17580000,11,-132.256,1500.71,9.71658,0.488
17600000,10,-124.544,1478.07,11.9062,0.471
17620000,11,-136.694,1483.35,12.3756,0.5097
17640000,11,-134.506,1476.94,13.0146,0.496667
17660000,16,-180.986,1525.68,14.8393,0.5025
17680000,14,-167.136,1469.26,14.5219,0.514
17700000,12,-141.489,1484.44,11.6901,0.503
17720000,15,-174.973,1517.11,10.8922,0.469
17740000,15,-171.804,1466.7,13.5971,0.542
17760000,9,-109.601,1477.67,8.80842,0.456
17780000,15,-170.84,1507.11,15.5688,0.471538
17800000,13,-159.759,1468.16,16.6225,0.504
17820000,12,-144.907,1482.16,11.206,0.4625
17840000,12,-143.36,1486.89,19.556,0.4715
17860000,13,-159.099,1478.63,9.1357,0.511444
17880000,14,-167.328,1492.37,22.317,0.466333
17900000,16,-192.087,1499.21,16.3892,0.500065
17920000,12,-142.985,1501.18,22.9551,0.428
17940000,16,-188.773,1497.08,21.0093,0.49725
17960000,14,-161.686,1465.17,13.1227,0.528
17980000,10,-121.263,1481.94,14.0265,0.484
18000000,16,-190.906,1491.04,15.0982,0.512
18020000,14,-174.871,1484.55,15.6301,0.45
18040000,13,-158.856,1503.85,10.6074,0.472889
18060000,13,-164.985,1485.49,11.8088,0.476
18080000,11,-135.985,1480.07,11.4658,0.484
18100000,14,-170.135,1498.61,8.8963,0.4952
18120000,12,-142.687,1497.59,12.5901,0.486343
18140000,13,-155.867,1484.15,11.3215,0.504
18160000,15,-174.817,1472.63,20.4819,0.486
18180000,12,-141.443,1490.87,9.99946,0.527
18200000,17,-193.352,1511.15,17.1855,0.471
18220000,15,-176.758,1490.42,16.7811,0.518
18240000,13,-151.669,1500.35,15.6609,0.478
18260000,14,-160.064,1497.92,19.3478,0.500833
18280000,17,-200.69,1488.6,9.36966,0.505719
18300000,12,-140.763,1466.57,10.138,0.469
18320000,17,-198.072,1489.86,14.8098,0.508
18340000,17,-191.551,1516.43,18.2253,0.475
18360000,21,-233.671,1526.19,25.8278,0.522
18380000,13,-155.398,1493.06,7.55307,0.501
18400000,17,-202.701,1510.82,10.1822,0.478
18420000,15,-175.79,1503.52,12.0861,0.488
18440000,15,-172.467,1524.99,13.0494,0.466
18460000,18,-207.14,1512.56,18.1201,0.493786
18480000,12,-147.056,1479.26,15.4124,0.462
18500000,15,-176.637,1488.93,14.045,0.491133
18520000,15,-172.451,1508.8,12.7182,0.476
18540000,18,-202.619,1490.76,17.9165,0.506
18560000,16,-189.123,1494.53,11.9257,0.49
18580000,13,-153.921,1488.36,21.2884,0.454
18600000,13,-166.396,1497.86,13.1686,0.486
18620000,18,-204.905,1515.1,12.3501,0.557
18640000,19,-217.538,1528.31,18.8214,0.458
18660000,14,-167.096,1486.58,12.7951,0.465067
18680000,12,-145.349,1491.25,13.5176,0.487
18700000,18,-220.882,1502.66,21.62,0.5028
18720000,15,-173.142,1486.38,15.0054,0.493
18740000,19,-210.874,1521.71,9.55389,0.5165
18760000,11,-136.169,1493.63,11.6655,0.48
18780000,12,-141.916,1508.89,9.47535,0.4895
18800000,15,-173.274,1505.25,16.0557,0.478
18820000,14,-176.848,1494.56,10.7666,0.454
18840000,17,-203.801,1503.61,23.4855,0.459818
18860000,12,-146.516,1486.31,11.6117,0.453
18880000,17,-203.416,1498.94,16.7328,0.476
18900000,21,-242.377,1496.74,21.5922,0.537
18920000,10,-121.247,1487.93,6.94045,0.4825
18940000,19,-213.002,1525.83,18.5104,0.48875
18960000,15,-183.957,1486.92,12.28,0.532
18980000,15,-181.542,1492.62,14.5089,0.504
19000000,13,-154.249,1492.23,20.682,0.47
19020000,15,-175.683,1484.04,15.1502,0.505
19040000,10,-122.02,1479.46,8.49292,0.421
19060000,21,-235.696,1517,17.1555,0.5047
19080000,15,-174.934,1494.05,21.7041,0.531059
19100000,11,-132.338,1486.26,11.144,0.456
19120000,15,-177.397,1499.32,19.5069,0.5155
19140000,10,-121.554,1502.43,5.65615,0.461
19160000,14,-164.36,1493.32,15.2689,0.487667
19180000,16,-187.949,1505.47,16.4621,0.511472
19200000,15,-180.556,1507.29,19.6759,0.465
19220000,13,-146.858,1485.43,17.5428,0.472
19240000,12,-138.271,1473.1,16.3764,0.4895
19260000,14,-166.383,1489.86,20.2536,0.5055
19280000,16,-185.199,1485.4,14.812,0.512
19300000,12,-140.574,1488.48,17.2219,0.467
19320000,19,-218.978,1491.99,16.4667,0.519
19340000,15,-178.42,1493.25,12.5947,0.474
19360000,16,-193.741,1466.43,13.8693,0.5112
19380000,16,-184.635,1489.17,22.6798,0.487
19400000,18,-209.589,1497.18,12.9585,0.536
19420000,15,-174.855,1499.21,14.675,0.497
19440000,12,-139.816,1499.71,15.6468,0.455
19460000,14,-166.444,1503.97,15.2611,0.499568
19480000,18,-206.528,1496.82,13.6154,0.5304
19500000,18,-204.572,1497.57,18.3585,0.5497
19520000,16,-190.334,1497.54,17.0794,0.493636
19540000,14,-165.254,1477.79,13.6936,0.485625
19560000,15,-170.559,1496.61,14.211,0.483
19580000,12,-143.151,1491.83,9.57567,0.45
19600000,12,-136.956,1495.32,12.8954,0.451
19620000,15,-180.096,1499.44,13.8543,0.476
19640000,16,-183.511,1496.61,12.7336,0.483
19660000,16,-189.736,1487.32,12.6669,0.485
19680000,9,-117.3,1480.38,12.2566,0.393
19700000,15,-176.523,1491.78,26.8817,0.498
19720000,15,-174.899,1490.27,14.2006,0.529
19740000,15,-174.962,1519.46,15.7083,0.458333
19760000,15,-182.383,1485.7,15.5035,0.502
19780000,12,-146.608,1485.86,13.4281,0.48
19800000,13,-151.094,1500.46,13.527,0.455
19820000,17,-194.59,1497.83,16.1568,0.478667
19840000,12,-141.242,1483.96,11.3768,0.474
19860000,13,-152.735,1495.4,14.3228,0.472
19880000,17,-202.827,1527.1,15.8883,0.468667
19900000,19,-214.643,1490.67,18.1112,0.523556
19920000,14,-163.427,1495.01,12.3363,0.511667
19940000,14,-170.944,1500.65,13.2548,0.4894
19960000,12,-137.788,1485.48,14.9036,0.454
19980000,20,-230.403,1489.85,15.7941,0.515
20000000,15,-171.251,1478.71,7.21609,0.5215
20020000,23,-257.118,1514.17,15.3749,0.48025
20040000,12,-145.826,1483.55,13.0521,0.494
20060000,13,-159.5,1484.71,19.1938,0.477556
20080000,16,-182.124,1500.24,19.1254,0.49
20100000,13,-156.853,1491.52,11.3393,0.477
20120000,18,-210.439,1498.23,18.6137,0.476
20140000,13,-155.123,1504.5,15.5163,0.435
20160000,13,-152.058,1474.24,9.94368,0.4775
20180000,13,-152.839,1486.11,12.6494,0.492
20200000,14,-167.918,1492.41,17.5378,0.515111
20220000,19,-219.221,1485.59,10.4332,0.480889
20240000,18,-205.857,1488.59,15.4046,0.519
20260000,11,-134.101,1492.07,9.61487,0.431
20280000,13,-158.874,1483.15,13.017,0.444
20300000,14,-168.18,1500.07,15.2714,0.443
20320000,12,-143.154,1483.62,6.40469,0.471
20340000,16,-182.875,1491.48,16.9106,0.489
20360000,16,-191.447,1492.84,12.4428,0.48
20380000,16,-191.855,1499.42,30.922,0.463
20400000,15,-180.42,1504.87,21.4939,0.441
20420000,15,-172.806,1489.19,15.7139,0.458
20440000,12,-145.271,1497.58,18.2464,0.497143
20460000,24,-264.817,1517.81,30.2959,0.5135
20480000,13,-155.399,1500.69,15.6027,0.458
20500000,16,-179.66,1513.72,23.0514,0.486
20520000,14,-163.468,1525.02,8.62028,0.447
20540000,14,-167.138,1498.72,16.3134,0.527
20560000,17,-204.642,1489.96,13.5154,0.517
20580000,11,-133.346,1484.36,25.2004,0.483
20600000,22,-241.741,1537.28,25.8265,0.52
20620000,14,-166.655,1500.04,10.0537,0.491
20640000,15,-174.059,1502.34,11.8654,0.519929
20660000,12,-144.985,1484.12,14.6348,0.447
20680000,11,-132.979,1487.45,10.0552,0.428
20700000,17,-200.214,1508.35,27.6943,0.488375
20720000,12,-146.198,1489.67,10.838,0.467
20740000,12,-141.817,1488.62,19.7061,0.472
20760000,15,-179.775,1515.25,28.8727,0.496
20780000,14,-166.554,1493.49,10.6419,0.489333
20800000,12,-144.639,1485.01,14.9867,0.4865
20820000,11,-128.769,1484.04,9.17736,0.472
20840000,15,-173.056,1524.85,19.0442,0.461
20860000,14,-167.098,1493.98,14.4196,0.519963
20880000,17,-199.308,1506.89,17.6447,0.466
20900000,11,-129.557,1473.02,7.95004,0.482
20920000,15,-174.18,1485.04,13.3949,0.536
20940000,16,-190.385,1495.5,15.0917,0.4995
20960000,17,-194.83,1505.45,28.6866,0.499
20980000,19,-224.605,1503.71,20.4846,0.489333
21000000,16,-188.229,1497.48,21.4942,0.501
21020000,22,-254.038,1501.74,24.0985,0.492
21040000,14,-163.495,1499.38,12.2985,0.502
21060000,15,-180.365,1494.79,14.9053,0.472
21080000,16,-186.886,1485.06,20.0763,0.496143
21100000,11,-131.177,1481.97,16.5118,0.434
21120000,11,-129.644,1498.82,13.2258,0.44
21140000,11,-136.068,1490.92,24.2798,0.422
21160000,10,-120.454,1497.56,7.00916,0.487
21180000,12,-146.721,1502.46,14.2922,0.466
21200000,13,-155.716,1494.86,17.8706,0.481
21220000,13,-149.629,1501.7,15.0066,0.534833
21240000,16,-183.982,1489.17,10.0734,0.496
21260000,12,-148.43,1475.39,11.4343,0.506
21280000,14,-167.876,1490.54,12.3438,0.473
21300000,18,-209.315,1481.19,32.1247,0.512962
21320000,18,-202.137,1500.27,17.3776,0.46475
21340000,12,-136.413,1484.12,17.8093,0.501
21360000,13,-150.326,1485.62,16.2654,0.501467
21380000,13,-151.926,1494.39,8.68243,0.491
21400000,15,-174.643,1504.35,16.6394,0.454
21420000,16,-181.123,1504.32,15.7143,0.498
21440000,20,-227.527,1507.83,17.1088,0.505059
21460000,10,-121.99,1503.04,10.7578,0.466
21480000,13,-155.109,1501.72,17.5011,0.469
21500000,19,-210.194,1505.28,12.3669,0.493
21520000,16,-185.434,1498.12,16.1536,0.504
21540000,15,-171.862,1493.13,13.443,0.501
21560000,18,-206.49,1508.27,21.8463,0.4972
21580000,12,-147.626,1504.84,10.5735,0.468
21600000,11,-139.465,1495.31,13.9069,0.46425
21620000,16,-193.476,1500.45,18.8524,0.48425
21640000,20,-237.444,1506.3,15.5871,0.52
21660000,16,-186.108,1509.93,16.497,0.505
21680000,10,-120.967,1479.39,10.154,0.488583
21700000,17,-199.635,1508.56,15.2396,0.482
21720000,18,-205.395,1493.28,22.5264,0.524
21740000,18,-208.417,1502.2,14.047,0.514571
21760000,11,-132.099,1484.63,8.29318,0.429
21780000,19,-215.936,1495.87,21.4173,0.49975
21800000,16,-182.497,1502.54,14.5859,0.467
21820000,13,-156.172,1505.69,10.7504,0.438
21840000,14,-162.88,1493.97,10.503,0.478
21860000,12,-147.442,1482.73,9.55618,0.444
21880000,16,-182.629,1494.07,13.8638,0.548333
21900000,11,-127.068,1495.58,15.6531,0.473
21920000,15,-172.387,1477.91,15.614,0.503
21940000,13,-151.895,1499.98,14.3003,0.486
21960000,14,-168.119,1493.53,10.4837,0.492333
21980000,12,-141.546,1490.12,12.518,0.472
22000000,16,-187.433,1485.28,19.5063,0.5048
22020000,12,-143.775,1499.1,13.2504,0.465
22040000,14,-160.536,1503.56,16.8567,0.502
22060000,16,-186.22,1511.83,24.911,0.482
22080000,15,-175.405,1507.39,16.3994,0.47625
22100000,13,-159.717,1495.21,16.8428,0.482
22120000,16,-185.97,1496.67,12.8726,0.475
22140000,13,-150.503,1484.51,11.8414,0.474
22160000,16,-180.486,1487.66,17.7682,0.541
22180000,17,-195.295,1493.18,16.0423,0.534
22200000,14,-168.194,1492.16,14.0083,0.522667
22220000,14,-168.653,1483.03,20.5758,0.49505
22240000,19,-217.319,1491.11,20.153,0.52225
22260000,11,-134.886,1489.75,10.2562,0.485111
22280000,15,-173.143,1492.24,9.67509,0.484
22300000,12,-141.124,1487.69,12.6522,0.474
22320000,13,-153.727,1489.1,10.5063,0.47
22340000,12,-141.322,1492.03,16.6633,0.474
22360000,12,-142.956,1503.47,14.0509,0.48
22380000,15,-177.514,1482.85,13.9844,0.503
22400000,13,-157.41,1485.39,13.3167,0.471
22420000,14,-164.92,1483.25,16.801,0.461
22440000,13,-158.334,1501.12,8.13418,0.4668
22460000,12,-143.024,1476.92,14.0738,0.493137
22480000,17,-215.212,1491.09,17.6201,0.460636
22500000,14,-165.285,1500.59,13.0875,0.46
22520000,14,-167.732,1478.2,21.6592,0.455
22540000,12,-139.963,1487.49,7.53795,0.46
22560000,16,-186.293,1477.76,18.2827,0.488
22580000,16,-187.045,1494.66,19.5033,0.501
22600000,12,-142.498,1492.22,8.07921,0.461
22620000,12,-143.572,1491.37,18.9121,0.5
22640000,10,-121.59,1489.97,16.5826,0.444
22660000,11,-129.323,1496.67,16.843,0.477
22680000,13,-153.997,1492.74,15.5133,0.4755
22700000,13,-154.746,1495.77,11.7898,0.439
22720000,12,-138.792,1487.46,17.5864,0.487
22740000,10,-119.75,1494,9.99411,0.447
22760000,11,-132.363,1476.79,13.2306,0.4515
22780000,14,-160.899,1498.14,26.0624,0.524
22800000,13,-154.726,1493.46,12.3048,0.491333
22820000,15,-177.533,1486.05,16.4149,0.461
22840000,14,-162.029,1492.76,18.1012,0.538
22860000,15,-172.408,1504.34,24.7484,0.531
22880000,12,-141.758,1483.73,17.5525,0.488
22900000,13,-155.841,1504.58,14.9362,0.446
22920000,12,-143.294,1490.42,7.66953,0.49075
22940000,13,-156.458,1497.76,9.86973,0.502333
22960000,13,-152.031,1487.52,15.3342,0.474
22980000,14,-161.034,1501.46,12.5234,0.545
23000000,12,-141.139,1487,22.2665,0.44875
23020000,11,-136.022,1484.18,10.8688,0.452
23040000,16,-195.654,1475.58,18.7616,0.467846
23060000,13,-156.116,1476,13.6902,0.568
23080000,17,-197.662,1513.72,23.2586,0.538833
23100000,15,-181.79,1492.51,13.8984,0.494
23120000,12,-143.291,1497.89,7.73494,0.476
23140000,13,-156.397,1503.22,15.5078,0.495
23160000,16,-181.992,1488.72,19.4534,0.557
23180000,17,-196.897,1511.41,17.15,0.466
23200000,13,-150.938,1504.29,15.8846,0.511
23220000,16,-184.862,1481.38,17.1138,0.506
23240000,10,-119.465,1488.76,12.8595,0.502833
23260000,12,-145.676,1498.91,15.0507,0.482333
23280000,16,-190.369,1497.75,24.7888,0.475
23300000,19,-220.589,1491.51,12.5192,0.564
23320000,13,-154.909,1495.88,9.7477,0.505
23340000,11,-129.863,1499.99,13.2308,0.454
23360000,14,-161.457,1487.66,10.8863,0.501
23380000,12,-147.893,1490.16,18.6576,0.45
23400000,15,-184.357,1496.08,17.2205,0.498423
23420000,13,-154.71,1503.15,17.5608,0.448
23440000,14,-168.325,1484.11,14.2488,0.505
23460000,14,-165.217,1488.34,16.3671,0.4656
23480000,12,-151.058,1501.79,12.1547,0.469
23500000,15,-174.584,1488.14,20.1457,0.455333
23520000,18,-208.066,1503.46,31.4465,0.519
23540000,17,-200.401,1503.84,19.8104,0.512
23560000,12,-137.981,1467.27,11.3858,0.52375
23580000,15,-178.637,1462.54,12.1639,0.517
23600000,13,-148.739,1512.81,13.5955,0.448
23620000,8,-100.62,1463.36,12.9029,0.47
23640000,12,-143.989,1466.62,9.81816,0.499
23660000,11,-135.064,1480.05,12.1392,0.45
23680000,11,-132.364,1455.72,12.4875,0.427
23700000,14,-169.529,1456.29,17.294,0.49
23720000,18,-201.424,1489.59,14.7293,0.455
23740000,15,-171.75,1489.36,15.62,0.546
23760000,14,-166.09,1491.45,19.0117,0.494
23780000,13,-151.442,1495.65,12.3235,0.4565
23800000,12,-141.706,1495.9,19.2011,0.5112
23820000,15,-173.5,1499.1,13.7918,0.473
23840000,13,-156.854,1482.49,13.2587,0.494
23860000,10,-118.437,1473.52,19.7837,0.532
23880000,11,-130.432,1477.08,6.93009,0.528571
23900000,12,-147.334,1492.32,11.1613,0.517
23920000,17,-194.835,1495.47,19.736,0.523
23940000,15,-175.597,1495.51,18.9465,0.5184
23960000,11,-135.524,1506.17,13.9297,0.524636
23980000,16,-185.86,1511.37,19.1214,0.438
24000000,18,-202.294,1497.74,20.0105,0.520867
24020000,17,-202.199,1485.02,16.1309,0.519
24040000,14,-171.444,1500.16,14.648,0.497
24060000,12,-141.994,1496.84,10.5574,0.474
24080000,13,-152.564,1500.94,12.381,0.469
24100000,10,-124.687,1494.2,9.74431,0.482
24120000,11,-131,1507.94,15.8173,0.46
24140000,12,-141.866,1493.72,15.0698,0.475
24160000,12,-149.799,1484.4,9.39187,0.459
24180000,15,-179.997,1496.97,12.5786,0.507333
24200000,16,-185.462,1504.02,16.238,0.497667
24220000,15,-176.173,1494.81,18.4865,0.484
24240000,14,-163.921,1500.8,12.3479,0.473
24260000,10,-126.801,1504.7,11.5824,0.454
24280000,17,-189.99,1488.11,15.3813,0.492286
24300000,11,-132.549,1495.66,17.7518,0.5231
24320000,12,-144.293,1502.7,17.8082,0.472
24340000,12,-146.822,1491.68,11.9016,0.461
24360000,11,-134.218,1505.68,10.1907,0.429
24380000,13,-149.167,1492.41,8.86599,0.479333
24400000,13,-161.813,1498.03,13.4122,0.502
24420000,12,-151.582,1501.39,9.76158,0.486
24440000,12,-141.453,1496.61,9.98063,0.4713
24460000,16,-180.981,1483.63,18.0919,0.548
24480000,12,-142.356,1490.28,16.4074,0.441
24500000,18,-205.562,1519.58,32.9849,0.470667
24520000,17,-199.678,1525.12,14.4078,0.460833
24540000,17,-209.592,1522.06,18.9097,0.4542
24560000,24,-283.006,1530.73,21.8858,0.504
24580000,13,-155.501,1483.12,12.9579,0.475
24600000,17,-204.35,1491.02,11.62,0.555
24620000,17,-194.786,1486.94,12.9968,0.4996
24640000,15,-177.8,1485.78,20.0322,0.4865
24660000,18,-204.127,1509.92,17.6195,0.4705
24680000,18,-210.409,1490.92,20.5552,0.536
24700000,11,-140.345,1496.36,12.7724,0.453
24720000,12,-149.611,1480.56,13.4851,0.531
24740000,19,-211.835,1529.69,16.3048,0.474
24760000,9,-110.461,1475.87,13.9402,0.469
24780000,18,-205.001,1523.85,18.0642,0.4825
24800000,16,-185.198,1485.98,18.4604,0.522
24820000,17,-195.428,1512.24,14.2169,0.455375
24840000,14,-163.33,1484.95,14.0351,0.501
24860000,11,-136.725,1456.48,15.0874,0.494437
24880000,15,-180.912,1513.43,20.1663,0.468
24900000,11,-131.249,1473.88,19.9543,0.498
24920000,16,-187.559,1484.16,20.5956,0.509
24940000,10,-125.505,1464.6,9.67859,0.486
24960000,12,-146.497,1462.15,12.0002,0.517444
24980000,12,-149.258,1470.16,11.039,0.479
25000000,13,-154.088,1475.83,12.8336,0.49
25020000,12,-137.436,1468.9,13.7672,0.534
25040000,10,-124.13,1466.01,6.92802,0.48
25060000,16,-182.103,1487.61,10.7241,0.488267
25080000,10,-119.991,1462.02,16.8369,0.51525
25100000,11,-135.732,1504.11,15.2884,0.454
25120000,13,-155.754,1464.06,10.8947,0.535667
25140000,18,-211.046,1482.53,30.0211,0.547
25160000,10,-119.447,1463.98,10.3884,0.498
25180000,10,-128.154,1468.77,10.038,0.4735
25200000,16,-186.098,1515.67,17.8853,0.498
25220000,16,-183.277,1520.48,13.6874,0.462
25240000,13,-155.723,1463.59,9.33671,0.527
25260000,11,-132.082,1484.04,11.1777,0.475
25280000,10,-120.226,1461.8,6.83614,0.434
25300000,10,-118.803,1488.75,11.5197,0.457
25320000,10,-120.915,1469.89,9.97772,0.475
25340000,18,-208.136,1529.42,15.4547,0.487923
25360000,16,-180.535,1488.87,15.1393,0.498516
25380000,16,-182.867,1484.9,14.9274,0.4745
25400000,16,-186.108,1487.51,15.3026,0.515111
25420000,12,-144.417,1477.06,14.0044,0.488
25440000,15,-177.666,1499.67,12.4331,0.509
25460000,13,-158.573,1489.53,10.0656,0.490667
25480000,13,-154.047,1486.12,10.828,0.501
25500000,11,-133.045,1488.1,11.699,0.507
25520000,17,-197.921,1481.25,18.6342,0.519
25540000,12,-136.263,1481.28,12.9709,0.459
25560000,13,-152.5,1491.26,10.757,0.5105
25580000,14,-165.112,1501.46,23.3011,0.494
25600000,18,-213.85,1523.9,17.6996,0.49
25620000,14,-158.92,1476.45,18.0577,0.4968
25640000,13,-152.389,1489.48,12.5802,0.4752
25660000,17,-190.744,1498.68,13.354,0.528
25680000,12,-141.192,1489.3,9.71557,0.492
25700000,11,-133.646,1484.14,15.6306,0.48
25720000,16,-183.93,1484.57,14.6412,0.534
25740000,12,-139.881,1486.27,13.8495,0.489
25760000,14,-158.886,1484.75,9.55425,0.482
25780000,18,-207.635,1498.69,19.5622,0.509
25800000,16,-182.021,1498.85,14.0516,0.483
25820000,14,-163.535,1513.53,15.3454,0.474
25840000,14,-167.638,1481.44,20.3077,0.488
25860000,20,-234.779,1495.25,21.7243,0.504
25880000,16,-189.878,1489.62,17.4058,0.496
25900000,12,-146.899,1476.74,16.1285,0.471
25920000,13,-156.008,1480.22,17.0899,0.4675
25940000,12,-145.55,1496.9,11.5555,0.512
25960000,16,-192.115,1497.41,16.7373,0.526333
25980000,14,-165.126,1485.96,14.8517,0.4949
26000000,16,-195.653,1503.28,15.1457,0.508
26020000,17,-199.697,1473.45,20.8848,0.515
26040000,12,-142.767,1504.64,13.9204,0.494
26060000,12,-151.537,1475.78,15.2272,0.443
26080000,12,-142.883,1490.5,15.4614,0.509939
26100000,16,-184.86,1519.95,16.5337,0.475
26120000,14,-170.15,1513.02,15.1453,0.443
26140000,12,-145.266,1491.05,14.0291,0.47
26160000,16,-181.1,1521.88,14.3125,0.482
26180000,14,-164.07,1486.93,10.6476,0.484
26200000,22,-252.882,1511.09,15.0641,0.548
26220000,13,-154.536,1488.77,11.0581,0.467375
26240000,11,-133.792,1498.62,5.67555,0.463
26260000,15,-183.366,1492.66,15.869,0.521
26280000,12,-140.799,1489.09,11.7742,0.487
26300000,17,-196.907,1511.78,18.3325,0.453
26320000,13,-147.411,1505.37,17.9987,0.459
26340000,13,-152.181,1489.24,12.5889,0.498
26360000,16,-181.864,1493.29,15.0568,0.49
26380000,14,-160.883,1492.44,14.435,0.500727
26400000,20,-226.896,1504.78,24.0432,0.507
26420000,16,-195.236,1499.2,13.4343,0.488
26440000,12,-141.423,1493.06,12.7909,0.510333
26460000,11,-131.638,1480.64,10.1653,0.461
26480000,15,-175.014,1491.03,14.1514,0.516471
26500000,16,-180.632,1510.06,19.0664,0.488
26520000,14,-176.187,1487.11,14.9913,0.506
26540000,16,-185.962,1486.65,17.4894,0.510714
26560000,13,-153.263,1495.67,12.1852,0.505833
26580000,19,-210.954,1498.3,26.0749,0.465
26600000,18,-209.063,1502.46,18.5224,0.529
26620000,15,-171.622,1481.64,15.2793,0.48
26640000,16,-183.151,1492.85,16.216,0.508
26660000,10,-122.299,1481.61,18.4124,0.477
26680000,15,-181.381,1507.84,12.1148,0.427
26700000,20,-229.994,1510.36,15.0758,0.477
26720000,16,-189.387,1505.04,17.6127,0.513154
26740000,15,-170.663,1500.9,12.0811,0.485526
26760000,19,-212.89,1501.6,19.8686,0.474576
26780000,12,-143.447,1502.53,12.3647,0.506
26800000,9,-111.564,1479.27,7.35017,0.458
26820000,16,-177.676,1491.67,20.8212,0.52
26840000,19,-219.104,1505.92,18.1,0.523814
26860000,16,-190.89,1499.83,13.8527,0.52
26880000,21,-235.521,1521.09,19.6877,0.505
26900000,15,-173.144,1496.52,18.9862,0.50525
26920000,16,-186.315,1489.98,21.448,0.488
26940000,11,-134.156,1467.75,13.7179,0.428
26960000,9,-110.908,1459.71,10.1085,0.443
26980000,9,-108.603,1475.38,6.46509,0.463
27000000,13,-156.752,1480.34,12.0662,0.492
27020000,13,-157.943,1488.99,14.9902,0.4594
27040000,14,-162.95,1497.04,8.33072,0.489
27060000,11,-129.284,1491.39,11.0942,0.494778
27080000,14,-163.032,1500.19,8.36076,0.463
27100000,15,-179.943,1484.21,16.9643,0.506
27120000,17,-198.593,1482.3,19.0089,0.494
27140000,12,-150.02,1480.92,11.8337,0.447
27160000,10,-119.5,1482.24,11.5676,0.423
27180000,10,-122.018,1476.42,12.778,0.483
27200000,13,-154.347,1470.31,10.7907,0.428
27220000,13,-160.836,1484.77,12.856,0.466
27240000,15,-172.034,1497.9,17.7042,0.46987
27260000,12,-144.739,1468.58,10.418,0.507
27280000,20,-220.902,1528.03,20.2458,0.505
27300000,10,-120.798,1468.66,9.3211,0.425
27320000,11,-131.09,1468.66,16.0097,0.427
27340000,18,-211.471,1495.93,25.9586,0.498
27360000,13,-153.482,1485.52,11.7847,0.503667
27380000,13,-155.734,1491.86,8.35062,0.479
27400000,12,-142.291,1499.83,12.1243,0.466
27420000,14,-162.541,1508.22,15.3888,0.44
27440000,19,-212.807,1487.78,19.4597,0.517
27460000,16,-183.403,1491.07,14.4809,0.501
27480000,14,-166.458,1486,15.1311,0.47
27500000,11,-131.518,1486.01,15.2307,0.456
27520000,11,-134.047,1484.58,10.5623,0.443222
27540000,15,-183.483,1478.13,15.1557,0.5097
27560000,13,-167.259,1506.06,11.4452,0.48425
27580000,16,-190.07,1476.74,15.286,0.504
27600000,13,-151.283,1495.53,16.1934,0.459
27620000,16,-181.94,1491,10.8576,0.495
27640000,15,-172.924,1498.91,12.1869,0.45
27660000,13,-156.716,1476.09,25.709,0.514
27680000,14,-162.407,1473.21,13.5663,0.506
27700000,17,-196.798,1501.37,22.392,0.5236
27720000,17,-195.421,1494.55,20.8725,0.5276
27740000,15,-174.653,1479.52,19.5384,0.534
27760000,14,-165.771,1499.8,12.2918,0.505
27780000,17,-198.583,1526.58,23.3298,0.439
27800000,11,-132.794,1491.39,7.88351,0.47
27820000,11,-131.96,1487.01,8.37164,0.458
27840000,11,-136.088,1502.89,11.3841,0.462
27860000,12,-146.018,1488.76,16.6705,0.5115
27880000,12,-146.817,1474.93,15.7419,0.543
27900000,13,-149.724,1517.44,15.0952,0.479
27920000,15,-182.449,1468.05,9.31519,0.514
27940000,18,-205.781,1470.54,23.2834,0.517
27960000,13,-152.073,1478.71,15.9542,0.533139
27980000,12,-143.103,1495.32,15.2541,0.484
28000000,9,-114.337,1478.45,8.73907,0.416
28020000,16,-189.07,1490.68,22.1179,0.51325
28040000,19,-213.944,1505.92,23.1807,0.49175
28060000,8,-103.973,1483.53,6.17281,0.454
28080000,15,-184.093,1485.12,7.72711,0.482167
28100000,14,-160.148,1509.98,15.2506,0.426333
28120000,18,-209.287,1499.45,18.8943,0.46925
28140000,15,-173.387,1517.5,10.2623,0.452333
28160000,10,-125.288,1484.18,18.7706,0.483
28180000,17,-196.366,1499.13,18.5688,0.525
28200000,11,-135.548,1460.03,9.57807,0.497
28220000,11,-133.72,1488.15,10.1457,0.506818
28240000,11,-131.73,1487.13,10.5361,0.449
28260000,11,-134.755,1481.08,13.4192,0.475
28280000,10,-123.169,1483.03,9.21946,0.49
28300000,15,-168.118,1478.45,26.2135,0.509
28320000,9,-109.782,1471.22,9.20615,0.459727
28340000,15,-172.371,1484.46,20.7887,0.505077
28360000,15,-172.728,1522.61,14.4509,0.502476
28380000,12,-144.251,1490.27,13.9779,0.496
28400000,13,-150.553,1496.45,12.9254,0.486
28420000,15,-177.111,1501.9,14.224,0.502
28440000,12,-144.279,1499.74,19.6096,0.458
28460000,10,-121.542,1490.1,12.4037,0.449
28480000,13,-154.809,1481.48,18.137,0.491
28500000,14,-164.011,1495.69,15.7538,0.468
28520000,17,-192.836,1512.07,18.5726,0.48
28540000,11,-134.045,1478.81,13.7242,0.422
28560000,14,-163.632,1514.55,19.0604,0.481778
28580000,13,-156.594,1477.05,9.36053,0.51
28600000,24,-271.759,1516.46,17.0451,0.518
28620000,18,-203.837,1528.93,13.613,0.4795
28640000,20,-223.051,1521.25,17.603,0.5
28660000,19,-211.853,1544.15,22.0854,0.473
28680000,19,-214.271,1525.94,23.6401,0.496
28700000,16,-182.351,1514.33,13.5146,0.490308
28720000,18,-207.045,1520.36,13.0576,0.49
28740000,17,-201.682,1524.47,11.8993,0.484
28760000,12,-142.895,1480.33,11.8888,0.516
28780000,15,-173.821,1511.14,16.3923,0.466667
28800000,21,-236.27,1507.24,24.4065,0.516
28820000,16,-184.19,1504.44,16.1012,0.449667
28840000,17,-192.118,1508.01,19.0238,0.4948
28860000,16,-185.171,1507.44,13.5533,0.448
28880000,18,-200.627,1508.04,15.1386,0.501143
28900000,16,-178.805,1529.18,20.0361,0.4985
28920000,16,-184.265,1484.06,11.6655,0.442
28940000,17,-190.196,1506.46,17.2172,0.4974
28960000,11,-136.391,1486.26,10.9456,0.451
28980000,18,-211.097,1526.69,16.3922,0.492
29000000,15,-180.085,1463.46,12.8305,0.478
29020000,14,-158.524,1502.03,15.5707,0.486
29040000,12,-142.802,1485.3,11.8693,0.468
29060000,16,-183.972,1511.89,12.4139,0.491
29080000,24,-274.578,1529.06,18.7889,0.55
29100000,20,-229.552,1497.17,18.807,0.488696
29120000,13,-157.542,1491.08,10.248,0.491
29140000,22,-251.232,1529.87,33.9731,0.541
29160000,12,-141.637,1489.99,6.56021,0.475
29180000,21,-234.841,1525.53,23.9403,0.523
29200000,13,-155.549,1494.98,15.4752,0.49
29220000,21,-230.176,1524.75,22.8114,0.5179
29240000,18,-208.777,1508.52,17.6479,0.49
29260000,17,-197.69,1524.04,18.3139,0.432
29280000,15,-178.325,1496.81,14.5706,0.493
29300000,18,-206.984,1491.66,13.3588,0.546
29320000,20,-228.886,1514.55,22.0905,0.513
29340000,16,-187.191,1506.8,23.9032,0.4845
29360000,15,-173.015,1488.97,11.3019,0.529
29380000,16,-185.761,1514.33,12.3086,0.4634
29400000,13,-160.237,1502.39,11.3376,0.473
29420000,13,-159.352,1494.93,17.0163,0.416
29440000,17,-201.233,1513.47,14.6544,0.487
29460000,16,-188.901,1501.91,18.6085,0.481
29480000,14,-170.471,1504.49,17.747,0.5115
29500000,17,-190.852,1509.04,19.2458,0.491
29520000,13,-157.383,1500,12.5008,0.466
29540000,16,-182.191,1507.45,12.3911,0.476
29560000,15,-175.779,1500.19,15.017,0.5085
29580000,13,-146.574,1518.4,8.03208,0.5192
29600000,12,-148.957,1504.92,17.4277,0.448
29620000,12,-143.114,1493.66,10.9022,0.486833
29640000,16,-180.574,1521.52,22.4892,0.465
29660000,13,-153.828,1486.77,14.9118,0.498955
29680000,14,-164.89,1508.45,10.5213,0.442
29700000,19,-232.492,1509.13,21.8718,0.479
29720000,15,-180.943,1503.2,24.5602,0.4725
29740000,12,-143.056,1487.58,11.4852,0.476
29760000,21,-235.768,1515.39,24.9546,0.4882
29780000,21,-238.489,1507.86,20.872,0.516
29800000,16,-179.537,1508.09,10.9841,0.464
29820000,21,-241.415,1496.55,16.3056,0.574
29840000,11,-135.025,1488.42,12.4116,0.509533
29860000,17,-188.736,1511.78,22.8885,0.465
29880000,14,-163.709,1482.97,15.6378,0.526233
29900000,16,-187.331,1489.81,16.3779,0.514
29920000,12,-141.074,1484.83,22.0327,0.444
29940000,14,-161.699,1500.2,14.8987,0.429
29960000,15,-171.852,1522.15,19.6082,0.473
29980000,13,-157.847,1496.29,12.37,0.479429
