generation,N_shifts,logPrior,logLik,eventRate,acceptRate
0,0,-16.2279,-6948.92,500,0
20000,2,-46.7023,1132.81,2.88954,0.579
40000,3,-60.6056,1195.2,3.84984,0.503
60000,8,-119.293,1209.35,7.50428,0.666
80000,3,-54.7551,1135.52,5.7606,0.548
100000,5,-82.9552,1211.34,6.84017,0.578
120000,7,-116.93,1186.12,15.9743,0.555
140000,4,-81.9023,1232.89,5.88143,0.488
160000,3,-55.0352,1186.72,3.98089,0.587
180000,5,-75.1152,1180.96,5.24443,0.5475
200000,6,-108.286,1250.66,5.25605,0.538
220000,6,-103.79,1246.95,7.06926,0.536
240000,5,-75.4343,1194.38,4.39349,0.5555
260000,6,-104.302,1303.71,10.4761,0.462
280000,8,-127.686,1299.47,8.13108,0.5285
300000,10,-150.952,1335.06,12.4945,0.532
320000,6,-102.928,1311.25,7.83324,0.483
340000,7,-117.929,1297.14,7.53429,0.503
360000,8,-125.763,1323,8.00615,0.506
380000,7,-112.696,1298.21,2.80793,0.54
400000,5,-92.5302,1296.31,9.9092,0.543
420000,9,-134.202,1308.93,10.7426,0.522
440000,5,-83.1813,1281.68,3.78112,0.525167
460000,9,-134.144,1320.5,9.61272,0.547121
480000,10,-142.211,1327.34,16.2712,0.5425
500000,7,-127.046,1347.89,7.26734,0.512
520000,5,-82.2842,1279.95,7.98452,0.534
540000,11,-170.096,1345.57,8.34128,0.540068
560000,9,-131.232,1290.02,11.7231,0.582
580000,5,-88.9275,1291.75,3.59187,0.570389
600000,10,-148.382,1352.49,4.88023,0.541167
620000,7,-111.747,1290.25,6.5042,0.554
640000,14,-192.015,1358,9.7869,0.552
660000,13,-182.465,1350.1,14.2892,0.557
680000,11,-155.983,1337.32,9.44066,0.552
700000,10,-163.897,1365.61,8.75193,0.508
720000,14,-197.378,1354.1,15.8875,0.5496
740000,9,-142.484,1339.47,15.491,0.512
760000,13,-190.479,1367.04,11.9181,0.562714
780000,10,-158.019,1355.7,8.11263,0.540167
800000,13,-195.052,1368.93,16.6046,0.532
820000,13,-194.195,1357.72,19.8817,0.5596
840000,13,-188.856,1340.44,10.2827,0.539
860000,14,-194.884,1362.42,12.123,0.5295
880000,4,-76.3539,1284.86,4.279,0.557
900000,8,-130.027,1346.77,8.88925,0.506
920000,17,-225.955,1352.08,19.9197,0.5575
940000,10,-152.757,1359.09,16.6303,0.54
960000,10,-146.654,1337.73,10.925,0.512
980000,12,-174.479,1362.03,9.91903,0.54
1000000,11,-164.85,1364.79,8.57215,0.563826
1020000,13,-188.218,1363.43,14.2359,0.5175
1040000,11,-165.976,1364.07,8.86628,0.533842
1060000,6,-102.274,1295.04,8.37865,0.524
1080000,12,-173.122,1359.87,11.996,0.549
1100000,11,-167.358,1377.01,10.2098,0.505
1120000,5,-87.9696,1293.38,5.38112,0.511
1140000,9,-145,1345.44,7.22351,0.495
1160000,14,-200.665,1352.34,13.6117,0.579
1180000,5,-94.3772,1299.21,8.0416,0.56
1200000,6,-96.1481,1281.97,8.55058,0.533
1220000,11,-168.815,1350.29,16.2947,0.55
1240000,11,-159.822,1347.16,10.7868,0.578
1260000,16,-217.934,1372.83,19.3794,0.576
1280000,10,-156.221,1382.78,16.3638,0.502
1300000,16,-213.281,1365.25,8.63108,0.599
1320000,11,-162.259,1356.96,12.0388,0.516
1340000,5,-80.3683,1273.85,4.88725,0.524444
1360000,4,-75.9712,1296.81,3.3896,0.511
1380000,7,-110.005,1286.92,7.70316,0.522714
1400000,11,-167.06,1375.82,8.26444,0.528
1420000,11,-172.669,1389.12,10.1571,0.558333
1440000,13,-191.052,1371.86,8.94658,0.528
1460000,14,-209.825,1391.77,16.5512,0.503
1480000,4,-77.6838,1277.85,5.43586,0.522333
1500000,6,-97.9966,1286.59,5.45506,0.548
1520000,6,-100.552,1294.97,8.96964,0.535
1540000,13,-194.607,1374.32,18.1987,0.534
1560000,10,-163.242,1360.61,14.2541,0.535167
1580000,9,-127.803,1287.04,10.1967,0.5528
1600000,9,-150.467,1364.62,14.6826,0.538733
1620000,11,-178.697,1394.25,11.6346,0.51675
1640000,4,-73.5231,1283.42,5.1177,0.5473
1660000,16,-228.93,1372.82,15.2379,0.565
1680000,14,-204.108,1388.42,13.8591,0.512333
1700000,10,-156.705,1357.67,16.4265,0.524
1720000,11,-156.678,1352.31,13.086,0.511
1740000,15,-210.887,1367.86,15.3463,0.5349
1760000,7,-109.621,1297.03,4.2706,0.529
1780000,8,-126.868,1294.23,8.08312,0.558455
1800000,5,-83.127,1284.68,8.20351,0.487
1820000,19,-249.926,1376.07,23.1672,0.557
1840000,10,-156.743,1353.23,7.69545,0.518
1860000,9,-132.228,1299.65,9.66435,0.587
1880000,13,-188.441,1383.95,12.1405,0.5295
1900000,4,-73.69,1292.59,5.87767,0.493
1920000,12,-175.635,1388.6,11.3859,0.53
1940000,12,-177.139,1372.44,16.958,0.526
1960000,10,-154.657,1369.98,11.4246,0.52
1980000,12,-175.141,1374.56,14.2731,0.509
2000000,10,-152.662,1373.23,13.9431,0.538
2020000,12,-180.687,1398.44,16.9086,0.532
2040000,16,-215.991,1361.53,21.7052,0.551
2060000,13,-186.274,1363.56,17.5016,0.557903
2080000,11,-157.915,1346.98,14.916,0.526545
2100000,12,-182.303,1364.66,22.1683,0.539
2120000,6,-97.817,1288.34,4.85542,0.551111
2140000,11,-162.049,1370.86,7.01605,0.53
2160000,13,-192.434,1383.86,13.3881,0.527833
2180000,7,-115.175,1296.68,5.64263,0.511857
2200000,14,-220.74,1399.1,13.6773,0.527
2220000,11,-165.265,1360.88,8.29396,0.549
2240000,8,-115.098,1300.97,4.57927,0.54075
2260000,12,-189.415,1397.51,11.8345,0.482
2280000,15,-208.823,1377.04,13.9655,0.545125
2300000,6,-95.8613,1282.68,7.35081,0.5475
2320000,5,-89.3638,1288.87,6.43437,0.506
2340000,14,-190.109,1340.87,17.08,0.542
2360000,14,-190.433,1343.41,14.8223,0.509
2380000,14,-204.31,1404.67,10.6582,0.528875
2400000,15,-209.348,1402.09,20.1972,0.557
2420000,5,-90.854,1291.81,5.54563,0.552
2440000,15,-213.694,1360.21,18.4542,0.585
2460000,4,-83.063,1296.86,3.53032,0.52
2480000,10,-152.445,1369.12,9.92008,0.543967
2500000,4,-76.5772,1294.29,8.35977,0.493
2520000,15,-224.91,1391.52,12.7422,0.534333
2540000,12,-194.365,1392.59,15.302,0.508
2560000,15,-220.057,1405.73,17.3643,0.5068
2580000,11,-168.116,1374.99,8.72238,0.525125
2600000,12,-173.122,1373.57,11.677,0.528
2620000,12,-177.98,1380.24,14.7636,0.508
2640000,4,-76.9246,1286.09,1.62443,0.52
2660000,13,-186.066,1352.45,19.3032,0.529
2680000,8,-126.234,1299.9,14.744,0.59
2700000,6,-105.787,1308.36,6.5269,0.54625
2720000,15,-208.986,1362.27,16.0686,0.556
2740000,7,-122.3,1307.15,10.1473,0.53
2760000,12,-173.387,1371.49,9.67125,0.526
2780000,14,-210.629,1384.57,21.3907,0.542333
2800000,21,-285.41,1382.78,22.974,0.595
2820000,6,-107.037,1313.95,5.02199,0.508833
2840000,13,-184.934,1375.48,20.5896,0.534
2860000,15,-209.521,1359.68,12.1545,0.563
2880000,13,-199.942,1387.4,19.1685,0.552
2900000,4,-75.9424,1294.1,3.5709,0.508
2920000,4,-79.3313,1298.21,8.77361,0.523
2940000,6,-96.7781,1288.3,4.67256,0.549667
2960000,12,-181.74,1387.81,14.2127,0.505
2980000,14,-198.014,1371.32,14.1109,0.54025
3000000,11,-172.165,1394.01,11.8356,0.477
3020000,5,-92.1795,1298.25,1.36455,0.496
3040000,15,-201.951,1367.56,12.868,0.53675
3060000,6,-102.378,1309.3,8.70205,0.528
3080000,8,-134.85,1311.73,8.67864,0.546
3100000,11,-164.298,1364.78,9.61338,0.559
3120000,14,-193.899,1367.3,9.62944,0.545333
3140000,16,-222.046,1358.85,18.0473,0.576
3160000,12,-178.049,1380.34,18.9415,0.522
3180000,19,-257.487,1370.49,14.277,0.533
3200000,10,-173.432,1391.76,6.93253,0.538
3220000,11,-170.592,1378.06,10.2234,0.522667
3240000,15,-205.374,1362.33,11.9351,0.5485
3260000,8,-129.354,1309.15,12.4939,0.56925
3280000,13,-178.331,1350.25,14.3076,0.536
3300000,11,-164.595,1363.04,10.0641,0.5298
3320000,13,-186.401,1359.42,16.155,0.524333
3340000,8,-128.649,1301.32,8.87205,0.525
3360000,13,-199.056,1379.79,14.0514,0.524
3380000,13,-183.095,1376.05,12.2709,0.53
3400000,8,-126.739,1348.91,16.4341,0.492
3420000,7,-109.856,1301.44,5.28069,0.52
3440000,5,-91.8175,1306.47,4.49224,0.518
3460000,5,-100.953,1316.08,8.93086,0.477
3480000,9,-137.084,1308.98,3.76553,0.542
3500000,11,-170.87,1374.25,8.16266,0.529
3520000,6,-101.588,1305.41,6.54587,0.531
3540000,11,-158.028,1367.12,10.7939,0.552333
3560000,11,-168.678,1356.65,8.80606,0.544
3580000,5,-95.6811,1302.11,8.23236,0.471
3600000,11,-162.589,1362.77,8.41819,0.543
3620000,11,-165.25,1352.84,10.4205,0.519571
3640000,14,-203.452,1374.42,11.5459,0.553333
3660000,9,-142.095,1358.04,11.9782,0.507
3680000,9,-150.689,1385.34,11.6625,0.530741
3700000,11,-159.486,1332.63,11.566,0.534
3720000,14,-186.309,1349.76,14.4151,0.544438
3740000,12,-173.517,1363.63,11.7768,0.525
3760000,12,-175.435,1391.17,9.55633,0.53495
3780000,10,-167.414,1391.17,12.7712,0.531
3800000,14,-187.912,1356.78,14.0947,0.56
3820000,10,-149.859,1318.74,9.15361,0.559
3840000,11,-175.629,1397.47,10.3895,0.518
3860000,11,-166.431,1377.97,9.49786,0.5115
3880000,12,-171.892,1381.04,10.5076,0.550333
3900000,15,-210.876,1395.22,21.4618,0.534
3920000,11,-172.779,1387.05,11.8943,0.472
3940000,11,-162.77,1377.09,13.7618,0.546
3960000,16,-222.907,1385.16,20.7345,0.551
3980000,16,-225.566,1378.18,15.1825,0.558
4000000,11,-169.215,1385.11,16.8033,0.507
4020000,6,-108.872,1312.83,11.8811,0.523
4040000,5,-101.423,1315.32,5.86834,0.467
4060000,7,-117.17,1303.2,7.53073,0.507
4080000,14,-195.319,1380.97,16.5719,0.533435
4100000,11,-167.837,1380.5,14.2797,0.5
4120000,17,-253.868,1392.93,10.6184,0.567
4140000,5,-91.4695,1307.96,12.7629,0.529
4160000,17,-229.34,1382.81,20.7577,0.575
4180000,11,-181.738,1404.02,7.38675,0.505
4200000,12,-176.61,1378.73,16.4296,0.533
4220000,6,-100.432,1290.02,9.07414,0.553714
4240000,10,-165.663,1383.24,19.68,0.545
4260000,6,-94.3366,1286.45,8.63954,0.565
4280000,13,-189.55,1365.44,17.3488,0.533
4300000,16,-217.387,1393.93,18.7431,0.528
4320000,15,-216.992,1400.18,11.4473,0.533
4340000,5,-89.1955,1291.46,6.61613,0.523
4360000,12,-179.605,1374.08,7.42886,0.523
4380000,15,-212.554,1383.22,14.2067,0.513
4400000,5,-88.0454,1297.79,6.56488,0.494
4420000,15,-218.629,1408.52,17.6717,0.527
4440000,19,-262.255,1386.56,16.6064,0.542632
4460000,13,-201.155,1401.99,16.4801,0.517
4480000,10,-156.879,1375.66,5.75709,0.514545
4500000,13,-180.487,1381.91,22.2699,0.539
4520000,6,-105.291,1295.6,6.64142,0.552333
4540000,8,-124.35,1300.28,8.63729,0.545
4560000,7,-112.075,1302.25,4.17715,0.567
4580000,17,-235.914,1372.59,17.3899,0.545103
4600000,10,-163.507,1389.42,15.5277,0.536667
4620000,13,-190.227,1390.57,9.85308,0.541
4640000,10,-163.176,1381.89,7.4315,0.529
4660000,7,-110.386,1299.62,6.25388,0.531
4680000,5,-89.3389,1293.87,2.44933,0.5205
4700000,4,-80.6638,1294.79,3.24921,0.484
4720000,11,-164.121,1389.05,10.9525,0.539667
4740000,8,-124.421,1298.85,6.83709,0.546233
4760000,17,-238.873,1401.02,17.1956,0.53
4780000,12,-183.248,1377.66,9.70699,0.519
4800000,9,-132.787,1294.39,7.05896,0.558
4820000,13,-185.485,1378.58,14.0139,0.501
4840000,15,-219.155,1396.44,16.3716,0.545588
4860000,13,-192.122,1384.54,11.0556,0.529867
4880000,15,-211.28,1361.88,14.1335,0.552
4900000,16,-225.326,1373.57,17.1582,0.577
4920000,12,-176.914,1373.1,14.8608,0.561
4940000,14,-196.6,1373.11,16.4611,0.576
4960000,14,-194.211,1367.61,11.988,0.537
4980000,11,-164.307,1377.09,11.536,0.515444
5000000,5,-90.5579,1292.16,5.94391,0.555
5020000,13,-182.852,1383.58,16.4311,0.540727
5040000,16,-217.674,1374.61,18.2396,0.5365
5060000,11,-168.171,1366.06,14.9413,0.498
5080000,10,-154.965,1376.3,10.2095,0.509
5100000,13,-192.886,1387.9,16.2565,0.509333
5120000,13,-193.033,1389.16,22.6791,0.534286
5140000,12,-176.529,1381.93,10.0749,0.529714
5160000,7,-108.315,1297.27,11.3898,0.565333
5180000,11,-166.206,1353.21,8.95222,0.518474
5200000,11,-177.452,1386.24,10.0943,0.524
5220000,15,-210.067,1370.97,15.5866,0.543
5240000,12,-167.201,1355.66,11.2042,0.492
5260000,11,-170.684,1379.86,9.93053,0.542
5280000,7,-112.613,1293.1,10.5746,0.576
5300000,6,-104.873,1298.91,4.26657,0.531
5320000,12,-189.532,1395.96,10.147,0.55
5340000,14,-197.453,1370.99,12.9137,0.542296
5360000,4,-72.0569,1285.62,3.47799,0.516
5380000,12,-179.147,1380.16,10.9984,0.526
5400000,8,-115.576,1277.41,11.0134,0.573
5420000,6,-95.8817,1300.19,7.66143,0.536
5440000,8,-119.071,1288.09,15.4956,0.571
5460000,5,-89.9685,1294.56,5.11218,0.498
5480000,9,-136.945,1299.93,8.0649,0.5654
5500000,12,-193.685,1400.5,8.71696,0.507
5520000,6,-96.5277,1294.68,6.9169,0.537
5540000,12,-179.974,1384.43,5.88392,0.498
5560000,11,-175.775,1374.46,12.7437,0.465
5580000,10,-160.208,1368.36,4.84174,0.506
5600000,10,-150.214,1377.84,8.50528,0.496
5620000,16,-222.88,1390.51,18.6637,0.514
5640000,14,-198.884,1380.84,14.8895,0.502
5660000,14,-218.389,1377.66,19.2224,0.546
5680000,6,-104.243,1298.93,4.52617,0.53525
5700000,10,-164.792,1391.5,9.76431,0.506
5720000,7,-115.495,1308.51,6.20369,0.531727
5740000,14,-197.022,1383.39,14.8851,0.528
5760000,11,-166.662,1367.99,12.7785,0.4855
5780000,7,-124.974,1313.1,6.91608,0.509
5800000,14,-211.736,1377.01,25.4819,0.5405
5820000,16,-226.771,1379.69,19.4898,0.552
5840000,12,-176.36,1383.03,12.4487,0.512
5860000,12,-182.934,1390.75,13.2836,0.5205
5880000,16,-220.93,1379.04,22.0215,0.5406
5900000,12,-185.014,1396.39,19.1157,0.541
5920000,12,-174.788,1367.04,15.3016,0.486
5940000,7,-118.092,1312.15,12.0344,0.541412
5960000,15,-215.117,1384.68,17.8107,0.56425
5980000,10,-158.235,1359.94,19.5252,0.529
6000000,4,-86.0547,1289.44,3.99754,0.498
6020000,4,-84.2052,1294.58,4.60839,0.516
6040000,8,-117.026,1293.32,9.39685,0.583273
6060000,7,-108.148,1295.03,3.76881,0.544
6080000,6,-99.7194,1293.11,6.93,0.5435
6100000,16,-201.998,1351.01,17.291,0.528
6120000,13,-190.543,1391.85,12.0899,0.555
6140000,16,-220.401,1386.21,18.8647,0.592
6160000,9,-139.777,1354.17,5.93781,0.551583
6180000,11,-164.914,1370.99,9.30948,0.542273
6200000,15,-201.655,1360.62,11.9035,0.559
6220000,12,-172.611,1374.73,12.5117,0.518667
6240000,12,-180.26,1362.08,11.0727,0.517
6260000,13,-176.675,1355.66,8.47991,0.5485
6280000,11,-164.926,1376.19,9.82949,0.511667
6300000,5,-102.7,1309.64,5.67234,0.538792
6320000,9,-159.143,1366.31,13.2939,0.499
6340000,5,-95.365,1295.41,6.95072,0.54875
6360000,14,-207.778,1375.18,21.0021,0.523
6380000,16,-229.87,1388.83,21.0246,0.547333
6400000,6,-107.528,1288.06,13.3463,0.548
6420000,14,-202.299,1391.35,18.6295,0.569
6440000,13,-200.589,1384.48,11.64,0.55
6460000,16,-237.811,1399.12,17.718,0.56
6480000,7,-119.852,1301.77,10.7294,0.545778
6500000,4,-71.6992,1280.88,3.26853,0.523
6520000,16,-223.582,1375.8,19.2975,0.531125
6540000,7,-124.02,1306.25,7.74046,0.509
6560000,15,-212.366,1388.14,15.4277,0.547
6580000,13,-186.496,1388.43,15.1963,0.508
6600000,10,-158.923,1370.92,11.1673,0.47
6620000,10,-153.808,1382.95,9.55249,0.551214
6640000,15,-210.145,1393.65,18.1451,0.57
6660000,13,-198.611,1397.99,20.8474,0.573
6680000,11,-165.31,1363.94,17.2021,0.541
6700000,12,-179.208,1362.48,16.178,0.53
6720000,13,-202.762,1375.75,18.9221,0.519625
6740000,11,-170.446,1381.9,8.11212,0.4885
6760000,11,-178.001,1382.47,19.5629,0.525786
6780000,12,-174.078,1375.67,11.5586,0.546
6800000,4,-86.911,1297.63,4.97008,0.494
6820000,12,-191.084,1381.11,15.8569,0.506
6840000,11,-167.815,1370.93,10.4229,0.544846
6860000,10,-156.121,1373.42,6.41938,0.49
6880000,10,-155.119,1372.47,12.181,0.497
6900000,13,-192.494,1374.54,10.6057,0.559
6920000,10,-164.599,1376.21,11.3502,0.488
6940000,12,-181.572,1386.1,12.7056,0.531
6960000,6,-96.9591,1285.89,4.07366,0.569
6980000,7,-113.197,1301.85,12.2766,0.543909
7000000,15,-209.441,1382.15,14.7891,0.541
7020000,13,-179.534,1346.27,12.3791,0.558286
7040000,12,-175.568,1371.2,15.3931,0.494667
7060000,7,-113.42,1292.53,9.56995,0.543
7080000,15,-214.12,1382.13,16.8505,0.5582
7100000,12,-183.492,1387.85,8.02112,0.57
7120000,5,-88.8823,1280.1,10.1294,0.514
7140000,10,-155.802,1374.3,12.5637,0.5165
7160000,10,-171.46,1394.63,9.63847,0.5234
7180000,4,-77.5518,1291.33,2.00139,0.56975
7200000,10,-162.018,1378.11,12.5721,0.464
7220000,4,-80.3299,1293.58,3.15966,0.488
7240000,13,-193.746,1387.3,12.9008,0.501
7260000,13,-185.115,1365.63,11.8546,0.531
7280000,7,-105.806,1289.57,5.43352,0.517
7300000,9,-138.336,1310.2,12.9087,0.554
7320000,6,-100.653,1287.64,6.73657,0.523
7340000,4,-78.35,1288.98,8.98691,0.524813
7360000,6,-97.607,1290.86,5.49333,0.558
7380000,17,-234.654,1376.52,12.6451,0.54825
7400000,11,-164.767,1371.24,8.17682,0.549
7420000,11,-159.662,1358.11,18.1576,0.523
7440000,5,-91.6256,1290.23,3.64554,0.519
7460000,10,-145.366,1367.1,11.8869,0.547333
7480000,11,-157.147,1374.33,17.2581,0.529
7500000,5,-79.9379,1280.45,3.76535,0.539
7520000,16,-218.678,1382.19,20.7098,0.531
7540000,12,-179.758,1380.66,15.3604,0.495
7560000,6,-99.5061,1297.16,11.5895,0.53436
7580000,17,-251.94,1396.73,30.2755,0.528
7600000,14,-196.027,1357.16,7.48994,0.54
7620000,12,-179.591,1380.73,10.0752,0.547
7640000,19,-260.951,1382.67,12.5475,0.541636
7660000,9,-152.943,1376.48,10.3571,0.502444
7680000,15,-205.986,1380.48,20.7512,0.56
7700000,12,-180.879,1389.53,13.5749,0.5386
7720000,11,-165.751,1375.35,9.66695,0.504
7740000,13,-189.584,1384.98,15.1228,0.522
7760000,13,-187.382,1379.16,12.7711,0.513
7780000,9,-122.347,1281.88,10.3393,0.548833
7800000,12,-180.225,1387.33,10.4873,0.493
7820000,7,-114.268,1298.15,8.38234,0.553
7840000,15,-202.637,1379.75,11.1848,0.535
7860000,16,-220.221,1368.22,11.0649,0.541875
7880000,16,-229.863,1401.07,17.0959,0.5406
7900000,14,-231.267,1414.17,10.5136,0.522
7920000,15,-233.929,1412.43,17.2208,0.547
7940000,5,-84.1817,1283.95,7.63266,0.525
7960000,6,-103.299,1303.89,5.41948,0.525
7980000,14,-211.635,1396.29,13.2051,0.532
8000000,15,-205.873,1377.39,20.8235,0.524
8020000,4,-74.755,1285.52,2.48306,0.482
8040000,13,-187.942,1397.48,13.8701,0.513
8060000,18,-249.624,1391.52,21.1444,0.534
8080000,4,-71.9232,1289.34,2.60538,0.474
8100000,14,-207.307,1378.77,19.2056,0.518
8120000,5,-83.8791,1287.86,5.25662,0.469
8140000,5,-86.2885,1286.84,4.5224,0.515
8160000,8,-127.418,1295.91,7.43812,0.574333
8180000,5,-99.107,1287.32,1.96199,0.544
8200000,15,-224.13,1402.7,13.8751,0.530769
8220000,14,-217.494,1418.85,11.7419,0.528
8240000,14,-205.119,1386.44,19.0718,0.524615
8260000,4,-83.1061,1296.55,1.91585,0.498
8280000,18,-258.98,1419.27,19.0072,0.553
8300000,5,-94.5514,1298.73,2.79398,0.555762
8320000,7,-110.998,1285.74,10.2226,0.530667
8340000,11,-168.344,1394.67,8.91321,0.486
8360000,16,-228.607,1386.67,11.9183,0.536
8380000,12,-174.935,1364.19,20.2943,0.547167
8400000,15,-206.418,1364.68,11.5118,0.565
8420000,15,-222.48,1401.85,19.6896,0.542091
8440000,4,-88.9741,1303.25,6.36089,0.518
8460000,18,-244.985,1396.95,25.032,0.54225
8480000,8,-126.251,1304.48,12.7641,0.543259
8500000,13,-193.412,1389.06,9.44234,0.544
8520000,9,-136.55,1304.64,8.1094,0.579
8540000,12,-178.691,1384.48,13.3765,0.509
8560000,13,-182.969,1367.03,6.13821,0.566
8580000,6,-98.1355,1294.75,4.86633,0.527
8600000,13,-179.304,1360.18,12.6474,0.526
8620000,8,-114.779,1298.23,7.8514,0.62
8640000,12,-172.39,1350.63,14.9286,0.5225
8660000,13,-187.15,1363.08,16.56,0.53
8680000,8,-119.23,1287.61,6.30721,0.553
8700000,11,-166.529,1370.55,8.99454,0.536
8720000,5,-92.9376,1297.41,4.02728,0.52
8740000,13,-185.239,1365.56,11.5371,0.531278
8760000,4,-74.6015,1280.51,4.28643,0.516
8780000,11,-174.571,1399.24,11.8277,0.491
8800000,17,-231.779,1369.8,20.6483,0.565
8820000,12,-169.211,1367.13,19.327,0.571
8840000,20,-267.836,1375.38,21.5677,0.607
8860000,8,-115.355,1293.1,8.20783,0.5425
8880000,10,-142.164,1287.9,14.9654,0.582
8900000,14,-197.125,1375.21,17.0784,0.560857
8920000,8,-127.264,1305.18,10.3085,0.55725
8940000,10,-170.785,1394.03,17.4436,0.479
8960000,8,-122.036,1309.56,7.48241,0.526
8980000,11,-162.923,1374.84,13.2405,0.493
9000000,16,-228.357,1376.09,14.835,0.578857
9020000,13,-193.516,1390.13,9.00531,0.511
9040000,5,-90.0569,1296.47,6.21656,0.502
9060000,10,-156.952,1386.1,6.84598,0.497667
9080000,8,-140.02,1362.97,5.68016,0.5115
9100000,14,-205.092,1394.19,12.8091,0.552
9120000,18,-245.392,1382.84,19.6986,0.562083
9140000,11,-165.123,1361.81,18.1453,0.502
9160000,16,-214.529,1378.37,19.7955,0.558
9180000,13,-201.251,1382.45,17.8599,0.51775
9200000,15,-218.126,1392.3,18.7097,0.522
9220000,6,-99.1439,1299.85,5.63346,0.535
9240000,14,-197.742,1365.38,14.2774,0.532
9260000,17,-236.158,1388.36,12.3442,0.559
9280000,10,-149.687,1378.59,9.96541,0.564
9300000,7,-105.402,1291.27,5.07986,0.5178
9320000,7,-109.04,1293.12,5.93086,0.538
9340000,14,-199.152,1353.97,14.1562,0.523667
9360000,11,-169.094,1375.52,13.2368,0.497
9380000,7,-124.268,1301.41,8.02729,0.556
9400000,11,-162.53,1373.3,6.95628,0.533
9420000,15,-201.139,1346.03,16.8485,0.550143
9440000,13,-189.085,1357.5,18.3867,0.557
9460000,11,-161.393,1362.76,13.4543,0.492
9480000,12,-165.338,1377.54,7.53914,0.536
9500000,15,-227.343,1388.8,16.1827,0.539235
9520000,17,-234.444,1376.73,20.2242,0.627
9540000,15,-212.625,1370.23,23.4723,0.55
9560000,13,-181.457,1351.61,9.21821,0.51425
9580000,13,-191.118,1354.47,16.0104,0.537
9600000,8,-139.876,1353.19,7.36144,0.484
9620000,13,-183.487,1364.99,13.8685,0.509333
9640000,14,-191.364,1380.67,15.902,0.535
9660000,13,-180.437,1337.77,16.3443,0.528333
9680000,6,-103.628,1288.21,16.6347,0.493
9700000,16,-223.589,1382.69,20.234,0.554
9720000,11,-168.469,1377.58,9.51882,0.503
9740000,12,-178.32,1384.46,22.7695,0.5485
9760000,14,-199.496,1368.07,15.8033,0.519
9780000,10,-153.683,1331.71,8.83126,0.521909
9800000,15,-212.781,1372.06,26.887,0.547857
9820000,9,-151.191,1366.1,5.54998,0.471
9840000,15,-215.362,1398.92,16.2874,0.567
9860000,14,-204.411,1375.76,16.1259,0.551
9880000,10,-159.766,1389.35,11.2349,0.51
9900000,14,-209.473,1378.71,13.0869,0.514
9920000,4,-75.2554,1287.36,10.0981,0.513
9940000,12,-177.122,1385.97,14.7312,0.514
9960000,10,-152.399,1349.71,9.42574,0.55
9980000,5,-92.4448,1291.02,5.95159,0.526
10000000,11,-170.5,1350.8,11.0298,0.484
10020000,10,-150.628,1344.73,8.96543,0.5372
10040000,12,-177.351,1371.35,12.9398,0.538867
10060000,13,-197.792,1390.93,12.2014,0.519
10080000,13,-195.4,1388.14,12.6389,0.515
10100000,12,-179.144,1394.82,9.15083,0.549
10120000,15,-213.175,1386.74,25.7913,0.5125
10140000,9,-130.108,1280.02,16.8428,0.593222
10160000,11,-168.415,1369.66,16.817,0.526
10180000,4,-81.8873,1287.15,4.29011,0.538
10200000,7,-114.001,1280.23,8.47978,0.562
10220000,8,-123.581,1299.68,16.812,0.564
10240000,11,-162.186,1355.6,21.9023,0.493
10260000,5,-92.8657,1291.44,12.9235,0.507
10280000,12,-172.65,1375.21,12.429,0.516
10300000,12,-179.762,1386.53,14.7467,0.524
10320000,12,-177.187,1376.64,19.6518,0.52
10340000,14,-200.409,1387.15,12.039,0.5252
10360000,11,-170.726,1394.02,6.1355,0.507
10380000,12,-177.109,1393.58,10.6574,0.539
10400000,6,-100.123,1296.53,3.73994,0.5672
10420000,12,-174.803,1384.06,8.99433,0.501
10440000,13,-192.978,1394.7,12.6869,0.531
10460000,7,-116.033,1285.74,11.3958,0.55
10480000,13,-202.601,1402.67,13.4534,0.514
10500000,6,-101.796,1286.27,8.90655,0.54
10520000,11,-170.2,1362.75,14.7837,0.504667
10540000,16,-221.871,1390.22,18.0175,0.547
10560000,11,-152.638,1302.38,15.2129,0.526
10580000,17,-237.691,1372.12,12.0114,0.557
10600000,14,-193.08,1385.02,10.9329,0.53
10620000,15,-217.988,1379.86,13.986,0.538
10640000,16,-222.015,1392.55,17.7773,0.535
10660000,8,-136.516,1319.78,10.2791,0.547
10680000,16,-219.784,1382.33,13.0867,0.575667
10700000,9,-143.408,1329.98,11.2606,0.539
10720000,11,-161.381,1322.09,10.7235,0.561
10740000,14,-217.535,1407.26,15.8608,0.535563
10760000,11,-167.658,1370.98,8.15928,0.498
10780000,4,-72.0601,1282.08,5.42577,0.527
10800000,12,-176.101,1361.03,17.8836,0.543727
10820000,14,-201.271,1379.83,9.90517,0.543
10840000,17,-234.522,1372.24,17.4065,0.587
10860000,11,-155.295,1336.35,10.6351,0.559
10880000,5,-90.6568,1287.33,6.76424,0.549
10900000,8,-128.181,1324.88,11.4141,0.545
10920000,15,-207.212,1374.21,15.9224,0.583
10940000,6,-102.91,1297.2,9.4366,0.552
10960000,9,-143.14,1383.48,10.1504,0.505
10980000,12,-178.119,1335.58,14.5217,0.548667
11000000,6,-109.167,1296.13,5.25707,0.491
11020000,5,-89.6288,1290.22,8.45051,0.4905
11040000,12,-182.404,1391.07,10.1999,0.466
11060000,10,-156.102,1372.81,11.2466,0.515
11080000,15,-217.66,1387.49,19.0401,0.514
11100000,11,-160.977,1378.33,16.2227,0.536
11120000,4,-83.0243,1290.9,2.86615,0.5015
11140000,4,-79.7266,1285.63,2.41544,0.517
11160000,11,-166.905,1372.12,16.5161,0.517
11180000,11,-167.902,1376.5,11.1425,0.546
11200000,5,-88.2871,1291.3,4.3514,0.545
11220000,11,-173.017,1367.55,8.77142,0.511
11240000,11,-166.037,1335.85,13.0771,0.556
11260000,6,-104.687,1322.06,6.50135,0.508
11280000,5,-89.3458,1295,10.9675,0.47
11300000,17,-236.628,1388.02,17.8621,0.523
11320000,14,-187.384,1329.65,12.6069,0.627
11340000,9,-139.768,1371.9,11.0756,0.476
11360000,5,-83.5282,1274,2.22916,0.521333
11380000,15,-197.336,1362.55,16.9162,0.540385
11400000,12,-174.317,1371.47,12.3522,0.542
11420000,14,-198.165,1395.75,8.26963,0.5235
11440000,11,-158.536,1324.45,11.9035,0.594
11460000,7,-111.431,1328.16,10.6959,0.536
11480000,9,-130.179,1290.55,6.83933,0.589
11500000,11,-173.596,1375,12.6794,0.474
11520000,12,-182.597,1377.89,16.2329,0.534
11540000,9,-127.808,1293.74,8.55916,0.598
11560000,4,-81.6125,1291.14,2.5371,0.476
11580000,11,-148.524,1319.02,9.47813,0.519222
11600000,11,-164.401,1371.19,14.3132,0.534714
11620000,6,-96.0896,1280.22,8.71308,0.566
11640000,8,-123.507,1309.71,14.6317,0.549
11660000,12,-174.1,1363.12,14.0228,0.527
11680000,14,-202.188,1378.75,18.3513,0.551
11700000,14,-192.397,1362.09,12.5539,0.56225
11720000,6,-99.1911,1284.61,7.64006,0.573
11740000,15,-208.976,1363.35,13.3291,0.575
11760000,11,-174.673,1365.12,10.6408,0.52
11780000,16,-227.957,1377.31,14.9521,0.545154
11800000,11,-162.954,1335.29,9.28096,0.5322
11820000,8,-127.402,1321.41,6.28135,0.5395
11840000,10,-158.789,1376.93,11.3627,0.54
11860000,6,-104.276,1301.97,5.50297,0.516667
11880000,9,-138.525,1327.31,11.9732,0.54
11900000,9,-137.175,1333.15,19.5146,0.558
11920000,11,-171.098,1364.52,12.4372,0.4965
11940000,7,-114.314,1304.19,12.264,0.536
11960000,13,-203.774,1382.17,18.8016,0.531
11980000,9,-137.719,1310.25,9.69404,0.5144
12000000,6,-94.3134,1297.29,5.37394,0.53925
12020000,7,-116.285,1300.75,6.85959,0.558
12040000,9,-130.11,1303.66,5.96944,0.5685
12060000,12,-170.406,1305.01,16.9382,0.566
12080000,7,-114.52,1297.96,6.75839,0.548
12100000,6,-98.6294,1314.75,9.91526,0.529842
12120000,8,-124.864,1322.57,3.52662,0.55
12140000,15,-211.348,1375.3,9.56408,0.537
12160000,7,-113.555,1324.9,7.38211,0.524
12180000,12,-171.534,1366.81,14.4925,0.566
12200000,7,-120.129,1307.57,10.5941,0.5405
12220000,5,-91.2828,1303.73,8.10636,0.443
12240000,14,-208.922,1366.56,13.4118,0.553778
12260000,13,-187.603,1378.49,19.4706,0.547
12280000,18,-231.838,1343.45,20.36,0.601
12300000,17,-234.933,1387.02,18.3007,0.564
12320000,12,-188.183,1375.82,8.66172,0.496
12340000,10,-149.911,1322.32,4.03028,0.495667
12360000,9,-137.824,1344.84,8.82173,0.535
12380000,9,-146.036,1348.93,16.6354,0.537
12400000,9,-149.762,1354.39,7.53458,0.513
12420000,13,-186.185,1377.3,12.9145,0.542
12440000,16,-232,1389.5,15.0904,0.538833
12460000,15,-208.873,1378.53,19.4492,0.558
12480000,15,-210.7,1388.14,21.5649,0.5484
12500000,13,-198.043,1392.15,12.6248,0.497444
12520000,14,-207.643,1398.97,13.8457,0.516
12540000,14,-202.737,1388.69,15.7643,0.5296
12560000,8,-136.032,1343.76,11.6576,0.515
12580000,11,-164.426,1344.2,12.4325,0.516
12600000,11,-173.476,1388.14,17.574,0.514
12620000,15,-219.403,1390.66,12.6351,0.5312
12640000,12,-183.295,1392.05,11.3201,0.52
12660000,12,-187.691,1358.46,14.5126,0.513
12680000,12,-187.484,1359.76,11.1702,0.4995
12700000,12,-180.155,1382.38,12.555,0.506
12720000,19,-247.843,1369.11,25.1855,0.593
12740000,12,-174.531,1381.78,19.2209,0.5584
12760000,12,-188.235,1382.59,12.5879,0.5314
12780000,13,-200.085,1394.52,12.9475,0.5
12800000,12,-166.142,1361.46,13.6226,0.536857
12820000,12,-182.359,1375.99,11.663,0.514
12840000,13,-188.283,1375.97,13.1167,0.536714
12860000,11,-165.104,1376.78,12.5303,0.526
12880000,16,-225.101,1382.91,14.9959,0.53
12900000,12,-178.036,1365.16,13.7278,0.51
12920000,13,-173.624,1352.87,30.2252,0.561
12940000,15,-219.28,1389.14,19.7776,0.5356
12960000,10,-176.714,1384.83,10.7449,0.52075
12980000,15,-226.266,1386.77,18.572,0.532
13000000,12,-178.034,1373.04,16.5306,0.518429
13020000,14,-215.575,1363.06,13.5655,0.547
13040000,12,-177.35,1372.94,13.9911,0.552
13060000,10,-159.068,1392.66,17.7835,0.496
13080000,14,-218.336,1372.9,16.9747,0.588
13100000,14,-215.362,1387.34,9.38497,0.5614
13120000,16,-213.607,1373.18,22.9076,0.540333
13140000,19,-269.046,1391.26,18.3321,0.568
13160000,10,-168.158,1380.37,5.44239,0.52
13180000,16,-225.179,1383.03,12.5034,0.5595
13200000,11,-182.63,1405.64,13.9798,0.5
13220000,15,-222.266,1387.19,20.0713,0.555
13240000,12,-183.505,1378.22,9.28242,0.5168
13260000,11,-174.059,1388.28,15.3031,0.533721
13280000,13,-196.309,1390.02,15.783,0.51
13300000,9,-156.951,1385.72,13.6838,0.522
13320000,13,-207.33,1404.55,11.3557,0.589
13340000,19,-257.863,1370.61,16.9837,0.563
13360000,12,-173.544,1363.72,16.318,0.553
13380000,10,-153.164,1366.01,10.9864,0.504
13400000,15,-211.116,1385.21,20.5476,0.549053
13420000,14,-213.711,1378.61,14.9724,0.542
13440000,16,-223.69,1379.5,15.443,0.545
13460000,14,-200.702,1386.67,16.446,0.555
13480000,17,-237.819,1381.85,10.5725,0.569333
13500000,15,-203.252,1367.51,14.3046,0.563
13520000,13,-189.992,1383.66,16.1187,0.561
13540000,10,-156.977,1375.35,11.0361,0.502
13560000,18,-247.822,1378.92,17.935,0.556
13580000,15,-220.093,1385.25,17.1767,0.537
13600000,12,-181.087,1381.21,7.22877,0.512
13620000,10,-153.944,1370.99,8.38759,0.51465
13640000,13,-191.975,1386.16,13.9261,0.553
13660000,9,-149.395,1370.34,10.2401,0.5065
13680000,15,-229.213,1400.54,10.5132,0.556
13700000,19,-251.263,1394.73,13.3667,0.555412
13720000,14,-210.843,1373.58,10.8103,0.5395
13740000,12,-183.679,1390.37,17.0591,0.514
13760000,16,-231.013,1386,16.8816,0.569
13780000,15,-210.241,1376.12,15.189,0.565
13800000,15,-218.443,1404.59,18.3675,0.504
13820000,14,-197.075,1368.6,11.5941,0.544333
13840000,19,-252.034,1349.73,19.7338,0.5545
13860000,16,-239.751,1408.16,21.4145,0.552
13880000,13,-184.787,1382.24,13.0735,0.555
13900000,14,-203.243,1402.86,14.0779,0.532
13920000,14,-205.431,1388.57,12.7078,0.522
13940000,14,-204.065,1380.99,18.3705,0.558
13960000,15,-217.262,1382.9,14.2832,0.53
13980000,12,-188.431,1390.38,17.6878,0.529
14000000,13,-191.046,1384.54,19.0395,0.525833
14020000,13,-188.06,1375.33,23.9403,0.546
14040000,13,-184.06,1375.83,10.1627,0.533
14060000,14,-200.901,1372.51,12.9427,0.55075
14080000,15,-216.917,1380.59,24.8468,0.535556
14100000,12,-174.534,1370.45,16.1216,0.494
14120000,13,-198.726,1369.23,14.148,0.546
14140000,15,-199.094,1360.48,15.2833,0.512
14160000,13,-190.908,1388.71,11.9465,0.583
14180000,12,-175.777,1378.28,15.2993,0.5175
14200000,12,-179.355,1384.7,17.3661,0.519
14220000,13,-189.886,1376.96,10.634,0.535
14240000,17,-248.737,1395.92,25.1703,0.552
14260000,13,-192.719,1395.53,15.6576,0.506
14280000,13,-193.062,1390.56,13.3778,0.498
14300000,14,-205.866,1397.35,11.3445,0.548
14320000,13,-190.681,1394.77,13.0238,0.532
14340000,15,-209.102,1395.2,22.502,0.50825
14360000,12,-178.075,1377.8,14.4889,0.5455
14380000,16,-223.483,1384.37,18.9431,0.559577
14400000,13,-191.854,1383.39,14.5913,0.526
14420000,13,-183.36,1367.81,16.9375,0.528
14440000,15,-216.53,1397.56,12.4214,0.536
14460000,14,-213.169,1401.24,12.8288,0.557
14480000,13,-190.816,1394.95,15.1115,0.539
14500000,13,-196.006,1376.73,27.0511,0.559667
14520000,12,-172.897,1371.16,10.4642,0.524
14540000,12,-168.679,1367.35,16.8829,0.574
14560000,13,-180.732,1368.21,15.7977,0.542235
14580000,15,-206.975,1396.74,16.8239,0.5471
14600000,17,-233.864,1398.65,16.8922,0.537
14620000,14,-192.816,1358.05,12.0487,0.524
14640000,15,-223.835,1404.69,25.4885,0.536
14660000,14,-199.37,1380.39,8.22511,0.545
14680000,13,-194.265,1383.67,10.1414,0.527
14700000,16,-238.83,1379.25,19.2798,0.572
14720000,11,-168.591,1388.21,12.8264,0.507
14740000,16,-244.713,1402.34,24.2484,0.515
14760000,13,-196.352,1383.44,20.1845,0.549833
14780000,11,-170.707,1397.12,9.34175,0.498
14800000,15,-210.49,1381.74,12.5556,0.545
14820000,11,-175.233,1401.07,15.2776,0.508
14840000,12,-184.925,1395.78,13.8518,0.491
14860000,14,-202.1,1399.82,12.0686,0.529
14880000,14,-204.466,1390.63,12.7193,0.523
14900000,14,-205.786,1393.04,15.6892,0.519
14920000,13,-198.221,1398.87,10.4189,0.512
14940000,16,-228.476,1395.81,16.688,0.524
14960000,11,-168.48,1382.29,21.3368,0.534818
14980000,16,-220.424,1385.67,15.6064,0.529905
15000000,19,-260.165,1391.56,20.475,0.561
15020000,17,-240.538,1371.92,9.28468,0.533952
15040000,13,-185.518,1369.21,16.9005,0.548
15060000,15,-211.123,1379.01,13.6317,0.521
15080000,19,-254.986,1377.46,22.2515,0.579
15100000,14,-207.927,1387.49,8.40003,0.545
15120000,11,-178.049,1403.4,18.8381,0.528
15140000,11,-172.645,1377.78,8.88565,0.524143
15160000,13,-185.378,1372.25,12.2942,0.543
15180000,16,-224.934,1362.92,25.1511,0.5685
15200000,17,-235.498,1385.11,21.4261,0.577
15220000,13,-195.998,1382.73,9.15279,0.503
15240000,11,-172.728,1359.9,10.5235,0.517
15260000,10,-150.809,1359.22,13.9169,0.542
15280000,11,-183.044,1383.89,6.7991,0.502333
15300000,14,-214.035,1383.08,11.1507,0.5438
15320000,13,-185.048,1368.68,8.22508,0.575286
15340000,12,-183.017,1396.3,10.639,0.511
15360000,10,-160.865,1387.71,5.83763,0.514
15380000,18,-247.883,1366.94,21.6044,0.575833
15400000,13,-192.16,1378.08,16.2083,0.569
15420000,16,-235.064,1383.67,14.2804,0.571
15440000,12,-181.579,1377.75,12.873,0.547481
15460000,11,-177.184,1385.93,4.75551,0.513
15480000,11,-176.981,1388.8,9.57158,0.5
15500000,13,-201.764,1388.68,14.9577,0.535
15520000,14,-222.064,1390.57,12.3802,0.528
15540000,10,-161.524,1387.22,7.82199,0.521
15560000,13,-195.423,1392.5,15.7173,0.528
15580000,12,-177.779,1380.99,10.9697,0.486
15600000,12,-186.506,1381.43,11.9796,0.520333
15620000,14,-206.093,1380.24,16.1895,0.562
15640000,12,-180.311,1374.4,12.4564,0.487
15660000,16,-223.135,1389.33,18.8312,0.551
15680000,13,-191.412,1387.09,13.5621,0.56
15700000,12,-190.058,1390.23,15.8292,0.511
15720000,12,-172.059,1369.98,15.6274,0.504
15740000,12,-185.295,1388.18,7.69036,0.514
15760000,14,-216.384,1396.13,10.0968,0.534789
15780000,14,-204.903,1382.9,23.0847,0.533
15800000,12,-169.876,1372.98,18.1177,0.536
15820000,21,-274.621,1362.6,16.6856,0.561714
15840000,13,-191.649,1365.07,9.48823,0.55
15860000,12,-177.652,1347.65,18.4309,0.547
15880000,12,-188.104,1372.37,9.74401,0.526
15900000,12,-181.986,1374.09,12.3924,0.52575
15920000,12,-180.425,1386.85,8.86274,0.512
15940000,12,-188.056,1384.42,16.3271,0.548
15960000,14,-203.507,1372.62,14.8533,0.5485
15980000,12,-181.324,1396.84,16.0049,0.523
16000000,14,-213.122,1368.18,13.5509,0.537
16020000,16,-217.194,1357.4,18.3676,0.542
16040000,11,-175.706,1387.31,13.3611,0.522083
16060000,14,-214.502,1398.92,19.9757,0.518
16080000,16,-241.382,1392.78,19.0269,0.529
16100000,13,-190.121,1391.91,11.52,0.5285
16120000,13,-182.405,1362.55,10.0448,0.5655
16140000,12,-193.771,1393,11.9232,0.567
16160000,9,-147.055,1371.33,10.5307,0.474
16180000,10,-163.749,1382.27,12.2841,0.5325
16200000,10,-161.185,1376.62,10.9391,0.511
16220000,16,-224.883,1390.34,13.2345,0.539
16240000,11,-166.979,1362.06,8.2026,0.548583
16260000,15,-214.512,1369.71,19.5757,0.5255
16280000,10,-155.819,1367.73,7.7946,0.498
16300000,15,-225.187,1402.14,12.3021,0.513
16320000,9,-140.338,1366.56,3.22852,0.452
16340000,14,-199.807,1395.59,11.0874,0.542
16360000,12,-188.654,1394.55,15.4613,0.525
16380000,12,-188.236,1391.98,12.3869,0.515
16400000,11,-176.665,1385.26,9.92531,0.517
16420000,11,-169.399,1371.54,12.138,0.536
16440000,12,-182.328,1367.47,12.6889,0.554
16460000,16,-240.1,1390.06,19.1305,0.563833
16480000,10,-156.238,1373.81,5.67105,0.546304
16500000,13,-193.424,1393.46,14.9326,0.524
16520000,11,-172.032,1372.27,13.7493,0.463
16540000,10,-151.869,1360.91,10.5403,0.496
16560000,10,-159.352,1380.16,11.8797,0.487
16580000,15,-213.515,1373.96,12.6168,0.523
16600000,13,-189.765,1395.88,13.9421,0.533
16620000,14,-212.61,1390.13,13.9069,0.543
16640000,15,-207.76,1393.15,26.0883,0.570833
16660000,11,-173.156,1388.88,5.96955,0.534467
16680000,12,-178.707,1385.06,10.581,0.5215
16700000,15,-211.581,1377.51,16.3828,0.540043
16720000,16,-225.914,1404.04,15.8302,0.539
16740000,10,-162.004,1397.16,8.50914,0.509
16760000,11,-167.853,1391.24,8.72791,0.5
16780000,13,-190.474,1377.64,9.82384,0.531
16800000,10,-153.787,1368.38,14.0217,0.488
16820000,14,-210.778,1386.04,9.91512,0.541846
16840000,12,-187.869,1370.84,12.0488,0.454
16860000,17,-244.822,1385.58,13.1638,0.537
16880000,11,-174.335,1366.98,10.2315,0.481
16900000,10,-145.709,1362.53,10.4598,0.523
16920000,12,-172.362,1368.01,13.7089,0.499
16940000,12,-179.75,1377.95,10.7286,0.536
16960000,11,-182.293,1393.02,14.5922,0.504167
16980000,16,-220.342,1377.67,24.1647,0.536
17000000,14,-205.087,1375.39,11.4916,0.5425
17020000,12,-181.294,1373.61,8.56146,0.51
17040000,12,-183.035,1402.54,17.841,0.539
17060000,17,-233.466,1374.72,20.2045,0.548
17080000,13,-195.037,1391.65,14.9924,0.514
17100000,11,-172.951,1377.04,10.4958,0.542714
17120000,12,-175.415,1363.72,9.84406,0.510667
17140000,13,-187.583,1374.43,8.19834,0.545
17160000,14,-207.933,1390.21,16.2175,0.541
17180000,13,-219.419,1418.61,8.91174,0.53
17200000,19,-257.425,1367.61,13.2597,0.552222
17220000,14,-197.427,1364.56,16.3485,0.552
17240000,13,-189.525,1381.12,17.7354,0.524667
17260000,15,-218.574,1393.79,8.04983,0.571
17280000,10,-173.058,1398.56,8.42976,0.505
17300000,12,-181.822,1395.34,15.0363,0.504
17320000,13,-186.891,1379.21,9.69722,0.547333
17340000,13,-193.896,1354.54,8.14492,0.547
17360000,15,-207.986,1361.88,14.0633,0.541
17380000,10,-151.594,1383.75,12.4462,0.523
17400000,15,-219.579,1391.07,19.6781,0.56275
17420000,10,-155.7,1362.96,11.7741,0.545091
17440000,11,-170.375,1383.1,16.0812,0.551013
17460000,12,-192.415,1380.3,17.9456,0.511
17480000,14,-211.942,1380.8,17.972,0.556
17500000,16,-240.687,1392.18,13.179,0.5605
17520000,17,-229.024,1367.31,14.14,0.517
17540000,11,-171.385,1384.88,16.7509,0.496
17560000,9,-141.808,1356.85,4.58513,0.48
17580000,10,-162.676,1369.23,10.7127,0.522
17600000,13,-199.636,1379.69,18.6377,0.563455
17620000,12,-185.878,1379.36,16.9319,0.533
17640000,12,-187.427,1378.03,12.0163,0.545435
17660000,13,-187.012,1386.07,12.0125,0.534
17680000,13,-180.949,1382.51,10.6803,0.516
17700000,14,-198.258,1353.06,17.1366,0.56308
17720000,14,-202.61,1371.95,16.3406,0.5325
17740000,13,-182.194,1377.73,11.9491,0.507
17760000,12,-191.997,1397.03,14.6336,0.518
17780000,13,-197.368,1390.88,10.3622,0.537333
17800000,13,-190.35,1385.44,10.076,0.544
17820000,9,-146.13,1345.43,10.991,0.49
17840000,10,-152.248,1377.4,8.75843,0.515429
17860000,12,-172.352,1367.65,11.0356,0.514211
17880000,11,-159.421,1381.05,15.0967,0.517
17900000,14,-195.335,1364.62,13.0206,0.534227
17920000,18,-231.526,1374.11,19.2664,0.564
17940000,12,-169.652,1334.78,7.45939,0.539
17960000,10,-158.531,1394.55,7.73941,0.495
17980000,14,-216.666,1391.79,14.4242,0.557667
18000000,19,-258.465,1384.37,19.8755,0.555
18020000,14,-200.276,1390.92,17.2472,0.531
18040000,10,-157.581,1382.3,14.6841,0.520857
18060000,9,-146.966,1326.62,16.3918,0.511154
18080000,10,-160.096,1377.34,8.55581,0.508
18100000,17,-236.909,1378.77,21.4321,0.594
18120000,18,-243.399,1364.42,19.1348,0.554
18140000,7,-116.068,1322.36,3.98361,0.5
18160000,15,-215.267,1371.76,18.7333,0.532222
18180000,11,-167.834,1374.13,9.9434,0.497
18200000,7,-121.739,1323.36,4.89694,0.509789
18220000,11,-171.242,1381.09,18.5772,0.514
18240000,8,-136.589,1346.72,8.67428,0.488
18260000,10,-164.668,1375.66,9.41842,0.506
18280000,11,-172.907,1374.95,17.5992,0.532
18300000,15,-214.417,1375.42,17.833,0.541
18320000,11,-166.154,1360.78,17.5239,0.515
18340000,8,-138.215,1346.98,5.04245,0.547
18360000,14,-197.917,1362.54,12.6189,0.571
18380000,12,-182.025,1378.52,11.3781,0.511
18400000,20,-272.198,1394.38,24.6828,0.54675
18420000,13,-188.539,1386.67,19.6331,0.516
18440000,16,-227.288,1346.09,20.3669,0.573167
18460000,16,-227.718,1395.02,16.4259,0.556
18480000,11,-164.745,1360.05,19.9698,0.54425
18500000,10,-157.561,1363.5,15.6844,0.492
18520000,14,-196.676,1377.79,14.7271,0.540167
18540000,11,-170.348,1363.48,12.9173,0.5042
18560000,12,-196.083,1405.65,23.5755,0.499091
18580000,10,-154.299,1342.77,18.9877,0.512
18600000,10,-156.531,1368.17,6.71989,0.5
18620000,12,-186.781,1398.88,15.0416,0.519556
18640000,13,-189.442,1396,9.8317,0.482
18660000,14,-200.877,1371.43,15.1846,0.573
18680000,12,-176.107,1351.92,17.9026,0.486
18700000,14,-196.917,1378.28,16.7381,0.553
18720000,13,-198.29,1387.69,11.0067,0.539167
18740000,17,-246.467,1399.58,26.9889,0.579
18760000,10,-146.894,1369.65,6.53247,0.53
18780000,11,-168.954,1387.74,11.9743,0.513
18800000,15,-230.803,1404.02,17.174,0.55
18820000,17,-218.049,1364.78,20.9955,0.557
18840000,15,-216.959,1398.15,13.7827,0.562
18860000,13,-190.559,1392.29,20.8775,0.552
18880000,15,-216.365,1375.08,17.1255,0.531
18900000,16,-230.032,1398.52,14.462,0.5575
18920000,16,-233.775,1396.14,15.8214,0.525
18940000,16,-223.366,1377.06,17.4515,0.541667
18960000,14,-207.977,1392.54,13.0083,0.551
18980000,16,-230.856,1387.28,12.2057,0.5695
19000000,10,-155.783,1383.95,10.185,0.521875
19020000,16,-225.099,1388.69,16.9449,0.548615
19040000,14,-202.988,1390.18,22.453,0.53
19060000,16,-224.828,1389.43,16.11,0.549
19080000,13,-195.362,1399.02,17.3228,0.53
19100000,16,-220.193,1367.82,18.8601,0.568
19120000,15,-214.476,1395.83,18.8158,0.552
19140000,14,-194.37,1354.54,8.32082,0.552333
19160000,12,-165.527,1355.84,14.0548,0.531
19180000,15,-218.81,1365.25,17.759,0.56
19200000,13,-191.034,1390.62,14.4168,0.561
19220000,13,-192.66,1388.31,8.22921,0.5562
19240000,16,-231.593,1385.93,12.9389,0.547091
19260000,18,-246.523,1372.1,14.8018,0.55025
19280000,17,-229.261,1385.45,14.2308,0.533
19300000,12,-188.412,1391.83,12.0427,0.508
19320000,19,-266.728,1411.26,22.9952,0.547091
19340000,11,-168.822,1387.07,9.88916,0.488
19360000,20,-273.145,1382.01,34.7758,0.601
19380000,17,-229.486,1367.02,11.3481,0.559
19400000,16,-227.162,1378.84,20.578,0.562
19420000,17,-229.715,1382.04,19.5732,0.531
19440000,14,-207.121,1394.98,10.4783,0.53975
19460000,14,-207.066,1394.16,15.5656,0.516
19480000,15,-208.844,1402.57,17.9355,0.546875
19500000,13,-188.536,1387.72,13.2127,0.566
19520000,14,-210.622,1394.5,13.4869,0.525
19540000,13,-195.982,1400.58,12.9696,0.537
19560000,15,-211.519,1370.08,15.6573,0.539714
19580000,15,-218.151,1387.71,15.9631,0.514
19600000,14,-197.482,1370.79,19.5974,0.533
19620000,13,-187.23,1371.05,9.38245,0.53624
19640000,13,-196.406,1375.31,23.3295,0.535636
19660000,12,-181.658,1379.84,12.0865,0.5388
19680000,13,-192.235,1393.65,10.2657,0.514
19700000,15,-214.992,1365.47,14.8657,0.552571
19720000,10,-171.189,1394.93,8.23787,0.509
19740000,12,-175.422,1373.04,7.98026,0.546167
19760000,14,-197.808,1386.04,13.2386,0.546667
19780000,12,-180.215,1371.64,22.0833,0.527667
19800000,15,-221.691,1391.2,22.0919,0.544
19820000,11,-164.07,1385.72,11.8241,0.513
19840000,9,-137.528,1360.14,14.4803,0.492429
19860000,11,-170.976,1387.9,5.85869,0.484
19880000,10,-158.803,1380.35,19.3529,0.532
19900000,15,-217.146,1392.57,18.8695,0.551
19920000,11,-177.039,1394.08,10.2554,0.458
19940000,12,-190.301,1376.5,9.4915,0.522
19960000,14,-214.827,1414.85,17.9611,0.523
19980000,15,-218.202,1402.14,7.99804,0.549
20000000,10,-157.548,1370.57,5.13722,0.478
20020000,11,-182.853,1373.89,8.2474,0.525875
20040000,16,-224.614,1381.62,16.7753,0.563
20060000,9,-144.795,1369.89,13.8046,0.522
20080000,10,-155.609,1374.54,9.26028,0.489
20100000,14,-209.299,1402.57,11.8869,0.523333
20120000,13,-192.293,1389.6,16.8088,0.5155
20140000,14,-202.716,1388.04,14.972,0.5208
20160000,13,-190.351,1386.66,13.233,0.505
20180000,11,-163.066,1366.72,7.29142,0.541
20200000,14,-205.739,1394.8,12.402,0.5235
20220000,12,-198.196,1392.57,11.0456,0.508
20240000,15,-218.413,1388.54,14.2961,0.529222
20260000,11,-160.114,1369.86,8.74197,0.553
20280000,17,-238.742,1382.26,13.0027,0.58
20300000,14,-208.291,1386.05,14.8254,0.55725
20320000,13,-193.369,1388.45,15.255,0.489
20340000,10,-159.46,1384.06,8.63697,0.478
20360000,20,-273.594,1380.69,15.8161,0.5558
20380000,11,-173.145,1372.82,13.1037,0.498
20400000,15,-209.546,1376.26,17.3457,0.553
20420000,15,-203.773,1368.85,14.3051,0.534333
20440000,13,-186.761,1382.38,11.6796,0.536
20460000,14,-206.554,1383.52,21.665,0.554
20480000,13,-196.931,1386.69,9.56048,0.55175
20500000,16,-226.462,1393.19,16.3419,0.537
20520000,14,-192.125,1372.72,19.4035,0.530333
20540000,11,-168.796,1381.12,8.25159,0.542
20560000,11,-173.988,1384.26,10.9326,0.520522
20580000,12,-182.172,1392.13,18.0838,0.545
20600000,14,-210.47,1391.76,16.9543,0.51075
20620000,17,-232.88,1393.46,12.5662,0.58
20640000,14,-221.495,1419.16,30.5203,0.514
20660000,12,-179.8,1397.38,12.451,0.54
20680000,10,-160.939,1391.05,6.20625,0.511
20700000,14,-199.058,1392.72,14.4468,0.538
20720000,16,-228.759,1381.74,15.0495,0.552462
20740000,14,-217.111,1386.29,14.952,0.574
20760000,14,-207.333,1391.72,13.6378,0.552077
20780000,17,-253.391,1377.46,20.1763,0.555
20800000,11,-161.256,1358.44,9.64436,0.529
20820000,13,-193.248,1404.54,12.2751,0.539
20840000,17,-239.921,1387.62,23.9445,0.549333
20860000,13,-191.946,1386.39,14.6615,0.55
20880000,13,-185.544,1380.37,20.039,0.54
20900000,12,-187.083,1373.84,10.0838,0.512
20920000,12,-182.524,1382.27,20.7947,0.539
20940000,17,-236.643,1386.53,17.4085,0.538083
20960000,16,-232.75,1395.41,16.4349,0.52
20980000,12,-182.761,1391.82,12.9757,0.528
21000000,14,-203.576,1379.65,8.96136,0.545
21020000,12,-178.73,1375.69,18.1685,0.539
21040000,9,-150.156,1368.79,5.01531,0.55375
21060000,15,-220.56,1385.05,15.1041,0.552333
21080000,13,-190.807,1358.17,12.8649,0.54875
21100000,10,-155.672,1383.03,14.6383,0.484
21120000,14,-202.289,1375.65,18.2141,0.5285
21140000,12,-179.295,1375.77,11.4282,0.539714
21160000,14,-198.227,1379.19,20.4226,0.543385
21180000,15,-220.832,1403.95,16.9657,0.573
21200000,10,-155.431,1381.38,16.2603,0.501
21220000,13,-200.124,1374.53,9.74003,0.508
21240000,19,-259.562,1352.84,16.7997,0.54
21260000,13,-192.711,1381.35,10.959,0.52
21280000,15,-206.911,1376.74,14.707,0.564
21300000,17,-250.685,1398.53,13.3586,0.565
21320000,15,-211.808,1387.37,12.9145,0.5364
21340000,12,-182.574,1389.27,13.224,0.550667
21360000,12,-189.814,1403.06,10.7972,0.513
21380000,11,-173.471,1384.18,13.0907,0.50175
21400000,11,-169.125,1375.12,12.9327,0.54
21420000,12,-179.226,1381.97,8.84638,0.554
21440000,13,-184.478,1373.25,12.0999,0.521
21460000,10,-158.255,1383.36,9.85434,0.49
21480000,13,-180.428,1374.36,14.3399,0.542
21500000,14,-200.161,1386.03,12.0203,0.523
21520000,12,-172.324,1377.65,11.1579,0.534
21540000,12,-175.267,1384,12.2709,0.522
21560000,17,-236.595,1370.89,14.8239,0.545
21580000,13,-188.356,1370.91,10.2103,0.541
21600000,16,-222.874,1383.36,16.0875,0.549
21620000,10,-166.018,1385.26,9.79011,0.5375
21640000,11,-175.291,1378.97,9.47536,0.54
21660000,12,-172.578,1378.84,18.4879,0.54
21680000,14,-198.952,1370.07,11.5464,0.5365
21700000,13,-194.822,1382.82,16.9918,0.528231
21720000,11,-174.388,1385.51,10.4484,0.512
21740000,13,-206.797,1386.71,9.78996,0.542667
21760000,14,-203.3,1380.65,17.6231,0.542
21780000,20,-269.455,1383.12,24.5771,0.5557
21800000,15,-216.672,1382.09,12.8509,0.574
21820000,10,-149.723,1379.71,12.6257,0.4945
21840000,14,-204.417,1382.36,12.9762,0.514
21860000,10,-168.32,1390.73,9.43072,0.53125
21880000,11,-166.457,1367.8,19.9712,0.55
21900000,11,-165.022,1363.25,11.9867,0.5178
21920000,12,-190.728,1378.26,14.0709,0.539
21940000,16,-213.554,1367.38,19.4247,0.541
21960000,12,-169.913,1363.87,12.9754,0.549
21980000,11,-165.365,1367.48,11.5835,0.516
22000000,10,-153.094,1362.15,11.9632,0.532
22020000,13,-187.863,1373.32,11.1719,0.512
22040000,12,-165.699,1376.52,7.98057,0.522
22060000,12,-175.311,1372.83,10.282,0.535
22080000,10,-157.388,1374.69,11.2697,0.515667
22100000,13,-203.125,1388.22,14.04,0.545
22120000,9,-144.032,1374.07,12.8145,0.509
22140000,11,-179.688,1380.34,9.19586,0.48
22160000,10,-165.08,1380.85,7.14604,0.559
22180000,10,-159.435,1386.37,6.15134,0.495
22200000,14,-202.919,1373.26,14.2981,0.523
22220000,14,-206.126,1378.63,14.2009,0.549
22240000,16,-227.261,1373.72,11.3868,0.511
22260000,12,-171.836,1369.56,18.089,0.55
22280000,16,-221.858,1362.39,14.8872,0.546
22300000,14,-213.627,1393.46,22.9504,0.506
22320000,11,-178.911,1389.69,9.67119,0.494
22340000,11,-171.811,1387.39,7.48798,0.502
22360000,14,-207.634,1391.26,19.7368,0.538
22380000,11,-169.413,1377.28,21.1214,0.477
22400000,12,-168.631,1348.56,10.2398,0.521
22420000,14,-207.027,1386.01,19.0587,0.533
22440000,11,-165.132,1375.58,13.0692,0.499
22460000,12,-195.123,1385.55,11.9887,0.522
22480000,13,-186.315,1377.44,9.16552,0.539
22500000,12,-178.873,1378.67,14.1605,0.471
22520000,14,-196.064,1374.76,12.5514,0.532
22540000,14,-197.912,1366.34,13.5866,0.539
22560000,11,-170.47,1363.82,22.4727,0.5493
22580000,13,-189.181,1382.92,10.2313,0.538
22600000,11,-168.587,1367.9,13.8638,0.514
22620000,14,-194.951,1391.07,16.6161,0.536
22640000,17,-240.771,1379.47,15.787,0.566
22660000,11,-165.674,1383.22,10.4113,0.511
22680000,14,-201.85,1388.06,14.6472,0.523
22700000,11,-165.716,1373.44,9.96997,0.54
22720000,11,-168.751,1381.24,10.6358,0.496
22740000,12,-180.355,1392.14,16.8423,0.509
22760000,10,-170.337,1404.66,16.777,0.471
22780000,12,-175.218,1373.1,12.7754,0.497
22800000,12,-194.73,1384.9,11.6261,0.503
22820000,16,-222.826,1374.72,15.3154,0.573
22840000,22,-284.831,1376.46,32.8341,0.578
22860000,16,-227.324,1384.56,11.3146,0.549
22880000,12,-181.231,1380.51,13.9907,0.518
22900000,11,-168.817,1383.53,13.0073,0.525
22920000,16,-234.344,1396.09,10.8791,0.557
22940000,11,-169.753,1379.43,11.1232,0.534444
22960000,13,-195.863,1399.83,17.3616,0.52
22980000,11,-167.85,1383.49,6.49579,0.4885
23000000,16,-229.342,1388.3,13.9598,0.550778
23020000,15,-205.12,1383.59,18.469,0.538
23040000,14,-205.782,1388.24,16.7288,0.526687
23060000,11,-179.842,1396.53,16.5403,0.5154
23080000,17,-242.089,1394.66,12.4348,0.55
23100000,17,-241.597,1381.5,11.6859,0.563
23120000,18,-245.96,1381.2,15.2363,0.519
23140000,14,-208.201,1375.29,11.3433,0.545194
23160000,16,-230.825,1384.32,23.3194,0.53
23180000,15,-218.527,1404.05,13.7338,0.53
23200000,13,-203.818,1409.06,14.0647,0.528667
23220000,16,-233.859,1395.79,13.5458,0.5308
23240000,13,-190.165,1397.59,14.9245,0.507
23260000,13,-186.969,1386.55,11.1247,0.56
23280000,13,-198.227,1388.83,11.7565,0.530125
23300000,18,-270.191,1417.85,15.4712,0.54025
23320000,13,-203.231,1406.88,12.3442,0.498333
23340000,13,-207.38,1383.22,14.6249,0.493
23360000,10,-156.666,1381.92,15.9728,0.53
23380000,16,-224.887,1375.46,16.3495,0.511
23400000,14,-218.115,1420.51,13.6447,0.543273
23420000,22,-287.241,1392.88,18.9849,0.609
23440000,12,-187.275,1392.57,8.78245,0.524
23460000,15,-224.886,1413.17,18.8604,0.533
23480000,17,-226.083,1376.37,15.8934,0.535
23500000,12,-169.817,1380.98,11.0798,0.531
23520000,13,-195.971,1379.6,20.7522,0.557667
23540000,15,-215.963,1400.33,15.2568,0.531
23560000,16,-235.296,1389.81,14.8773,0.543
23580000,16,-234.671,1411.57,19.4849,0.5273
23600000,12,-179.606,1378.81,14.9885,0.526
23620000,16,-213.19,1387.75,13.8844,0.561
23640000,13,-190.725,1404.85,9.22492,0.503
23660000,19,-258.431,1382.14,20.4007,0.58
23680000,13,-193.484,1381.87,8.55076,0.532
23700000,13,-192.585,1383.79,11.986,0.509
23720000,12,-185.202,1372.54,8.33327,0.52
23740000,14,-199.305,1396.78,8.7428,0.566
23760000,15,-215.631,1403.21,17.8426,0.5446
23780000,11,-171.987,1375.1,7.97864,0.5172
23800000,16,-227.736,1411.42,19.103,0.533
23820000,14,-197.632,1375.4,19.3993,0.541
23840000,13,-184.642,1364.43,10.6316,0.53
23860000,15,-211.581,1382.91,18.2794,0.56105
23880000,11,-177.608,1397.11,8.24729,0.522667
23900000,15,-214.773,1387,15.9679,0.539
23920000,11,-174.73,1398.58,17.6758,0.5245
23940000,15,-221.763,1391.76,23.2623,0.538937
23960000,11,-158.865,1360.18,12.0241,0.52
23980000,18,-247.775,1391.07,15.3775,0.557
24000000,11,-175.569,1402.66,8.87126,0.429
24020000,14,-206.874,1371.03,17.8796,0.5065
24040000,12,-187.354,1388.57,17.3899,0.51
24060000,11,-168.885,1377.36,13.846,0.518
24080000,14,-204.477,1396.16,13.5816,0.527
24100000,15,-213.276,1371.62,18.2289,0.544348
24120000,13,-188.13,1369.18,20.2871,0.553
24140000,12,-188.253,1381.81,10.8058,0.55
24160000,17,-227.662,1373.52,15.3009,0.532
24180000,11,-155.888,1363.29,17.014,0.555
24200000,12,-188.055,1385.38,6.69864,0.536
24220000,11,-159.869,1346.41,12.2965,0.537
24240000,12,-194.247,1401.11,12.6199,0.526
24260000,10,-157.07,1362.01,5.78799,0.497
24280000,12,-179.177,1380.16,14.7888,0.49
24300000,12,-185.396,1375.86,16.4856,0.512
24320000,11,-181.017,1387.39,9.47084,0.514
24340000,15,-206.192,1355.56,19.8152,0.559
24360000,10,-155.961,1378.98,11.6533,0.528588
24380000,13,-202.565,1408.51,15.6218,0.526
24400000,13,-193.694,1371.05,12.1118,0.5165
24420000,15,-216.165,1380.77,10.6025,0.584
24440000,13,-195.158,1380.76,14.5952,0.515
24460000,11,-172.636,1374.06,13.9169,0.495
24480000,12,-180.218,1385.68,11.8191,0.53125
24500000,12,-174.309,1365.3,8.05888,0.553
24520000,12,-176.365,1365.98,9.52199,0.5418
24540000,17,-242.603,1397.9,22.8217,0.577
24560000,15,-212.899,1382.64,13.2422,0.517667
24580000,15,-212.96,1385.7,9.67066,0.5196
24600000,10,-147.397,1336.89,9.16119,0.507
24620000,10,-151.393,1370.16,18.7266,0.556692
24640000,14,-213.893,1389.41,9.69383,0.529687
24660000,15,-216.137,1379.26,10.6323,0.544611
24680000,14,-197.282,1364.55,16.5621,0.539
24700000,11,-165.907,1374.48,15.4195,0.5025
24720000,12,-178.674,1378.79,7.30779,0.508
24740000,16,-224.781,1384.18,11.3286,0.534333
24760000,14,-206.9,1372.86,15.4099,0.506
24780000,11,-171.748,1390.41,8.83305,0.461
24800000,11,-171.598,1383.44,9.8361,0.54
24820000,10,-152.161,1357.29,13.5342,0.508
24840000,13,-187.259,1352.83,17.8512,0.566
24860000,10,-150.421,1364.83,8.12384,0.546
24880000,18,-247.946,1393.34,17.1426,0.543
24900000,17,-229.87,1369.77,14.2473,0.528
24920000,15,-219.625,1357.82,12.6369,0.519
24940000,15,-203.592,1371.07,19.1043,0.515
24960000,15,-209.395,1371.84,14.3487,0.577
24980000,15,-206.33,1381.83,20.5929,0.56
25000000,12,-176.092,1377.58,11.1699,0.533
25020000,12,-188.363,1394.62,9.96391,0.52
25040000,15,-212.819,1362.48,17.7988,0.551
25060000,12,-168.167,1350.91,13.7165,0.544
25080000,14,-198.702,1380.92,17.7021,0.55
25100000,17,-235.68,1382.18,13.9428,0.538091
25120000,14,-202.044,1371.14,11.2037,0.489
25140000,16,-228.975,1390.73,16.5649,0.556
25160000,14,-202.299,1380.89,15.7878,0.572
25180000,15,-217.199,1373.94,10.3933,0.568
25200000,12,-177.712,1385.06,8.93735,0.536
25220000,18,-245.477,1386.2,16.9795,0.569
25240000,12,-191.554,1389.76,7.84785,0.531667
25260000,12,-172.626,1386.86,13.7632,0.509
25280000,11,-165.3,1380,11.994,0.522
25300000,17,-229.21,1367.65,11.5999,0.574
25320000,14,-206.617,1381.54,12.5325,0.546
25340000,17,-240.109,1379.35,23.0597,0.534
25360000,17,-244.469,1367.74,18.7458,0.549643
25380000,11,-164.743,1377.65,12.4736,0.533
25400000,11,-162.033,1383.47,5.67177,0.499
25420000,12,-176.945,1389.01,17.3109,0.541833
25440000,11,-164.713,1371.07,6.87195,0.477
25460000,12,-173.276,1380.01,10.594,0.507
25480000,15,-210.12,1375.19,8.71935,0.555
25500000,11,-171.621,1389.85,11.6073,0.4915
25520000,12,-175.167,1354.78,8.24028,0.501
25540000,13,-183.846,1376.66,12.4362,0.524
25560000,12,-182.016,1392.71,18.4901,0.487
25580000,14,-202.749,1373.5,14.6039,0.527625
25600000,12,-177.397,1389.71,9.03258,0.51475
25620000,16,-237.121,1396.71,23.4134,0.504
25640000,13,-192.638,1391.22,10.6304,0.548
25660000,16,-219.646,1386.71,13.5062,0.558
25680000,14,-209.408,1392.13,13.4292,0.503667
25700000,11,-175.506,1372.43,16.3883,0.491
25720000,10,-153.253,1365.13,9.53631,0.519
25740000,10,-157.235,1375.16,14.6575,0.547
25760000,9,-156.064,1382.4,14.0518,0.522
25780000,14,-202.927,1373.79,14.5704,0.536
25800000,12,-191.696,1379.61,12.5311,0.497
25820000,13,-191.594,1381.69,15.2358,0.544
25840000,11,-164.101,1367.8,8.02744,0.496
25860000,18,-235.915,1371.36,19.605,0.5525
25880000,18,-249.682,1373.66,22.1131,0.604
25900000,11,-153.04,1365.98,11.5733,0.525
25920000,13,-188.589,1383.66,18.7393,0.5475
25940000,11,-172.873,1391.67,6.03188,0.561
25960000,10,-153.571,1376.88,8.99964,0.483
25980000,15,-224.621,1388.73,15.9657,0.522
26000000,12,-190.868,1388.83,16.7412,0.551368
26020000,11,-167.385,1373.6,19.5517,0.5145
26040000,11,-169.414,1368.33,12.694,0.546
26060000,15,-214.635,1373.35,19.1734,0.55536
26080000,12,-182.576,1375.63,12.6014,0.550063
26100000,11,-179.604,1389.92,10.9986,0.5155
26120000,10,-154.851,1346.07,8.10735,0.5272
26140000,13,-190.367,1376.14,11.0112,0.527316
26160000,11,-169.603,1385.24,10.4816,0.532
26180000,16,-216.023,1369.66,18.3657,0.56
26200000,20,-268.399,1383.84,23.3042,0.555333
26220000,11,-178.06,1388.79,11.4292,0.533
26240000,12,-186.75,1390.04,20.0889,0.536
26260000,13,-192.45,1385.24,11.1378,0.546
26280000,14,-200.25,1386.36,17.3222,0.516
26300000,12,-176.588,1391.89,13.2837,0.522
26320000,12,-179.272,1357.95,18.4767,0.486
26340000,17,-239.799,1373.41,15.9505,0.538
26360000,14,-200.713,1398.03,20.0876,0.559
26380000,16,-210.73,1363.59,23.1097,0.515
26400000,13,-193.857,1383.88,13.0885,0.563273
26420000,13,-198.498,1394.89,13.065,0.535188
26440000,15,-209.54,1395.93,21.0841,0.545
26460000,13,-190.927,1371.89,13.083,0.499
26480000,11,-168.298,1369.23,7.86085,0.515
26500000,12,-180.059,1374.72,10.186,0.548
26520000,13,-176.614,1376.46,15.4788,0.521
26540000,13,-178.781,1365.5,15.7226,0.535
26560000,13,-183.849,1368.36,18.3613,0.525143
26580000,15,-211.573,1384.02,16.348,0.526
26600000,10,-154.382,1376.94,11.5104,0.508
26620000,17,-223.671,1380.71,15.1909,0.561
26640000,15,-217.665,1400.25,16.5767,0.550333
26660000,13,-192.1,1393.38,18.7971,0.535
26680000,10,-152.674,1370.43,13.1677,0.513
26700000,12,-171.493,1380.76,9.13482,0.522
26720000,13,-185.441,1384.26,17.279,0.491
26740000,12,-179.265,1390.13,12.0733,0.524
26760000,13,-197.811,1393.4,13.523,0.531357
26780000,10,-165.852,1373.55,14.5427,0.505
26800000,18,-256.956,1378.4,20.5142,0.558
26820000,14,-197.546,1368.88,12.5947,0.5336
26840000,13,-197.771,1386.4,17.8948,0.546
26860000,16,-230.771,1382.41,16.6811,0.582
26880000,10,-161.265,1370.68,9.73229,0.509
26900000,10,-152.977,1360.41,12.1602,0.501
26920000,10,-161.47,1375.05,5.35755,0.524
26940000,14,-202.508,1388.74,17.6131,0.544636
26960000,11,-163.99,1366.79,12.4606,0.520333
26980000,13,-191.751,1372.45,18.8567,0.537619
27000000,12,-174.071,1378.28,10.4016,0.551
27020000,15,-211.809,1374.71,10.7757,0.572
27040000,16,-223.193,1363.42,17.808,0.573
27060000,13,-189.045,1356.38,13.288,0.545222
27080000,10,-151.295,1342.06,11.2205,0.519312
27100000,16,-220.632,1364.76,26.6242,0.577
27120000,13,-182.606,1360.64,17.4825,0.56815
27140000,12,-185.987,1388.28,7.45743,0.515
27160000,15,-213.877,1370.62,17.9704,0.54675
27180000,11,-162.234,1354.89,21.0404,0.545
27200000,12,-179.27,1386.2,18.2192,0.541864
27220000,8,-137.264,1346.75,11.0372,0.515833
27240000,14,-207.475,1399.66,13.9723,0.499
27260000,12,-177.718,1385.68,8.41598,0.512
27280000,9,-137.246,1338.39,5.86578,0.524
27300000,16,-222.308,1387.85,12.5017,0.484
27320000,17,-238.379,1391.21,10.2904,0.562895
27340000,8,-131.041,1352.15,6.1899,0.518
27360000,14,-217.406,1378.4,19.1835,0.536
27380000,12,-187.073,1372.05,9.46294,0.5035
27400000,15,-221.059,1386.56,15.5525,0.558636
27420000,13,-196.856,1388.79,21.851,0.556
27440000,14,-208.627,1394.2,12.6414,0.53
27460000,9,-151.117,1380.06,10.7463,0.49
27480000,11,-169.321,1384.25,19.4612,0.515
27500000,16,-220.007,1372.49,21.1301,0.54
27520000,13,-206.474,1401.55,13.4085,0.497
27540000,13,-189.918,1377.43,17.0682,0.559
27560000,13,-183.929,1363.2,15.0885,0.526
27580000,16,-219.423,1371.28,18.8435,0.572667
27600000,15,-207.601,1352.6,15.6092,0.578
27620000,17,-231.364,1372.86,19.4265,0.532
27640000,17,-229.308,1381.28,25.8898,0.577
27660000,10,-165.84,1376.48,10.8736,0.499
27680000,10,-160.867,1384.19,7.017,0.493
27700000,12,-175.136,1372.69,12.9761,0.539
27720000,12,-182.69,1387.65,14.484,0.511
27740000,12,-183.366,1388.53,15.3557,0.506
27760000,11,-173.165,1382.17,8.76862,0.484
27780000,12,-196.101,1395.04,14.3609,0.488
27800000,11,-170.526,1383.61,11.4579,0.496611
27820000,15,-213.637,1390.03,15.6426,0.559
27840000,13,-183.472,1370.76,9.78266,0.562
27860000,11,-161.182,1371.55,21.7262,0.503
27880000,14,-198.928,1382.96,19.1467,0.561
27900000,12,-188.186,1367.1,11.1205,0.51
27920000,14,-207.445,1390.35,18.99,0.535
27940000,13,-185.479,1361.71,15.0152,0.529
27960000,15,-214.935,1388.96,13.6007,0.561333
27980000,13,-201.538,1385.37,10.3644,0.527
28000000,17,-237.155,1378.75,18.0983,0.565417
28020000,15,-220.667,1387.22,15.3256,0.557
28040000,16,-219.114,1377.43,19.9902,0.545364
28060000,15,-214.857,1395.78,11.9972,0.531
28080000,11,-170.728,1389.05,6.71368,0.514
28100000,13,-188.276,1390.61,15.6039,0.501
28120000,11,-187.774,1380.01,10.0462,0.5583
28140000,15,-221.131,1384.08,10.7823,0.514667
28160000,14,-206.496,1382.58,19.8977,0.543
28180000,12,-172.168,1372.82,8.51284,0.511
28200000,11,-173.069,1382.39,9.65888,0.521
28220000,14,-201.546,1368.64,8.95116,0.524667
28240000,11,-169.882,1365.26,12.8808,0.524
28260000,11,-164.007,1371.37,10.3787,0.51
28280000,13,-191.246,1395.5,13.4034,0.535
28300000,12,-186.431,1379.88,17.323,0.547
28320000,15,-217.066,1398.98,11.7703,0.543176
28340000,13,-185.825,1389.87,11.4195,0.486
28360000,14,-191.432,1375.84,12.618,0.545
28380000,13,-187.107,1381.94,15.7859,0.538
28400000,16,-227.156,1391.03,11.8758,0.522
28420000,11,-166.978,1374.93,8.74532,0.515
28440000,17,-230.335,1388.25,10.1659,0.574
28460000,11,-165.848,1375.27,16.0813,0.536
28480000,13,-190.764,1386.85,13.78,0.523333
28500000,16,-218.417,1380.85,11.7445,0.553
28520000,12,-180.732,1377.46,11.2558,0.528043
28540000,12,-176.408,1394.83,13.5594,0.543
28560000,16,-225.713,1374.14,17.027,0.582
28580000,15,-213.959,1377.3,12.8903,0.54
28600000,15,-213.997,1382.31,12.617,0.557
28620000,12,-175.977,1397.51,19.2653,0.54
28640000,13,-192.587,1379.72,13.9505,0.547786
28660000,13,-186.705,1372.14,7.77631,0.558
28680000,12,-197.915,1388.54,9.18383,0.482
28700000,13,-194.023,1398.03,13.3696,0.517
28720000,15,-212.14,1366.23,14.1219,0.533
28740000,14,-212.391,1391,18.1427,0.552
28760000,13,-179.022,1375.01,14.0825,0.549
28780000,11,-165.621,1385.57,15.6188,0.526
28800000,15,-209.531,1389.65,14.7138,0.519
28820000,13,-196.161,1388.01,14.3922,0.547
28840000,14,-204.909,1373.14,16.6082,0.5182
28860000,13,-203.267,1401.33,9.92075,0.52175
28880000,10,-167.971,1384.78,7.09221,0.467
28900000,19,-255.715,1381.85,15.7445,0.552
28920000,14,-194.671,1389.03,23.0535,0.562
28940000,9,-147.408,1376.93,11.3045,0.489
28960000,12,-174.944,1349.68,19.5721,0.506
28980000,19,-260.246,1381.46,21.6703,0.5595
29000000,14,-194.893,1375.9,20.4023,0.577
29020000,16,-221.879,1390.45,18.3562,0.536
29040000,14,-206.307,1390.54,16.7526,0.559
29060000,11,-164.749,1378.91,10.7182,0.511
29080000,11,-162.523,1380.04,11.664,0.533
29100000,18,-243.462,1375.14,17.2769,0.575
29120000,12,-172.374,1381.53,15.4043,0.498
29140000,13,-192.794,1370.93,18.0906,0.5185
29160000,17,-247.112,1406.81,20.4914,0.5435
29180000,11,-169.136,1390.23,13.7001,0.48
29200000,12,-179.506,1380.33,8.08506,0.546136
29220000,9,-145.971,1374.22,15.1629,0.484
29240000,16,-222.508,1396.14,22.8062,0.567
29260000,13,-182.69,1371.7,9.72056,0.532
29280000,12,-190.846,1380.15,10.8629,0.534167
29300000,13,-199.887,1381.53,17.5882,0.528
29320000,10,-149.635,1364.22,18.9497,0.527
29340000,14,-204.779,1399.34,12.4726,0.5314
29360000,12,-177.242,1387.01,12.5895,0.516
29380000,11,-167.645,1389.39,10.1701,0.515
29400000,14,-202.168,1388.41,16.8546,0.498
29420000,12,-178.629,1387.14,15.838,0.506
29440000,13,-182.807,1370.87,12.2492,0.587
29460000,16,-225.59,1369.42,18.8618,0.52
29480000,12,-194.474,1394.52,13.7736,0.531857
29500000,11,-176.738,1371.26,6.4261,0.553826
29520000,21,-270.817,1389.98,29.6136,0.574
29540000,15,-220.959,1403.89,18.0147,0.536
29560000,13,-191.527,1384.55,10.9013,0.547
29580000,14,-215.791,1404.37,11.7747,0.509
29600000,16,-219.406,1365.87,20.4273,0.596
29620000,12,-183.448,1391.4,6.88953,0.529
29640000,15,-204.313,1370.9,15.7545,0.59
29660000,13,-200.823,1387.47,19.1043,0.5476
29680000,18,-246.781,1391.94,20.1307,0.552
29700000,12,-176.351,1363.44,11.4735,0.511
29720000,15,-209.161,1365.78,12.9256,0.561667
29740000,14,-200.883,1377.8,23.0259,0.536
29760000,14,-197.656,1373.36,10.663,0.556
29780000,12,-183.784,1378.89,8.65125,0.5225
29800000,12,-183.37,1374.34,15.1383,0.518
29820000,9,-143.426,1380.1,6.33945,0.495
29840000,14,-215.337,1393.09,20.1935,0.568
29860000,12,-174.854,1370.14,20.9018,0.554
29880000,13,-195.863,1381.21,10.6812,0.551
29900000,10,-162.955,1375.54,8.961,0.476
29920000,10,-160.257,1370.45,20.6428,0.556
29940000,14,-204.717,1402.23,15.1728,0.535
29960000,15,-218.444,1398.74,13.8917,0.563118
29980000,13,-201.558,1381.47,17.8336,0.499
