generation,N_shifts,logPrior,logLik,eventRate,acceptRate
0,0,-16.2279,-5781.57,500,1
20000,0,-24.7138,894.739,0.0266827,0.570333
40000,2,-44.8612,897.721,1.4412,0.528167
60000,2,-44.8612,899.654,3.95257,0.547111
80000,0,-24.6948,899.355,3.76422,0.538
100000,2,-52.268,1009.73,0.533799,0.62
120000,1,-37.5348,998.95,2.30856,0.525
140000,2,-52.6505,1003.15,6.56324,0.57
160000,1,-41.855,1009.38,0.212939,0.566333
180000,3,-76.9193,1107.25,1.7236,0.558
200000,3,-69.4237,1099.86,2.53031,0.476
220000,3,-68.517,1100.04,6.46313,0.537
240000,8,-131.192,1226.33,6.10875,0.554
260000,10,-154.579,1267.92,8.3834,0.572
280000,6,-115.782,1264.9,5.63473,0.505
300000,8,-145.551,1278.31,5.40979,0.5585
320000,1,-40.3655,999.324,0.0953989,0.584
340000,10,-160.757,1263.9,13.3369,0.572
360000,5,-109.062,1263.74,5.13947,0.53
380000,6,-113.183,1245.25,9.42483,0.519
400000,9,-154.779,1267.97,6.96371,0.597
420000,9,-149.541,1273.21,10.9765,0.545
440000,7,-121.555,1213.3,7.56215,0.559867
460000,6,-124.239,1234.04,8.06182,0.507
480000,8,-141.815,1287.58,8.24009,0.547
500000,7,-137.719,1296.99,6.23076,0.525
520000,9,-159.704,1275.87,8.44034,0.565
540000,6,-113.516,1254.01,6.0307,0.517
560000,7,-126.731,1248.74,10.4524,0.571
580000,8,-131.718,1247.31,7.45386,0.550167
600000,5,-107.844,1267,9.3876,0.553
620000,6,-124.098,1278.75,2.1725,0.529
640000,7,-132.695,1274.44,5.44507,0.532
660000,9,-148.067,1263.26,8.29299,0.606
680000,12,-190.177,1291.98,15.3967,0.588
700000,6,-112.491,1262.64,6.86172,0.591
720000,6,-114.599,1285.15,5.14413,0.51
740000,5,-103.289,1258.74,5.12057,0.552
760000,7,-135.689,1308.95,11.3757,0.539
780000,7,-150.168,1307.82,3.81983,0.547
800000,7,-136.152,1281.41,8.04913,0.49
820000,8,-139.865,1275.44,8.21148,0.567
840000,9,-159.132,1303.29,5.11422,0.575273
860000,9,-167.712,1314.08,9.99817,0.563
880000,12,-206.392,1320.66,12.1603,0.587
900000,10,-177.581,1285.29,15.8721,0.5458
920000,10,-166.632,1292.33,14.7171,0.575
940000,6,-129.899,1286.88,13.5407,0.505
960000,5,-114.747,1294.47,3.10854,0.525
980000,9,-160.639,1296.95,8.83921,0.58
1000000,9,-162.856,1283.42,5.3501,0.531
1020000,6,-118.94,1279.11,6.03741,0.53475
1040000,8,-149.438,1295.39,7.09461,0.552
1060000,6,-123.86,1287.69,7.61867,0.558
1080000,11,-171.393,1294.39,11.0296,0.579
1100000,7,-131.907,1274.68,5.08337,0.505667
1120000,13,-209.109,1309.52,14.0961,0.5578
1140000,19,-258.748,1302.94,18.241,0.625
1160000,12,-188.952,1312.57,9.01917,0.55
1180000,8,-149.467,1316.34,3.67833,0.464
1200000,9,-156.063,1277.63,11.9685,0.581
1220000,7,-139.468,1301.08,4.09181,0.516
1240000,11,-186.231,1293.8,12.6109,0.571
1260000,9,-154.374,1291.09,12.2933,0.567
1280000,8,-164.485,1321.72,8.41849,0.528
1300000,11,-182.274,1294.21,12.1298,0.601
1320000,10,-162.949,1293.14,4.74042,0.563
1340000,6,-127.981,1292.97,6.46717,0.511
1360000,8,-143.422,1282.59,12.4067,0.52
1380000,12,-180.918,1278,15.0503,0.591333
1400000,5,-106.866,1270.74,4.85691,0.514
1420000,7,-134.974,1288.36,6.88013,0.527
1440000,11,-183.396,1303.57,9.94404,0.566
1460000,10,-176.671,1320.18,6.58596,0.552222
1480000,12,-200.313,1322.79,11.9164,0.563
1500000,8,-137.701,1277.82,17.2853,0.5585
1520000,11,-174.916,1310.24,10.8642,0.562
1540000,13,-198.506,1288.45,14.138,0.560867
1560000,9,-157.598,1296.88,6.40394,0.532
1580000,7,-127.895,1290.91,6.91839,0.5355
1600000,8,-147.716,1275.69,8.34176,0.541
1620000,9,-162.303,1295.13,8.12762,0.557556
1640000,9,-152.891,1280.35,9.68149,0.577
1660000,11,-175.903,1286.18,20.9243,0.587
1680000,12,-190.073,1289.06,17.5665,0.553333
1700000,6,-126.035,1284.76,5.93347,0.524
1720000,6,-124.633,1299.51,11.2934,0.5418
1740000,10,-163.788,1281.92,10.0297,0.559875
1760000,7,-138.109,1287.34,11.8157,0.553188
1780000,9,-163.39,1289.71,6.96018,0.5485
1800000,10,-161.728,1288.26,12.103,0.5434
1820000,7,-134.607,1285.6,10.7788,0.541
1840000,7,-142.073,1296.71,4.46351,0.559
1860000,5,-108.773,1277.42,6.29255,0.5345
1880000,9,-156.57,1291.27,11.4889,0.549
1900000,6,-122.142,1287.07,9.52989,0.536
1920000,10,-173.623,1305.36,8.15603,0.493
1940000,6,-143.543,1301.28,4.32476,0.498
1960000,6,-122.827,1295.59,5.03809,0.517
1980000,8,-150.891,1295.18,9.67227,0.581
2000000,11,-172.694,1284.2,11.6345,0.53075
2020000,8,-148.271,1294.09,9.39593,0.571
2040000,8,-148.653,1295.92,11.0282,0.521
2060000,11,-191.643,1304.02,8.43698,0.539667
2080000,9,-175.287,1310.72,6.94421,0.538667
2100000,8,-158.962,1310.47,15.3281,0.515
2120000,9,-173.517,1314.67,9.64206,0.512
2140000,12,-208.85,1315.12,11.8297,0.549
2160000,9,-175.407,1313.66,10.4398,0.496
2180000,7,-146.202,1288.36,12.3155,0.526
2200000,6,-121.975,1274.99,6.25953,0.5425
2220000,18,-259.595,1310.9,25.9545,0.5662
2240000,6,-133.446,1310.38,3.45536,0.518
2260000,10,-169.545,1297.19,11.4952,0.596
2280000,7,-131.683,1291.01,12.9321,0.56
2300000,6,-127.507,1294.22,10.5563,0.524
2320000,5,-114.49,1282.47,4.06887,0.546882
2340000,11,-204.93,1322.35,14.0133,0.553833
2360000,10,-192.947,1325.59,15.873,0.508
2380000,6,-126.875,1299.68,9.619,0.535
2400000,9,-163.306,1301.61,9.93859,0.537
2420000,10,-179.673,1311.17,11.0507,0.577154
2440000,7,-134.568,1293.35,6.52253,0.559
2460000,9,-169.275,1309.78,14.0048,0.55
2480000,7,-145.532,1306.41,10.6642,0.53
2500000,10,-169.939,1298.6,10.8393,0.57
2520000,10,-174.216,1304.09,13.0637,0.550556
2540000,11,-171.658,1299.78,8.65665,0.5505
2560000,7,-146.343,1318.55,7.56396,0.524
2580000,8,-156.875,1293.78,15.8459,0.538
2600000,15,-221.058,1304.44,16.8417,0.543
2620000,8,-139.066,1292.88,4.53547,0.551071
2640000,5,-116.907,1298.66,5.48177,0.505
2660000,8,-159.936,1311.17,13.0712,0.548
2680000,15,-216.7,1299.05,21.9122,0.583667
2700000,8,-144.553,1293.46,13.6979,0.577
2720000,8,-157.454,1308.6,9.58231,0.550353
2740000,7,-135.862,1290.61,5.49507,0.528
2760000,6,-125.271,1286.17,6.46922,0.553
2780000,11,-176.027,1281.38,17.2817,0.57
2800000,7,-134.615,1276.32,4.83062,0.518
2820000,9,-157.032,1296.18,14.6243,0.55075
2840000,9,-151.418,1281.13,11.847,0.56
2860000,9,-153.816,1296.93,9.74441,0.561667
2880000,8,-137.733,1288.1,11.2985,0.573
2900000,8,-151.33,1304.85,6.89576,0.517
2920000,8,-157.224,1298.09,14.2571,0.553667
2940000,10,-172.548,1300.47,7.97302,0.558333
2960000,7,-141.219,1301.92,5.6211,0.538
2980000,8,-141.236,1294.38,12.8915,0.5214
3000000,8,-154.379,1304.56,12.5957,0.542
3020000,8,-152.269,1301.43,7.4761,0.538625
3040000,6,-124.434,1296.92,2.47675,0.528
3060000,6,-119.004,1282.54,8.01621,0.492
3080000,8,-148.031,1303.38,13.5505,0.549
3100000,11,-176.587,1307.9,7.93025,0.565
3120000,13,-199.801,1305.77,10.6771,0.583
3140000,8,-152.447,1304.72,15.6214,0.58
3160000,6,-131.952,1299.58,3.61152,0.546333
3180000,8,-151.554,1288.62,5.4455,0.542879
3200000,7,-135.073,1283.78,6.54063,0.556
3220000,10,-164.024,1287.06,13.879,0.568
3240000,7,-144.83,1311.14,4.00235,0.5606
3260000,7,-133.873,1291.67,11.0296,0.533
3280000,7,-136.248,1296.86,7.69,0.578417
3300000,7,-141.412,1309.91,16.3561,0.560444
3320000,11,-181.227,1297.56,8.62441,0.563
3340000,11,-186.245,1311.26,11.5143,0.56325
3360000,6,-134.557,1301.85,5.01402,0.539
3380000,7,-139.503,1300.89,7.04525,0.556267
3400000,10,-167.29,1298.14,6.94738,0.588
3420000,7,-152.365,1318.82,4.71173,0.526
3440000,10,-167.4,1298.54,10.4941,0.543
3460000,7,-144.75,1305.68,8.46592,0.512
3480000,9,-164.27,1313.15,6.37566,0.575
3500000,7,-133.619,1295.23,8.41448,0.534
3520000,7,-141.038,1308.12,10.3798,0.524
3540000,9,-159.784,1306.55,14.3894,0.531
3560000,9,-160.836,1306.53,9.71431,0.547
3580000,7,-155.161,1312.54,6.77115,0.46
3600000,8,-154.561,1300.29,11.2233,0.592
3620000,6,-122.187,1303.23,6.74438,0.501
3640000,10,-171.552,1307.44,11.5838,0.549214
3660000,8,-143.279,1292.63,10.9231,0.546
3680000,8,-155.617,1298.37,4.98059,0.514
3700000,7,-139.619,1301.42,4.47167,0.481
3720000,10,-171.447,1289.86,16.7828,0.613
3740000,8,-148.626,1308.43,7.60291,0.533
3760000,8,-150.915,1290.05,4.6579,0.55
3780000,5,-113.499,1280.27,7.15634,0.552
3800000,9,-169.225,1301.94,5.36524,0.552
3820000,11,-182.934,1278.7,14.5121,0.572
3840000,9,-175.022,1312.03,12.2708,0.547857
3860000,9,-154.665,1300.4,5.58443,0.575
3880000,8,-152.718,1296.32,6.78089,0.540947
3900000,12,-188.242,1304.28,16.0174,0.572
3920000,7,-140.202,1304.9,5.93326,0.524
3940000,10,-175.368,1303.38,9.28345,0.542333
3960000,8,-155.321,1309.21,15.7964,0.55
3980000,7,-144.246,1310.49,10.1416,0.539
4000000,12,-197.252,1311.68,13.5649,0.5815
4020000,8,-157.645,1304.17,9.79262,0.58
4040000,12,-192.859,1290.33,17.2183,0.587
4060000,10,-173.187,1293.58,12.2608,0.551667
4080000,9,-157.398,1293.78,7.71826,0.548
4100000,9,-152.485,1282.4,12.4364,0.598
4120000,7,-137.244,1298.78,5.76741,0.548
4140000,8,-147.52,1304.86,9.05655,0.541
4160000,7,-134.842,1305.29,11.5872,0.548
4180000,14,-218.243,1288.33,18.0445,0.6
4200000,12,-186.9,1302.13,13.1778,0.589
4220000,9,-163.834,1332.82,8.25924,0.553333
4240000,8,-146.231,1299.22,9.37585,0.547
4260000,9,-161.916,1293.1,13.2909,0.584
4280000,8,-147.951,1299.16,10.008,0.582429
4300000,12,-198.87,1303.58,13.9091,0.596
4320000,7,-145.474,1317.68,10.6615,0.521
4340000,9,-157.074,1303.7,13.2658,0.563
4360000,10,-167.517,1312.19,10.4076,0.572
4380000,11,-192.267,1321.6,8.71144,0.573083
4400000,10,-171.034,1317.05,7.90485,0.5645
4420000,10,-180.172,1324.36,12.2662,0.516
4440000,11,-195.59,1334.85,9.07755,0.5782
4460000,10,-168.972,1299.2,16.9792,0.563591
4480000,9,-159.967,1300.74,9.49406,0.585
4500000,9,-163.109,1308.65,10.8103,0.536
4520000,12,-212.212,1330.61,17.5054,0.57
4540000,8,-146.627,1301.62,12.2322,0.582
4560000,7,-131.26,1284.36,4.32026,0.544
4580000,9,-166.154,1297.89,7.44809,0.501
4600000,7,-134.267,1290.63,9.33574,0.538
4620000,6,-129.785,1302.54,9.1854,0.557667
4640000,9,-157.475,1282.42,8.74331,0.566
4660000,8,-142.88,1291.01,6.15871,0.551667
4680000,6,-129.437,1294.65,8.60514,0.553
4700000,6,-130.082,1292.18,3.71706,0.550158
4720000,12,-204.959,1304.69,15.8369,0.564
4740000,7,-138.146,1301.29,8.78302,0.541
4760000,14,-199.163,1298.53,16.2073,0.593
4780000,8,-142.62,1302.89,7.39443,0.581
4800000,9,-158.373,1297.21,9.36298,0.563273
4820000,9,-157.473,1301.56,10.4061,0.537
4840000,8,-147.338,1295.07,9.51525,0.531
4860000,6,-125.426,1297.99,3.46288,0.513
4880000,6,-123.396,1298.59,9.29815,0.51
4900000,14,-213.915,1293.84,11.668,0.604
4920000,7,-132.097,1295.77,12.5724,0.521
4940000,11,-180.655,1302.85,16.3618,0.576
4960000,9,-150.85,1292.26,14.1481,0.586
4980000,17,-242.512,1324.41,13.8459,0.592
5000000,11,-176.056,1305.21,11.585,0.584
5020000,6,-135.03,1296.84,5.85351,0.537333
5040000,10,-164.135,1290.14,9.62005,0.585
5060000,7,-134.704,1296.14,8.01886,0.554
5080000,8,-148.658,1308.15,12.6835,0.526
5100000,11,-183.019,1293.54,15.1265,0.59
5120000,8,-141.008,1290.27,7.70567,0.541545
5140000,8,-155.246,1301.56,8.64893,0.560833
5160000,14,-208.995,1298.36,19.0933,0.5694
5180000,15,-217.847,1301.14,19.3208,0.6205
5200000,10,-171.86,1304.02,14.0869,0.53
5220000,9,-163.643,1304.75,4.88668,0.565
5240000,10,-190.79,1309.39,7.80046,0.527
5260000,9,-156.471,1300.15,9.37409,0.6095
5280000,7,-141.36,1289.83,8.44098,0.453
5300000,9,-162.859,1302.9,8.77976,0.575879
5320000,6,-128.536,1299.84,11.0475,0.485
5340000,9,-147.006,1289.75,5.39296,0.556
5360000,10,-157.595,1279.85,12.8795,0.517
5380000,10,-172.423,1306.89,8.92029,0.558143
5400000,10,-180.422,1305.87,9.82391,0.538952
5420000,8,-145.819,1304.23,10.1522,0.535
5440000,12,-202.751,1308.62,10.8418,0.584
5460000,8,-138.217,1287.44,9.49767,0.572
5480000,7,-133.455,1285.22,6.15052,0.541
5500000,12,-186.013,1293.13,10.8661,0.578
5520000,9,-160.227,1303.19,7.57762,0.546
5540000,9,-166.031,1291.18,16.0953,0.5185
5560000,13,-205.526,1302.94,11.0224,0.552
5580000,9,-168.391,1319.58,8.32347,0.5485
5600000,7,-141.439,1304.08,11.5084,0.561
5620000,15,-215.848,1297.02,13.5498,0.59675
5640000,10,-177.024,1298.59,12.6065,0.591
5660000,9,-157.792,1286.78,10.4892,0.541
5680000,7,-130.328,1276.81,7.15584,0.519
5700000,7,-145.52,1299.03,15.5993,0.525
5720000,6,-130.041,1293.18,7.20361,0.521
5740000,6,-131.367,1299.42,5.93849,0.469
5760000,12,-194.77,1286.73,8.78631,0.594
5780000,8,-149.66,1303.32,9.31981,0.541231
5800000,13,-206.86,1296.44,12.0488,0.5588
5820000,5,-99.6188,1267.35,6.5643,0.533
5840000,7,-137.179,1304.8,7.24765,0.495
5860000,8,-137.902,1277.63,12.8809,0.579
5880000,7,-130.841,1285.32,7.91305,0.522
5900000,9,-156.594,1304.97,8.86528,0.507
5920000,6,-121.504,1276.9,5.68483,0.5522
5940000,6,-133.284,1288.61,8.54167,0.522
5960000,9,-157.369,1297.19,8.39303,0.581
5980000,8,-154.177,1307.51,13.7638,0.560714
6000000,7,-144.27,1303.37,9.05873,0.541
6020000,8,-158.025,1301.71,12.7153,0.557
6040000,8,-148.807,1293.73,10.4941,0.553
6060000,8,-143.425,1290.76,7.35511,0.494
6080000,8,-153.066,1293.92,5.63859,0.5245
6100000,14,-207.602,1293.96,10.9079,0.617
6120000,8,-146.772,1301.11,7.18678,0.582
6140000,9,-151.863,1289.75,7.65588,0.584
6160000,7,-143.628,1307.78,5.18402,0.528
6180000,18,-254.173,1297.52,16.8986,0.61
6200000,8,-148.133,1291.2,8.84163,0.522
6220000,6,-122.676,1285.67,6.31651,0.501
6240000,9,-150.624,1297.48,15.0981,0.559
6260000,8,-145.005,1300.56,9.8892,0.549111
6280000,8,-144.138,1295.95,4.32011,0.541
6300000,8,-145.14,1290.07,10.1468,0.512
6320000,9,-154.813,1287.53,6.83218,0.580667
6340000,7,-133.573,1305.95,5.84771,0.504
6360000,7,-136.977,1296.58,6.17587,0.525
6380000,10,-174.597,1300.78,8.21496,0.575176
6400000,9,-151.169,1294.72,6.14944,0.56775
6420000,8,-148.105,1294.36,8.07459,0.5515
6440000,7,-132.419,1294.64,5.97448,0.521
6460000,7,-129.488,1287.37,11.1805,0.508
6480000,12,-183.892,1290.07,14.3684,0.565125
6500000,7,-136.037,1286.06,8.82362,0.551
6520000,6,-115.227,1286.91,5.15895,0.566
6540000,10,-172.242,1305.29,7.30086,0.568273
6560000,8,-151.681,1296.6,9.02895,0.594
6580000,7,-127.661,1276.75,3.85127,0.539
6600000,9,-155.66,1281.44,13.0567,0.576
6620000,9,-149.777,1296.07,13.8419,0.588625
6640000,7,-135.303,1302.47,7.69747,0.583143
6660000,9,-150.981,1289.95,6.85081,0.525
6680000,8,-143.62,1302.94,11.539,0.554667
6700000,10,-159.919,1290.74,10.7452,0.558
6720000,5,-108.509,1286.32,7.90668,0.516
6740000,6,-117.612,1280.73,7.52534,0.5411
6760000,11,-183.569,1302.23,11.067,0.583667
6780000,6,-123.364,1288.02,11.0322,0.529
6800000,9,-154.109,1314.54,15.6598,0.56
6820000,10,-173.965,1297.79,12.235,0.591
6840000,8,-143.396,1297.78,9.6578,0.572
6860000,8,-147.528,1292.82,12.7302,0.595333
6880000,8,-148.766,1295.19,7.18496,0.533
6900000,10,-165.318,1306.64,12.1263,0.578
6920000,7,-140.141,1299.52,7.66862,0.578
6940000,11,-185.781,1299.42,10.6649,0.571
6960000,8,-151.698,1297.62,5.62233,0.547
6980000,8,-151.016,1293.9,6.21518,0.572
7000000,8,-146.532,1287.52,9.7848,0.582667
7020000,9,-154.752,1285.58,8.482,0.577
7040000,12,-191.746,1293.56,7.74357,0.56325
7060000,9,-152.183,1292.48,11.5208,0.569
7080000,10,-170.082,1297.57,10.7685,0.567
7100000,14,-225.527,1306.08,17.572,0.617
7120000,6,-130.312,1307.96,5.11796,0.547
7140000,7,-138.82,1303.97,10.5801,0.539
7160000,11,-183.611,1308.42,7.19871,0.568
7180000,9,-175.008,1312.86,6.77248,0.54
7200000,7,-149.282,1290.02,7.23378,0.552
7220000,9,-152.273,1296.96,11.2277,0.599
7240000,11,-210.883,1316.06,12.9605,0.549833
7260000,14,-218.584,1318.68,17.7151,0.572
7280000,9,-175.093,1309.9,7.48814,0.538
7300000,8,-154.268,1312.64,13.4617,0.517
7320000,10,-163.701,1300.97,13.2209,0.57
7340000,9,-171.444,1305.95,9.27013,0.575
7360000,9,-155.779,1305.11,5.95579,0.556
7380000,10,-168.123,1305.38,9.44994,0.558
7400000,7,-147.361,1303.29,11.9904,0.519333
7420000,7,-143.479,1301.66,10.4468,0.526
7440000,10,-166.104,1282.75,8.76206,0.535
7460000,11,-178.408,1291.08,11.9753,0.605
7480000,15,-217.108,1306.72,23.6406,0.596
7500000,7,-152.174,1314.76,8.11051,0.5522
7520000,14,-233.276,1306.46,11.1908,0.586
7540000,8,-151.955,1306.17,11.0582,0.522
7560000,8,-155.04,1297.16,10.1488,0.544333
7580000,10,-185.555,1332.45,5.9731,0.548
7600000,8,-150.364,1304.66,7.07363,0.578462
7620000,7,-133.108,1286.99,5.99853,0.557
7640000,8,-152.058,1295.95,7.68703,0.562208
7660000,11,-192.462,1302.91,10.3719,0.558
7680000,10,-178.698,1326.06,12.8276,0.554
7700000,9,-155.022,1294.12,6.764,0.565
7720000,8,-152.196,1307.97,5.63685,0.528333
7740000,17,-254.752,1293.1,19.3667,0.587286
7760000,6,-131.124,1296.99,9.21777,0.465
7780000,9,-156.02,1311.39,11.3008,0.5895
7800000,11,-174.817,1297.58,12.2395,0.597
7820000,9,-160.117,1307.58,8.0265,0.57
7840000,8,-145.706,1284.87,4.29906,0.5575
7860000,8,-144.19,1291.75,15.8593,0.585667
7880000,8,-147.814,1294.2,10.5005,0.534
7900000,14,-211.091,1308.22,9.81509,0.596
7920000,7,-143.475,1304.32,12.1298,0.509
7940000,9,-158.508,1306.93,11.3011,0.536
7960000,8,-142.515,1294.48,9.23767,0.557
7980000,9,-157.59,1315.12,12.5231,0.54
8000000,8,-163.757,1314.08,11.6353,0.532
8020000,10,-168.885,1309.94,20.5313,0.576
8040000,10,-180.157,1310.87,6.60062,0.561
8060000,11,-178.231,1313.26,13.6543,0.553
8080000,10,-166.491,1290.35,11.7855,0.565333
8100000,8,-139.67,1292.84,4.76237,0.515
8120000,9,-161.005,1302.52,17.5878,0.558667
8140000,9,-157.103,1300.65,7.37769,0.563
8160000,9,-159.782,1312.91,8.16403,0.5845
8180000,9,-175.732,1322.93,11.3911,0.528
8200000,10,-176.383,1303.79,10.0575,0.552
8220000,9,-155.8,1303.84,7.64717,0.553
8240000,9,-176.718,1307.14,7.11935,0.545
8260000,10,-181.532,1312.52,13.9193,0.536
8280000,8,-151.262,1302.72,5.74365,0.557
8300000,11,-171.065,1293.32,10.2875,0.568647
8320000,7,-139.215,1298.22,11.7226,0.533143
8340000,6,-121.014,1287.11,8.67441,0.529
8360000,9,-162.089,1313.48,15.4191,0.5336
8380000,10,-176.95,1308.33,13.4065,0.587
8400000,7,-144.771,1301.74,5.40775,0.528
8420000,11,-180.033,1292.59,11.899,0.550545
8440000,7,-134.58,1298.67,9.72024,0.524
8460000,11,-172.258,1304.86,9.97478,0.595
8480000,7,-142.846,1303.28,7.40388,0.57825
8500000,9,-167.46,1302.14,15.3778,0.528
8520000,9,-152.31,1278.06,6.57926,0.5615
8540000,8,-148.352,1305.41,3.24891,0.525
8560000,7,-136.932,1291.4,8.25338,0.51
8580000,10,-159.067,1288.82,12.3076,0.545857
8600000,7,-133.977,1279.66,8.85499,0.5686
8620000,9,-162.447,1299.73,6.94457,0.576
8640000,7,-145.16,1295.35,10.2955,0.549308
8660000,13,-202.091,1304.78,16.7049,0.589
8680000,9,-144.107,1282.33,11.3779,0.572259
8700000,13,-190.228,1289.01,11.3639,0.561778
8720000,11,-181.78,1305.73,10.4726,0.569
8740000,10,-165.984,1290.24,15.6376,0.555162
8760000,6,-125.83,1294.45,7.20344,0.549
8780000,8,-155.72,1306.32,7.45209,0.591235
8800000,14,-211.086,1301.61,14.2218,0.598
8820000,7,-134.386,1306.15,7.38755,0.538
8840000,6,-127.815,1290.88,8.21336,0.53
8860000,13,-201.284,1301.75,12.9487,0.577308
8880000,6,-119.607,1281.22,4.18803,0.52975
8900000,11,-187.307,1309.27,10.497,0.572889
8920000,10,-166.792,1310.15,14.8025,0.54675
8940000,7,-128.568,1280.05,5.4257,0.516
8960000,6,-134.575,1290.34,3.40579,0.5455
8980000,11,-176.77,1295.39,20.593,0.551524
9000000,5,-111.4,1283.35,3.40562,0.487
9020000,8,-149.88,1298.7,8.66211,0.564
9040000,6,-127.116,1285.14,4.4313,0.562
9060000,7,-130.071,1279.72,13.4305,0.53
9080000,8,-146.459,1306.57,18.0563,0.555
9100000,5,-117.843,1284.38,7.83883,0.49625
9120000,6,-123.15,1288.73,4.44712,0.541
9140000,9,-157.373,1299.08,11.135,0.595
9160000,9,-153.478,1291.24,7.71136,0.556
9180000,11,-180.081,1316.68,14.9147,0.560857
9200000,5,-119.152,1293.73,3.46855,0.496
9220000,8,-135.605,1298.25,9.05377,0.569
9240000,6,-130.161,1288.73,3.44399,0.465
9260000,12,-194.123,1309.99,10.3426,0.577833
9280000,7,-132.169,1299.76,13.5304,0.525
9300000,6,-134.593,1295.63,6.55992,0.486
9320000,10,-168.808,1293.87,12.6408,0.58775
9340000,9,-153.318,1292.67,8.03947,0.559
9360000,11,-177.707,1301.48,8.26665,0.592
9380000,7,-138.267,1295.88,6.69991,0.5904
9400000,8,-152.412,1297.26,7.36638,0.548
9420000,8,-163.82,1303.52,6.08991,0.547
9440000,14,-212.951,1302.46,11.2461,0.566889
9460000,12,-197.982,1302.85,26.7309,0.601
9480000,7,-135.998,1298.27,4.11122,0.517
9500000,15,-223.131,1291.54,13.8125,0.572
9520000,6,-124.692,1299.82,9.26159,0.498
9540000,8,-151.856,1308.33,7.2081,0.59
9560000,7,-130.535,1299.11,10.567,0.552
9580000,8,-146.733,1305.17,5.14933,0.536667
9600000,6,-128.082,1295.5,3.32725,0.513
9620000,8,-154.2,1312.46,13.0457,0.542
9640000,9,-163.082,1297.93,10.6207,0.565
9660000,9,-162.601,1302.2,7.5917,0.571
9680000,8,-140.588,1287.52,6.65854,0.526
9700000,11,-193.14,1297.9,10.6165,0.555481
9720000,8,-150.004,1297.66,7.11128,0.513
9740000,7,-140.572,1303.03,6.43178,0.541
9760000,10,-166.818,1293.07,15.8761,0.554
9780000,7,-131.385,1285.82,11.7087,0.568667
9800000,12,-181.141,1298.33,16.3068,0.588
9820000,8,-141.981,1295.61,7.83261,0.531
9840000,6,-124.457,1286.06,6.87722,0.524
9860000,6,-127.046,1305.32,3.86606,0.516
9880000,8,-154.26,1292.19,9.91466,0.5549
9900000,11,-191.067,1303.43,10.9169,0.563556
9920000,11,-178.991,1290.46,7.46937,0.600667
9940000,13,-203.496,1278.22,12.9128,0.581
9960000,9,-149.753,1303.59,10.5186,0.587
9980000,7,-138.631,1294.28,8.32559,0.5582
10000000,12,-187.907,1290.65,11.6159,0.561333
10020000,8,-135.819,1293.98,9.76001,0.558
10040000,6,-136.009,1305.63,7.29607,0.552
10060000,9,-158.28,1290.02,9.43651,0.586
10080000,7,-131.605,1300.44,5.67508,0.537
10100000,9,-162.76,1300.39,13.3495,0.5415
10120000,8,-147.187,1293.8,8.40942,0.566
10140000,11,-185.591,1310.2,10.1291,0.556
10160000,7,-142.79,1295.81,8.80741,0.56
10180000,9,-156.212,1274.06,14.403,0.51875
10200000,12,-192.931,1297.56,13.0901,0.587
10220000,6,-126.162,1299.87,7.08189,0.511
10240000,5,-110.406,1279.7,7.67585,0.527
10260000,6,-132.462,1298.5,8.11629,0.48
10280000,8,-143.075,1299.53,7.45412,0.566
10300000,8,-148.552,1288.22,5.75018,0.523429
10320000,7,-132.543,1287.77,9.04042,0.549
10340000,6,-130.737,1309.88,11.8877,0.561
10360000,8,-141.884,1295.44,15.1809,0.553
10380000,10,-167.301,1297.48,9.12714,0.593
10400000,6,-118.751,1281.67,8.24144,0.518
10420000,7,-132.565,1282.89,4.04182,0.572
10440000,9,-158.91,1299.52,9.63889,0.56
10460000,8,-144.731,1298.54,4.84549,0.54
10480000,7,-135.258,1282.7,14.8803,0.574
10500000,12,-190.673,1296.16,15.1081,0.573
10520000,9,-156.553,1298.16,12.5145,0.618
10540000,9,-154.532,1301.02,11.1777,0.582
10560000,9,-155.769,1307.57,5.16641,0.535
10580000,9,-156.569,1282.89,11.8338,0.554
10600000,6,-124.113,1305.14,6.22926,0.493
10620000,6,-127.321,1288.85,6.46421,0.496
10640000,8,-141.233,1297.04,9.19725,0.558
10660000,13,-197.368,1276.7,11.5631,0.5664
10680000,6,-131.302,1296.85,7.93448,0.527
10700000,8,-147.681,1291.48,15.0668,0.552375
10720000,8,-154.49,1300.84,6.32997,0.537333
10740000,8,-142.405,1291.01,5.35812,0.589
10760000,10,-158.41,1301.75,12.3758,0.561286
10780000,7,-140.665,1301.52,4.98791,0.554235
10800000,16,-238.578,1295.8,7.23781,0.587
10820000,11,-177.454,1296.37,12.7062,0.577
10840000,8,-145.387,1304.22,8.05589,0.597
10860000,15,-222.296,1313.72,19.0532,0.598059
10880000,8,-149.325,1290.33,8.50615,0.579
10900000,14,-205.297,1298.06,17.2788,0.598
10920000,6,-118.487,1297.64,4.60088,0.5475
10940000,6,-124.464,1293.13,4.75062,0.477
10960000,7,-142.041,1293.1,6.2164,0.529
10980000,8,-155.411,1287.49,5.62659,0.516
11000000,10,-164.058,1305.14,12.3277,0.552
11020000,10,-173.934,1306.56,12.8205,0.588
11040000,6,-118.227,1291.35,8.76218,0.525
11060000,12,-196.973,1293.2,12.6076,0.591
11080000,9,-154.828,1298.99,20.342,0.576
11100000,6,-127.234,1298.6,6.13015,0.506
11120000,6,-127.488,1300.75,11.5264,0.464
11140000,9,-153.306,1302.32,12.6505,0.550417
11160000,7,-132.27,1299.33,8.32626,0.55785
11180000,8,-156.633,1301.31,10.5089,0.555
11200000,6,-125.636,1283.91,3.1981,0.484
11220000,6,-123.134,1271.94,3.2506,0.570588
11240000,10,-169.598,1272.71,16.3404,0.5192
11260000,11,-179.896,1278.95,15.8048,0.566
11280000,8,-142.124,1291.36,8.26064,0.552
11300000,8,-152.445,1299.79,7.8911,0.549
11320000,10,-173.652,1297.31,11.1171,0.547714
11340000,10,-157.89,1280.39,9.34614,0.535
11360000,8,-141.912,1298.32,11.9276,0.537
11380000,11,-167.583,1283.41,8.9028,0.58
11400000,10,-183.385,1303.85,8.3943,0.555
11420000,10,-171.073,1294.94,7.5701,0.562
11440000,9,-152.399,1288.3,10.0015,0.5616
11460000,6,-122.223,1282.35,12.0533,0.542
11480000,9,-151.778,1289.56,7.08031,0.547
11500000,9,-153.511,1302.56,7.06061,0.58225
11520000,7,-135.403,1296.63,9.32746,0.484
11540000,8,-149.723,1309.13,8.47188,0.546
11560000,5,-115.104,1291.53,7.77416,0.491
11580000,11,-177.115,1305.45,10.9702,0.5895
11600000,9,-149.338,1298.47,11.0575,0.578
11620000,8,-143.557,1290.71,7.35859,0.533
11640000,6,-120.397,1302.96,6.04004,0.5405
11660000,10,-168.996,1304.17,11.063,0.5475
11680000,9,-161.733,1296.97,10.1728,0.571
11700000,16,-240.322,1295.08,14.3113,0.593538
11720000,11,-164.757,1288.16,12.2791,0.5655
11740000,8,-142.247,1275.29,9.37105,0.555
11760000,9,-160.54,1303.39,7.76925,0.511667
11780000,10,-169.68,1288.72,12.6608,0.597833
11800000,8,-152.411,1299.73,9.39661,0.519
11820000,9,-150.717,1285.35,6.76175,0.58
11840000,6,-125.616,1292.38,6.88309,0.493
11860000,5,-105.405,1273.1,4.21108,0.543
11880000,8,-160.08,1305.16,9.27728,0.55
11900000,8,-141.685,1301.62,11.7747,0.571
11920000,10,-169.07,1304.85,13.3878,0.539
11940000,10,-166.41,1311.21,7.33659,0.566
11960000,13,-211.562,1294.4,16.3276,0.556235
11980000,10,-163.691,1283.14,12.2317,0.6
12000000,10,-167.75,1286.81,10.1797,0.555
12020000,9,-158.365,1290.84,8.80452,0.586
12040000,8,-142.51,1276.47,10.935,0.568
12060000,8,-151.489,1286.83,7.46505,0.547
12080000,9,-158.807,1299.53,14.8549,0.576
12100000,5,-114.086,1284.46,6.28962,0.581
12120000,9,-151.018,1286.35,13.0696,0.528
12140000,6,-119.173,1280.39,3.15759,0.509
12160000,8,-148.429,1290.47,13.3249,0.584
12180000,8,-153.052,1289.58,8.22637,0.57
12200000,11,-182.737,1266.35,13.8211,0.596
12220000,7,-133.989,1291.2,5.3447,0.593
12240000,8,-148.01,1287.54,9.9746,0.545
12260000,11,-184.917,1305.18,9.3649,0.585478
12280000,7,-144.884,1300.76,8.49129,0.5424
12300000,6,-123.15,1287.93,2.59105,0.478
12320000,9,-160.908,1300.94,6.77006,0.55725
12340000,10,-165.74,1289.76,10.6547,0.557833
12360000,11,-184.941,1300.1,18.6036,0.57
12380000,9,-159.584,1281.8,12.0258,0.569926
12400000,7,-139.254,1297.41,7.15706,0.481
12420000,6,-126.88,1300.99,6.88563,0.521
12440000,7,-137.212,1294.67,9.7465,0.561
12460000,10,-172.207,1300.45,10.5884,0.570333
12480000,8,-150.642,1308.08,9.39392,0.537
12500000,8,-148.755,1291.87,10.4014,0.602
12520000,13,-209.798,1299.15,18.1765,0.578875
12540000,10,-171.917,1294.56,8.32039,0.565882
12560000,8,-150.586,1295.14,7.32559,0.539
12580000,8,-152.486,1308.97,12.2545,0.556
12600000,8,-145.738,1286.86,6.40855,0.5475
12620000,9,-165.115,1306.43,12.7955,0.53675
12640000,7,-140.186,1295.64,10.6953,0.566
12660000,9,-154.265,1291.57,8.32182,0.56125
12680000,9,-146.943,1282.56,6.66122,0.57625
12700000,8,-143.068,1298.14,10.4114,0.5604
12720000,8,-144.999,1291.61,6.90667,0.52475
12740000,8,-144.443,1301.68,6.34273,0.539
12760000,11,-183.519,1320.14,20.0133,0.549
12780000,7,-148.357,1309.57,3.94001,0.59425
12800000,4,-107.58,1280.07,4.74143,0.52019
12820000,10,-173.843,1304,10.3927,0.56225
12840000,6,-128.019,1271.99,12.8372,0.50575
12860000,8,-162.383,1301.56,8.07885,0.553
12880000,7,-136.082,1308.23,4.90737,0.5816
12900000,7,-139.552,1307.15,11.0595,0.552
12920000,11,-183.516,1283.76,14.7313,0.5912
12940000,6,-120.645,1295.51,6.16902,0.529
12960000,11,-168.563,1301.57,12.9009,0.568273
12980000,12,-195.853,1319.47,12.1983,0.617
13000000,6,-127.131,1288.68,7.3948,0.555667
13020000,7,-130.025,1292.92,7.18262,0.525
13040000,11,-186.627,1307.01,19.25,0.541
13060000,7,-140.071,1300.94,9.586,0.573
13080000,10,-172.76,1312.57,12.7457,0.5605
13100000,6,-121.461,1292.6,5.90613,0.528
13120000,7,-136.194,1303.44,9.43282,0.5535
13140000,7,-133.35,1286.15,7.72951,0.526
13160000,10,-172.737,1301.25,13.0458,0.589
13180000,6,-128.112,1303.32,4.19091,0.57
13200000,8,-142.979,1306.13,6.02876,0.514
13220000,7,-145.571,1318.58,3.15631,0.582
13240000,7,-135.347,1309.38,8.56455,0.505
13260000,9,-156.599,1295.62,4.37116,0.571833
13280000,9,-162.951,1312.11,8.23873,0.575
13300000,9,-161.854,1306.96,15.8502,0.578
13320000,8,-145.368,1301.16,6.58408,0.543167
13340000,8,-157.631,1309.19,12.6811,0.527
13360000,9,-156.221,1293.09,15.4474,0.5575
13380000,8,-156.737,1312.64,6.08638,0.5458
13400000,8,-149.178,1305.23,8.22456,0.555
13420000,9,-159.927,1295.37,10.907,0.56
13440000,6,-128.59,1307.52,8.43311,0.521
13460000,9,-158.65,1311.37,9.18244,0.545143
13480000,6,-128.284,1307.99,5.38398,0.544333
13500000,9,-155.218,1303.01,4.17178,0.541
13520000,9,-161.925,1296.58,7.34311,0.541
13540000,7,-135.269,1286.54,8.9319,0.578
13560000,10,-167.5,1299.56,11.1693,0.5452
13580000,7,-136.996,1290.02,3.78022,0.57
13600000,11,-185.823,1301.47,6.67271,0.582
13620000,14,-216.428,1296.08,10.4122,0.59
13640000,5,-114.403,1283.42,1.94938,0.446
13660000,4,-113.953,1279.2,8.51736,0.478
13680000,9,-158.359,1308.87,10.7524,0.560667
13700000,9,-156.698,1294.09,12.152,0.577
13720000,10,-165.869,1283.63,2.66041,0.561125
13740000,9,-166.688,1302.44,8.3838,0.5774
13760000,10,-175.325,1307.15,12.1968,0.570438
13780000,8,-147.532,1301.25,9.74838,0.536
13800000,9,-159.192,1305.31,14.2064,0.589667
13820000,13,-199.611,1307.51,15.1204,0.5895
13840000,7,-137.746,1290.92,6.73886,0.545
13860000,5,-123.56,1295.93,6.75116,0.479
13880000,10,-166.013,1295.74,8.41167,0.562941
13900000,10,-175.006,1292.01,6.34721,0.536
13920000,8,-144.42,1282.57,9.32694,0.5389
13940000,8,-147.172,1307.17,6.85052,0.551562
13960000,7,-128.697,1276.96,6.1473,0.551
13980000,6,-119.601,1280.37,4.511,0.516
14000000,8,-157.071,1283.87,9.21597,0.533
14020000,5,-111.05,1285.97,9.4904,0.481
14040000,10,-173.056,1313.28,13.3712,0.569
14060000,14,-207.164,1310.15,19.1977,0.560333
14080000,7,-132.819,1301.72,7.95749,0.566
14100000,6,-129.823,1294.76,2.49667,0.526333
14120000,12,-190.672,1298.11,5.19349,0.580083
14140000,6,-128.813,1289.92,5.34837,0.56185
14160000,10,-167.942,1293.1,13.8178,0.565
14180000,12,-179.765,1289.71,10.7053,0.587
14200000,9,-168.418,1295.28,12.6646,0.536
14220000,6,-133.733,1288.32,7.77289,0.534
14240000,9,-158.14,1290.01,13.1263,0.569
14260000,14,-212.739,1307.6,15.4668,0.593
14280000,10,-161.434,1285.49,16.2922,0.574
14300000,6,-129.545,1287.65,2.52719,0.55
14320000,8,-149.996,1299.14,12.4436,0.532
14340000,7,-143.905,1296.59,3.68638,0.5396
14360000,9,-155.376,1288.43,8.49134,0.56675
14380000,9,-152.17,1287.94,7.35409,0.5555
14400000,8,-157.231,1306.16,6.15858,0.551
14420000,5,-107.95,1287.42,6.50261,0.506
14440000,7,-134.876,1287.23,7.682,0.564
14460000,6,-116.83,1285.14,5.07659,0.498
14480000,7,-130.873,1290.22,9.97703,0.506
14500000,5,-110.071,1283.73,10.0561,0.553
14520000,11,-173.881,1296.74,12.4198,0.613
14540000,9,-160.883,1297.9,10.7714,0.527
14560000,10,-168.654,1302.65,12.1214,0.573667
14580000,8,-142.369,1293.42,10.5903,0.551
14600000,8,-151.564,1300.39,12.6444,0.516
14620000,10,-166.564,1297.99,7.71739,0.57775
14640000,7,-130.45,1298.33,19.3247,0.517
14660000,12,-191.025,1313.74,12.4518,0.5513
14680000,10,-165.744,1310.82,11.8798,0.592
14700000,9,-155.237,1304.39,10.3042,0.593
14720000,10,-159.8,1297.81,10.1242,0.565
14740000,7,-142.04,1310.44,6.48118,0.521
14760000,7,-140.924,1308.62,9.70121,0.518
14780000,8,-147.525,1289.67,9.38278,0.565
14800000,9,-158.398,1301.39,9.86343,0.577667
14820000,7,-132.052,1299.26,5.11784,0.514
14840000,8,-148.271,1296.96,10.918,0.561125
14860000,9,-162.401,1308.74,7.95637,0.581429
14880000,8,-140.885,1290.66,7.81131,0.532
14900000,8,-152.952,1297.22,7.18398,0.541
14920000,12,-190.853,1300.7,15.0433,0.577
14940000,9,-159.34,1304.84,9.88098,0.593
14960000,6,-113.68,1280.59,5.57193,0.52875
14980000,10,-176.172,1284.98,15.9068,0.56
15000000,6,-121.898,1274.46,10.4881,0.515
15020000,5,-112.967,1283.52,4.49708,0.545333
15040000,10,-171.694,1301.47,7.53733,0.589333
15060000,9,-158.93,1287.93,8.21876,0.625
15080000,10,-170.352,1292.7,4.39069,0.53
15100000,8,-151.249,1303.8,10.7074,0.568
15120000,7,-136.438,1313.24,4.72075,0.558
15140000,9,-158.094,1311.76,5.60503,0.586
15160000,10,-164.651,1288.86,6.31571,0.558
15180000,7,-133.097,1303.02,8.08621,0.5675
15200000,9,-162.014,1286.97,16.9014,0.534
15220000,8,-140.656,1283.74,6.4881,0.542333
15240000,8,-136.011,1274.32,7.65307,0.578
15260000,5,-114.907,1294.03,11.4664,0.46
15280000,8,-155.065,1295.21,6.12018,0.562
15300000,8,-150.055,1310.46,11.055,0.553125
15320000,6,-123.193,1287.74,6.70192,0.537455
15340000,8,-154.761,1302.56,7.98523,0.565
15360000,6,-127.873,1295.16,8.66329,0.523
15380000,6,-130.6,1292.9,5.13838,0.519
15400000,7,-138.137,1297.89,8.99159,0.565
15420000,6,-130.966,1301.87,3.91652,0.554667
15440000,11,-175.916,1285.67,14.8079,0.568667
15460000,6,-125.589,1290.97,4.63152,0.506
15480000,9,-152.599,1287.19,6.39594,0.537
15500000,7,-138.567,1298.87,8.09153,0.506
15520000,8,-151.161,1292.28,7.38083,0.552
15540000,7,-123.323,1276.51,9.03743,0.592
15560000,7,-128.281,1280.59,4.79135,0.5284
15580000,5,-121.328,1293.29,12.2471,0.516
15600000,8,-153.892,1303.89,10.8594,0.562
15620000,8,-146.204,1290.72,3.18493,0.56775
15640000,9,-150.638,1289.36,13.8927,0.575857
15660000,6,-127.539,1297.63,7.98554,0.5462
15680000,11,-179.802,1302.08,9.10728,0.594
15700000,6,-118.967,1270.73,8.72173,0.492
15720000,7,-136.704,1293.27,5.89271,0.541
15740000,8,-146.869,1294.55,5.55849,0.546
15760000,9,-163.407,1308.55,8.61552,0.54
15780000,11,-178.343,1297.73,20.028,0.567333
15800000,10,-161.468,1284.01,10.1471,0.578
15820000,9,-154.287,1278.22,7.87701,0.559
15840000,12,-202.868,1305.25,13.5521,0.617
15860000,11,-175.419,1288.96,8.60691,0.59
15880000,7,-130.467,1291.83,4.95487,0.553
15900000,8,-142.083,1294.43,12.6139,0.568
15920000,4,-107.691,1277.82,5.33826,0.481
15940000,7,-126.683,1294.1,4.36949,0.544
15960000,9,-156.003,1294.96,6.00124,0.556
15980000,9,-163.559,1311.11,7.27401,0.573
16000000,8,-146.126,1284.18,4.28504,0.575667
16020000,6,-118.86,1285.23,7.7062,0.544
16040000,10,-171.419,1282.1,9.69675,0.589
16060000,8,-151.383,1297.56,6.36455,0.548
16080000,9,-174.912,1319.94,10.206,0.5645
16100000,6,-130.018,1289.63,6.39171,0.497
16120000,6,-126.222,1294.2,4.00073,0.512
16140000,7,-137.969,1299.07,10.2443,0.555
16160000,9,-158.064,1293.5,9.60499,0.561615
16180000,8,-155.031,1319.03,12.746,0.560333
16200000,5,-113.734,1292.87,3.20311,0.474
16220000,8,-154.954,1302.3,12.4319,0.522
16240000,7,-135.99,1301.84,3.95238,0.542
16260000,8,-139.77,1282.85,10.4853,0.515
16280000,10,-161.37,1296.33,12.251,0.55
16300000,9,-155.689,1301.22,10.0204,0.563
16320000,12,-177.266,1291.64,11.0141,0.61
16340000,13,-199.548,1294.66,13.3309,0.614
16360000,11,-175.336,1303.72,12.7656,0.576
16380000,10,-179.146,1297.28,10.281,0.576667
16400000,6,-125.933,1302.99,2.92948,0.531
16420000,6,-129.802,1296.64,8.16174,0.504
16440000,7,-136.584,1305.21,5.31441,0.5996
16460000,7,-140.425,1296.58,9.02689,0.527286
16480000,6,-129.408,1287.51,5.50208,0.517
16500000,9,-163.34,1290.73,4.67543,0.562
16520000,10,-171.658,1298.11,12.3475,0.551
16540000,7,-133.597,1297.63,8.43358,0.503
16560000,5,-121.696,1297.15,4.06944,0.452
16580000,10,-170.201,1308.87,10.8651,0.56075
16600000,12,-188.986,1308.82,14.7501,0.574
16620000,13,-210.188,1306.66,14.0108,0.55275
16640000,11,-184.085,1303.45,9.32456,0.576286
16660000,8,-147.055,1298.52,11.2919,0.57
16680000,10,-170.212,1314.58,16.539,0.5732
16700000,7,-135.572,1293.16,7.18319,0.534
16720000,10,-170.679,1312.96,12.8143,0.567
16740000,7,-129.065,1294.59,9.25449,0.527
16760000,6,-116.216,1286.48,5.92119,0.443
16780000,8,-143.424,1306.43,4.65316,0.526
16800000,14,-207.463,1298.46,10.4603,0.565
16820000,5,-112.435,1293.76,2.58159,0.5
16840000,10,-161.663,1298.42,5.6513,0.5615
16860000,7,-142.729,1306.13,8.51122,0.555667
16880000,9,-151.152,1292.29,4.54714,0.573
16900000,8,-142.983,1293.58,5.1701,0.557
16920000,7,-138.081,1299.94,6.54933,0.528
16940000,12,-199.711,1311.45,19.0378,0.61
16960000,7,-133.065,1295.64,8.17094,0.556
16980000,6,-121.595,1291.83,5.74421,0.567917
17000000,7,-142.826,1297.73,10.8711,0.548
17020000,6,-127.548,1289.67,4.18021,0.54025
17040000,7,-129.819,1285.17,10.5158,0.529
17060000,5,-121.198,1295.09,4.98533,0.5
17080000,9,-161.338,1307.16,11.4333,0.542
17100000,12,-197.125,1312.21,9.89305,0.5699
17120000,5,-113.101,1286.36,7.24489,0.525
17140000,7,-138.478,1316.22,5.62374,0.507
17160000,7,-132.048,1285.25,9.64264,0.494
17180000,8,-151.34,1302.03,7.41668,0.535
17200000,11,-171.463,1290.91,10.3478,0.585333
17220000,7,-133.371,1298.74,10.3227,0.505
17240000,8,-138.659,1280.94,7.01227,0.557
17260000,11,-177.323,1316.64,10.6048,0.594
17280000,13,-200.255,1304.62,13.6736,0.595
17300000,11,-178.1,1299.69,11.5327,0.583
17320000,6,-125.71,1290.16,7.05048,0.507
17340000,7,-132.093,1301.25,6.38294,0.546
17360000,6,-126.773,1282.58,4.15068,0.503
17380000,9,-158.626,1295.58,7.13905,0.5365
17400000,10,-167.776,1305.25,10.585,0.554
17420000,7,-127.794,1290.07,8.82045,0.528
17440000,12,-192.016,1281.67,17.3457,0.588469
17460000,7,-146.89,1308.59,3.96284,0.566286
17480000,7,-142.803,1307.05,5.56719,0.525
17500000,16,-252.291,1318.19,16.4908,0.588625
17520000,6,-119.222,1296.47,5.64425,0.503
17540000,9,-145.761,1281.5,7.31602,0.507
17560000,8,-147.057,1295.17,7.03056,0.495
17580000,5,-106.018,1282.17,6.41444,0.487
17600000,8,-152.165,1284.61,6.20659,0.559
17620000,7,-138.757,1284.67,10.0284,0.503
17640000,13,-199.948,1308.77,8.85199,0.601
17660000,9,-159.398,1298.42,9.4519,0.573
17680000,10,-170.392,1303.27,11.0733,0.538818
17700000,5,-118.549,1294.3,3.86614,0.49
17720000,7,-134.336,1299.96,6.19066,0.52
17740000,9,-166.697,1313.7,9.81576,0.554414
17760000,10,-175.767,1304.64,13.6064,0.607
17780000,8,-143.836,1289.55,6.84236,0.522
17800000,13,-195.47,1284.84,13.4732,0.591
17820000,7,-136.015,1302.59,4.28886,0.567333
17840000,6,-127.811,1291.57,9.27629,0.524
17860000,6,-126.339,1298.44,7.41188,0.564
17880000,8,-146.598,1306.88,11.4705,0.537
17900000,7,-132.69,1289.84,13.1771,0.518
17920000,15,-233.25,1318.03,14.4963,0.572
17940000,6,-123.645,1294.19,3.47671,0.53
17960000,10,-158.132,1300.66,7.20728,0.591
17980000,6,-120.946,1276.94,13.153,0.51
18000000,9,-165.67,1320.15,11.756,0.557
18020000,12,-187.073,1304.31,11.2017,0.572
18040000,6,-122.824,1284.14,6.5378,0.52
18060000,8,-151.527,1304.4,13.8379,0.576591
18080000,8,-152.182,1303.92,12.7679,0.546
18100000,11,-180.215,1319.19,13.08,0.593
18120000,11,-180.452,1303.67,9.70043,0.555
18140000,16,-229.059,1312.97,15.5612,0.599333
18160000,6,-122.725,1296.01,10.5717,0.562
18180000,8,-149.385,1292.14,13.1435,0.528
18200000,6,-132.403,1313.21,2.3294,0.525
18220000,8,-144.155,1292.49,6.94721,0.58
18240000,7,-149.852,1317.61,4.84341,0.51
18260000,9,-153.14,1292.81,10.0395,0.550571
18280000,8,-141.556,1288.17,13.8939,0.547
18300000,6,-126.519,1306.35,6.87577,0.542
18320000,6,-122.482,1282.29,8.4464,0.551333
18340000,6,-119.523,1287.1,8.54007,0.512
18360000,10,-173.725,1303.85,12.6859,0.588267
18380000,10,-186.656,1313.37,10.8403,0.576
18400000,9,-168.311,1297.03,14.6111,0.569
18420000,9,-159.603,1293.79,8.14411,0.599
18440000,8,-140.344,1298.44,7.86771,0.555
18460000,8,-141.97,1261.06,9.07376,0.5232
18480000,7,-137.139,1290.64,4.5158,0.507
18500000,10,-180.935,1310.42,10.8388,0.54
18520000,10,-182.806,1321.78,10.27,0.56175
18540000,13,-202.594,1309.08,11.1163,0.551
18560000,8,-153.439,1311.57,14.2075,0.538
18580000,8,-148.801,1303.56,7.2386,0.53
18600000,9,-152.913,1295.16,8.62024,0.593
18620000,10,-167.125,1293.14,7.67064,0.58
18640000,7,-136.43,1301.08,7.53379,0.552
18660000,10,-167.42,1299.14,9.55111,0.552
18680000,6,-119.647,1275.33,5.72966,0.514
18700000,7,-146.78,1318.01,10.3636,0.561
18720000,8,-153.295,1311.81,7.18475,0.567586
18740000,8,-144.687,1302.11,11.2549,0.5355
18760000,9,-158.911,1295.29,11.542,0.58
18780000,15,-230.275,1281.09,16.8943,0.564429
18800000,13,-210.601,1322.9,15.9917,0.596
18820000,9,-173.591,1301.94,11.2547,0.552
18840000,12,-190.216,1298.24,20.5252,0.594222
18860000,7,-129.403,1274.82,8.16277,0.553
18880000,6,-125.581,1287.7,5.77597,0.521
18900000,12,-193.573,1297.67,17.0175,0.573
18920000,9,-163.893,1317.48,10.2268,0.52325
18940000,14,-210.432,1307.04,11.0077,0.56395
18960000,7,-142.251,1299.76,9.50672,0.5942
18980000,8,-147.951,1306.88,7.90478,0.521
19000000,10,-162.726,1305.4,7.88897,0.545
19020000,9,-162.701,1302.35,10.5175,0.560333
19040000,7,-140.587,1308.77,8.78921,0.525
19060000,8,-140.564,1283.89,6.88828,0.595
19080000,7,-136.004,1308.49,8.73042,0.526
19100000,10,-170.126,1295.7,12.3915,0.547
19120000,14,-228.989,1308.95,19.8516,0.547
19140000,10,-177.746,1300.43,7.44807,0.537
19160000,12,-195.618,1318.22,15.3722,0.558
19180000,10,-162.155,1292.43,9.32248,0.562667
19200000,10,-177.912,1302.37,11.087,0.572
19220000,7,-139.396,1297.02,6.54381,0.517
19240000,9,-163.337,1314.53,11.1428,0.562071
19260000,10,-173.64,1309.96,10.5265,0.577429
19280000,7,-136.052,1298.63,10.8085,0.566
19300000,11,-173.124,1284.96,18.1651,0.565923
19320000,5,-107.47,1281.35,3.90811,0.497
19340000,7,-127.876,1288.51,7.15867,0.5746
19360000,12,-196.692,1313.93,16.6011,0.613
19380000,12,-199.866,1306.43,15.6484,0.571471
19400000,11,-185.496,1314.25,8.17791,0.563125
19420000,6,-131.421,1311.64,7.84343,0.502
19440000,10,-177.084,1299.1,9.74556,0.571
19460000,8,-138.52,1280.5,14.3142,0.544
19480000,11,-181.411,1312.29,13.4105,0.548
19500000,8,-139.446,1285.52,10.6302,0.584
19520000,9,-155.775,1301.19,13.064,0.5345
19540000,13,-203.894,1306.04,17.285,0.603
19560000,8,-145.577,1300.31,8.44357,0.535
19580000,6,-128.667,1297.42,11.0005,0.528
19600000,7,-133.873,1292.81,3.33081,0.516
19620000,10,-170.837,1303.25,9.66404,0.563875
19640000,11,-178.749,1299.62,10.3618,0.59
19660000,9,-163.046,1311.64,9.17418,0.534
19680000,8,-142.141,1280.11,13.0203,0.56
19700000,6,-124.891,1295.09,5.66798,0.51
19720000,5,-110.042,1284.96,4.46681,0.533
19740000,10,-166.354,1299.29,11.8977,0.591
19760000,9,-164.107,1307.49,10.5696,0.571087
19780000,8,-151.919,1285.34,5.23008,0.533091
19800000,7,-142.349,1302.68,5.4238,0.569357
19820000,8,-150.871,1301.19,8.56535,0.567
19840000,8,-148.829,1300.66,8.01157,0.558486
19860000,9,-156.274,1297.89,6.366,0.59
19880000,12,-180.651,1295.04,18.6359,0.57871
19900000,15,-224.736,1306.4,9.17735,0.607
19920000,7,-126.578,1293.62,9.5055,0.54
19940000,7,-135.204,1295.5,8.60327,0.519
19960000,7,-131.134,1284.24,8.42278,0.53656
19980000,5,-112.979,1287.71,6.16436,0.485
20000000,11,-168.791,1286.68,12.3601,0.549333
20020000,9,-162.947,1291.16,5.95907,0.571
20040000,11,-167.733,1290.24,17.7929,0.569
20060000,9,-161.78,1299.82,11.2176,0.58
20080000,7,-142.623,1303.53,7.52183,0.515
20100000,7,-133.571,1300.38,7.7079,0.577111
20120000,9,-162.097,1309.86,9.09022,0.564167
20140000,8,-140.262,1291.61,7.18301,0.53
20160000,7,-142.573,1282.91,11.8436,0.515
20180000,6,-118.676,1285.21,7.53181,0.523
20200000,6,-122.476,1277.16,5.36659,0.523
20220000,7,-130.738,1290.52,5.82344,0.523
20240000,8,-148.057,1301.44,8.00132,0.5385
20260000,10,-171.258,1295.55,10.0184,0.551
20280000,5,-114.727,1271.03,3.70727,0.54225
20300000,7,-126.463,1271.48,12.312,0.539
20320000,5,-113.311,1281.06,4.05129,0.54
20340000,9,-160.829,1306.48,11.1593,0.531667
20360000,5,-122.358,1269.67,6.22341,0.546643
20380000,6,-119.777,1284.92,10.6998,0.563
20400000,11,-178.354,1302.65,13.3077,0.580083
20420000,13,-201.773,1307.85,8.0163,0.5985
20440000,8,-151.237,1312.04,8.41348,0.505
20460000,12,-192.014,1279.03,9.87155,0.608
20480000,6,-135.015,1295.91,5.05353,0.46
20500000,9,-157.209,1285.87,14.2173,0.531
20520000,7,-141.23,1299.11,8.57348,0.5525
20540000,8,-146.977,1294.25,11.707,0.5574
20560000,5,-108.257,1289.97,7.93028,0.501
20580000,7,-134.685,1278.06,11.1288,0.553
20600000,7,-140.861,1290.36,12.082,0.559
20620000,6,-129.233,1296.66,5.27364,0.5
20640000,7,-126.364,1274.29,5.98201,0.534
20660000,5,-112.3,1292.87,6.3905,0.515
20680000,7,-134.419,1298.34,13.9248,0.579
20700000,8,-139.415,1289.94,4.90046,0.564
20720000,10,-165.339,1301.52,15.7331,0.541
20740000,7,-136.589,1304.79,5.61478,0.531
20760000,7,-133.511,1285.58,10.1478,0.529
20780000,7,-129.369,1277.9,5.12439,0.489
20800000,10,-169.877,1287.62,4.77545,0.529
20820000,7,-132.593,1300.72,10.0773,0.558
20840000,10,-169.617,1291.58,19.0938,0.57
20860000,7,-138.223,1300.65,6.38619,0.532
20880000,8,-145.759,1293.4,7.71644,0.549
20900000,9,-180.159,1305.86,11.6979,0.545
20920000,8,-161.78,1307.28,12.8579,0.505
20940000,6,-122.654,1297.2,7.58581,0.554353
20960000,7,-133.336,1301.65,14.6678,0.57
20980000,6,-125.667,1293.38,10.7614,0.579059
21000000,9,-162.773,1303.31,8.23353,0.553
21020000,7,-134.795,1305.96,7.40454,0.535
21040000,8,-139.481,1296.51,7.07039,0.539
21060000,9,-156.3,1286.93,10.0989,0.50775
21080000,10,-169.483,1289.33,11.3368,0.557231
21100000,6,-120.883,1281.92,7.36279,0.513
21120000,6,-127.813,1304.42,5.98819,0.534
21140000,9,-161.19,1308.66,6.90688,0.538
21160000,9,-154.32,1301.02,18.946,0.50725
21180000,9,-157.395,1297.81,12.1011,0.590222
21200000,9,-161.592,1302.92,9.03048,0.529
21220000,9,-153.483,1294.88,10.608,0.553
21240000,9,-159.942,1311.35,9.21298,0.541778
21260000,9,-160.363,1300.27,9.09754,0.554
21280000,13,-207.25,1308.93,9.50916,0.573
21300000,8,-137.017,1279.91,7.71143,0.535
21320000,7,-140.252,1303.4,9.0391,0.532
21340000,6,-121.281,1299,2.19569,0.535
21360000,8,-158.908,1312.72,5.51643,0.555
21380000,8,-152.312,1311.02,5.39113,0.534
21400000,9,-169.334,1297.73,7.02613,0.531
21420000,8,-143.651,1282.86,12.5109,0.585
21440000,10,-181.549,1315.39,11.1664,0.554
21460000,6,-130.407,1306.59,9.55061,0.530333
21480000,6,-127.259,1304.71,4.0666,0.501
21500000,10,-179.307,1303.38,8.94941,0.532
21520000,11,-181.607,1296.39,13.738,0.558667
21540000,9,-162.247,1310.63,10.8378,0.566
21560000,8,-156.914,1306.84,7.32467,0.562714
21580000,10,-158.595,1290.67,10.0221,0.539
21600000,9,-154.832,1294.67,11.9031,0.5875
21620000,8,-138.98,1281.93,9.75773,0.506
21640000,10,-176.703,1317.38,9.10573,0.521
21660000,10,-166.976,1305.14,9.33648,0.576
21680000,7,-136.924,1309.06,13.7885,0.511
21700000,7,-136.783,1304.86,4.54621,0.524
21720000,10,-173.715,1304.14,12.0745,0.571
21740000,8,-139.782,1286.13,12.2852,0.58
21760000,12,-184.675,1294.97,12.1797,0.563
21780000,10,-160.578,1290.27,11.7514,0.555
21800000,10,-170.594,1309.74,15.1068,0.564643
21820000,12,-190.048,1284.23,6.24222,0.545
21840000,7,-139.434,1303.04,4.08047,0.512
21860000,9,-164.064,1316.63,13.6365,0.582167
21880000,7,-135.651,1303.13,6.54373,0.552
21900000,10,-191.86,1317.84,9.2703,0.530667
21920000,9,-153.931,1315.84,14.1803,0.561
21940000,9,-169.747,1311.31,6.17936,0.56
21960000,11,-180.549,1312.58,10.5992,0.567
21980000,10,-175.517,1302.88,10.6534,0.574
22000000,6,-128.74,1296.32,6.33971,0.5425
22020000,10,-169.805,1305.28,6.63447,0.571
22040000,12,-203.022,1321.97,16.8154,0.577
22060000,9,-167.071,1322.81,10.1366,0.555
22080000,9,-158.011,1300.49,9.88498,0.563
22100000,11,-184.199,1306.28,10.9691,0.556667
22120000,8,-159.993,1313.44,8.09801,0.518
22140000,8,-148.454,1301.39,6.6223,0.53
22160000,8,-152.085,1310.34,7.70069,0.567
22180000,8,-145.242,1302.19,5.15107,0.551583
22200000,9,-155.25,1299.99,9.442,0.587
22220000,9,-162.707,1312.28,4.82602,0.568
22240000,7,-138.398,1300.74,11.9569,0.545
22260000,7,-132.724,1299.7,5.6807,0.543
22280000,8,-165.461,1322.32,5.51482,0.53
22300000,9,-170.088,1305.63,12.8863,0.53
22320000,9,-148.672,1290.22,9.66154,0.558714
22340000,9,-165.283,1298.5,8.71424,0.515
22360000,12,-194.589,1299.54,9.41018,0.594
22380000,10,-172.257,1298.76,11.8503,0.574444
22400000,6,-128.513,1296.26,7.41549,0.581286
22420000,13,-199.511,1302.17,14.8326,0.5574
22440000,9,-173.587,1321.43,7.15775,0.549
22460000,8,-147.321,1304.99,15.2223,0.567
22480000,8,-171.232,1314.78,5.11523,0.553417
22500000,10,-181.378,1318.99,7.55477,0.575111
22520000,8,-162.957,1315.57,5.7258,0.523
22540000,9,-159.211,1295.35,6.44493,0.534818
22560000,11,-173.607,1292.48,7.01794,0.594
22580000,9,-151.418,1295.94,6.64324,0.606
22600000,10,-183.03,1325.55,8.51959,0.559
22620000,10,-159.812,1293.34,10.8277,0.559
22640000,7,-137.617,1301.2,5.24723,0.570333
22660000,8,-150.739,1312.81,8.93309,0.505
22680000,8,-138.706,1294.27,6.59933,0.525
22700000,7,-137.672,1305.25,8.34743,0.575667
22720000,10,-172.322,1302.45,12.6002,0.584857
22740000,8,-149.881,1299.53,10.7598,0.581
22760000,9,-154.684,1297.02,13.5567,0.573
22780000,13,-208.353,1319.53,12.5642,0.571
22800000,8,-157.965,1320.92,13.935,0.524
22820000,8,-143.1,1294.96,17.4421,0.5448
22840000,6,-121.523,1297.39,4.50411,0.579143
22860000,5,-110.821,1288.41,4.68269,0.567444
22880000,6,-126.269,1304.61,9.8709,0.5115
22900000,7,-142.98,1296.35,6.08064,0.539
22920000,11,-173.801,1277.55,16.2796,0.5648
22940000,14,-213.07,1303.11,11.9531,0.5495
22960000,7,-137.376,1287.07,5.76594,0.557
22980000,7,-138.89,1306.81,8.88769,0.538
23000000,9,-173.664,1333.61,12.2368,0.546
23020000,9,-176.71,1325.18,7.79026,0.561333
23040000,12,-225.031,1355.19,14.9345,0.554
23060000,10,-167.438,1306.9,12.804,0.563333
23080000,10,-187.21,1341.85,11.1284,0.5285
23100000,13,-226.448,1355.87,14.6542,0.525
23120000,8,-154.093,1317.92,4.1378,0.569
23140000,12,-191.6,1308.42,14.5552,0.577667
23160000,9,-159.825,1302.31,13.0398,0.563111
23180000,11,-185.719,1308.77,13.1623,0.595
23200000,6,-129.106,1300.97,6.29309,0.492
23220000,7,-146.006,1310.59,8.69461,0.556833
23240000,7,-145.911,1313.03,6.54128,0.501
23260000,11,-176.249,1302.3,12.2318,0.606
23280000,11,-201.658,1319.09,11.7214,0.569857
23300000,9,-151.869,1280.49,12.7917,0.555
23320000,6,-127.951,1294.66,3.06171,0.519
23340000,7,-148.883,1309.06,20.9974,0.538
23360000,8,-146.371,1301.54,3.84451,0.504
23380000,8,-141.956,1287.92,7.38932,0.55
23400000,8,-155.597,1304.89,5.2887,0.522
23420000,8,-135.736,1278.01,9.82689,0.539
23440000,17,-252.407,1328.69,12.7837,0.55771
23460000,6,-117.555,1284.72,3.02909,0.497
23480000,11,-181.058,1297.53,14.3497,0.571308
23500000,12,-206.342,1344.55,16.7794,0.582
23520000,8,-142.906,1304.26,4.69809,0.554417
23540000,12,-203.045,1340.17,12.4622,0.561167
23560000,8,-146.99,1311.05,8.1323,0.515
23580000,13,-212.111,1333.02,12.4566,0.567
23600000,9,-158.655,1296.91,11.6103,0.568
23620000,7,-140.246,1298,9.11192,0.581
23640000,9,-164.65,1311.58,9.41086,0.549
23660000,11,-174.54,1295.37,13.8282,0.532
23680000,10,-177.3,1315.94,8.93285,0.558
23700000,6,-137.632,1312.39,4.33486,0.528
23720000,9,-167.641,1326.22,5.44873,0.563143
23740000,13,-204.468,1322.22,17.707,0.5725
23760000,14,-229.107,1312.63,13.4726,0.5716
23780000,7,-131.893,1292.77,4.29912,0.516
23800000,7,-134.24,1293.97,7.55883,0.561857
23820000,8,-159.748,1320.37,6.24338,0.538
23840000,9,-165.378,1320.61,7.69945,0.552167
23860000,11,-189.368,1317.57,12.1816,0.569053
23880000,10,-170.887,1323.3,10.5808,0.51
23900000,9,-164.629,1323.08,12.2592,0.509
23920000,12,-195.257,1303.88,15.208,0.583727
23940000,11,-183.504,1291.58,6.34313,0.6105
23960000,14,-216.652,1298.96,16.176,0.576
23980000,9,-169.818,1312.07,12.6157,0.523
24000000,8,-150.611,1289.24,9.89061,0.5518
24020000,9,-162.826,1299.48,6.30138,0.568
24040000,9,-175.511,1329.68,9.2056,0.555
24060000,8,-152.312,1311.4,4.97697,0.544
24080000,7,-136.309,1297.89,13.2078,0.555533
24100000,8,-147.261,1311.31,9.82164,0.528
24120000,9,-162.711,1307.99,10.7516,0.575571
24140000,7,-136.42,1299.52,15.4944,0.536
24160000,6,-131.083,1297.76,5.7649,0.496
24180000,9,-157.106,1289.99,13.385,0.529667
24200000,9,-166.011,1307.82,12.0402,0.564
24220000,10,-169.347,1307.31,10.762,0.573077
24240000,6,-130.394,1309.28,2.71778,0.535714
24260000,6,-131.816,1305.74,4.85013,0.501
24280000,7,-140.181,1306.11,6.44595,0.514
24300000,7,-153.32,1303.82,4.53093,0.5505
24320000,10,-174.615,1307.79,11.3806,0.523
24340000,10,-167.562,1294.49,11.094,0.586
24360000,7,-141.812,1308.76,10.6098,0.535333
24380000,8,-150.471,1298.62,6.9199,0.563
24400000,11,-184.341,1310.91,6.28843,0.566
24420000,7,-141.262,1301.41,5.62958,0.543
24440000,9,-156.53,1306.59,5.48977,0.5645
24460000,8,-165.817,1314.91,11.5958,0.495
24480000,6,-126.928,1296.11,7.86577,0.508
24500000,10,-181.584,1298.78,11.3118,0.5648
24520000,11,-178.888,1306.22,6.13303,0.5638
24540000,11,-173.585,1298.72,15.2862,0.583818
24560000,9,-151.391,1290.63,2.81695,0.506
24580000,7,-142.99,1306.98,7.70598,0.513
24600000,6,-116.26,1286.11,7.47487,0.5585
24620000,8,-146.231,1298.03,6.64223,0.5615
24640000,9,-156.646,1300.01,8.48681,0.568
24660000,9,-161.736,1301.06,5.03667,0.57
24680000,8,-145.444,1305.85,6.31448,0.545
24700000,7,-143.929,1302.22,9.54837,0.548
24720000,8,-141.713,1288.39,11.998,0.567333
24740000,11,-178.615,1296.26,12.7807,0.551455
24760000,11,-174.641,1304.5,6.49729,0.553077
24780000,8,-139.962,1287.56,12.1323,0.551857
24800000,10,-166.619,1299,15.9516,0.534
24820000,10,-159.826,1286.5,10.043,0.57
24840000,6,-118.747,1297.2,4.56173,0.534
24860000,13,-200.101,1317.41,11.2391,0.5595
24880000,7,-151.925,1318.42,8.78366,0.545
24900000,8,-143.763,1304.44,5.70468,0.558
24920000,7,-143.357,1307.72,10.8107,0.546889
24940000,8,-145.976,1303.04,9.29115,0.555806
24960000,8,-158.368,1301.98,10.1385,0.5265
24980000,9,-171.026,1305.96,9.72738,0.502
25000000,12,-192.094,1308.96,8.67607,0.572
25020000,8,-156.614,1300.7,8.4559,0.541
25040000,9,-159.597,1304.24,6.57901,0.575
25060000,11,-190.852,1300.64,14.8076,0.617
25080000,7,-138.998,1286.4,7.34974,0.535
25100000,6,-124.568,1290.25,5.9504,0.526333
25120000,10,-163.434,1297.35,10.5766,0.594824
25140000,11,-172.508,1299.14,8.89833,0.582
25160000,9,-162.483,1315.11,12.0147,0.56
25180000,9,-167.109,1299.41,8.39491,0.56325
25200000,8,-161.21,1319.46,6.27766,0.5355
25220000,8,-151.889,1303.25,13.7238,0.577
25240000,13,-199.833,1306.82,8.50296,0.564
25260000,8,-147.774,1303.28,8.80252,0.535
25280000,7,-125.053,1290.06,5.95062,0.551
25300000,8,-145.723,1297.74,9.4367,0.54925
25320000,10,-163.872,1298.17,9.43421,0.595
25340000,9,-165.343,1310.57,6.74219,0.547
25360000,11,-189.017,1303,14.3432,0.559083
25380000,7,-133.174,1305.95,3.12469,0.559133
25400000,9,-156.851,1303.09,9.30012,0.577444
25420000,9,-166.288,1309.65,13.9236,0.563
25440000,9,-155.988,1306.76,7.66566,0.562
25460000,6,-121.277,1302.75,5.62665,0.521
25480000,8,-144.207,1284.46,10.3307,0.536
25500000,7,-137.605,1296,9.06459,0.522
25520000,8,-153.922,1306.84,9.88764,0.5228
25540000,7,-143.223,1301.86,5.57675,0.565333
25560000,7,-146.165,1305.25,7.32686,0.515
25580000,10,-173.521,1303.56,10.4641,0.586385
25600000,13,-205.771,1285.49,16.0244,0.58
25620000,9,-159.875,1302.07,11.2402,0.553
25640000,12,-205.272,1310.82,10.7957,0.594
25660000,8,-144.468,1294.52,5.80591,0.548
25680000,15,-223.974,1301.58,13.9004,0.578143
25700000,12,-189.333,1312.79,19.6421,0.57925
25720000,8,-147.949,1315.73,8.5523,0.507
25740000,9,-160.035,1299.8,5.61416,0.518
25760000,9,-151.495,1291.31,12.3065,0.551667
25780000,12,-185.569,1299.25,12.2849,0.6
25800000,12,-179.472,1295.12,16.6792,0.585
25820000,9,-158.402,1302.72,10.5492,0.552
25840000,8,-149.004,1302.97,7.74454,0.507
25860000,7,-125.14,1285.64,12.8867,0.5575
25880000,9,-149.696,1288.86,10.4535,0.536
25900000,8,-152.7,1296.78,9.25082,0.575882
25920000,7,-139.632,1295.96,9.02789,0.529
25940000,8,-145.045,1268.6,7.60016,0.561
25960000,14,-213.942,1306.1,15.7831,0.605
25980000,9,-162.4,1301.4,7.06375,0.59495
26000000,9,-155.554,1294.23,11.9357,0.567
26020000,8,-140.637,1277.76,8.1209,0.57
26040000,10,-177.089,1316.14,12.204,0.564
26060000,7,-134.035,1299.83,6.30847,0.547
26080000,8,-149.448,1314.69,3.93011,0.552
26100000,8,-147.574,1304.07,5.08466,0.531
26120000,7,-137.153,1309.67,7.80008,0.522
26140000,12,-198.698,1293.06,13.3386,0.567
26160000,9,-179.619,1317.33,14.5142,0.594
26180000,12,-198.513,1313.37,13.8626,0.567091
26200000,8,-152.997,1307.67,10.063,0.574
26220000,8,-153.687,1306.01,9.46744,0.543
26240000,9,-150.965,1305.53,8.34347,0.555111
26260000,7,-136.358,1294.25,9.36261,0.519
26280000,8,-143.593,1304.39,7.29938,0.561
26300000,7,-136.256,1311.2,12.2584,0.521
26320000,13,-213.881,1314.99,14.0812,0.565
26340000,11,-187.224,1309.73,6.70763,0.558
26360000,9,-157.939,1305.04,8.56969,0.547
26380000,8,-155.858,1322.18,8.62583,0.53
26400000,6,-126.31,1299.99,3.97036,0.457
26420000,10,-171.422,1293.41,13.7951,0.603
26440000,9,-153.121,1292.32,15.6514,0.5485
26460000,7,-129.189,1292.67,5.28558,0.556
26480000,8,-146.195,1298.55,12.9015,0.536
26500000,12,-189.919,1287.83,13.7886,0.56575
26520000,9,-154.057,1305.82,11.7859,0.568111
26540000,10,-191.403,1312.11,11.9058,0.563714
26560000,11,-180.771,1306.29,9.34056,0.565
26580000,9,-172.996,1320.97,6.75612,0.531
26600000,7,-141.599,1310.03,4.58085,0.489
26620000,11,-189.63,1304.91,7.96371,0.558
26640000,10,-181.355,1306.61,10.8651,0.544
26660000,7,-140.389,1302.17,5.24063,0.567
26680000,8,-151.977,1298.11,10.0066,0.5735
26700000,7,-136.929,1307.32,13.7217,0.537
26720000,9,-154.637,1298.63,10.4229,0.5766
26740000,9,-156.958,1289.38,9.43279,0.5355
26760000,11,-180.082,1292.4,7.25385,0.598
26780000,8,-158.057,1295.47,15.2929,0.576
26800000,10,-167.177,1301.4,9.39362,0.514
26820000,9,-166.102,1313.88,8.79267,0.564
26840000,7,-139.224,1308.33,4.42651,0.552
26860000,10,-161.968,1306.82,13.9531,0.558
26880000,7,-132.469,1284.07,8.31682,0.491
26900000,6,-125.025,1282.79,7.14815,0.532
26920000,12,-195.75,1300.31,17.7558,0.588
26940000,10,-175.112,1293.5,13.5019,0.542
26960000,9,-161.387,1302.9,14.4575,0.569833
26980000,6,-125.322,1292.47,7.05822,0.56
27000000,7,-133.801,1286.95,9.71537,0.544
27020000,8,-153.39,1316.34,9.96515,0.5549
27040000,10,-190.063,1306.96,9.69887,0.551
27060000,7,-130.99,1305.33,7.64899,0.513
27080000,5,-110.878,1291.13,7.08963,0.4996
27100000,10,-160.338,1283.32,11.7614,0.5266
27120000,9,-172.783,1315.14,11.8048,0.553571
27140000,5,-108.918,1288.49,1.68571,0.511571
27160000,7,-135.89,1305.4,6.24212,0.535
27180000,10,-176.435,1314.48,12.0126,0.564
27200000,8,-154.641,1308.89,10.9769,0.531
27220000,14,-213.059,1314.03,9.91425,0.595
27240000,8,-142.435,1278,9.23218,0.561
27260000,8,-145.692,1288.97,10.8529,0.545
27280000,7,-137.037,1301.07,5.61709,0.5435
27300000,6,-133.586,1294.65,5.54237,0.537048
27320000,7,-146.708,1296.96,10.0566,0.538
27340000,11,-179.075,1298.03,11.3956,0.565
27360000,12,-194.08,1322.25,10.6071,0.548
27380000,5,-113.099,1283.99,4.75345,0.504
27400000,12,-213.16,1345.8,17.2816,0.568
27420000,6,-121.714,1288.09,6.72798,0.503
27440000,8,-147.971,1295.48,11.6296,0.57
27460000,10,-169.091,1281.43,10.4058,0.59
27480000,8,-151.684,1306.4,8.18024,0.527
27500000,9,-152.472,1296.49,7.06808,0.589933
27520000,10,-173.25,1306.07,4.68162,0.536429
27540000,7,-136.125,1295.91,6.49498,0.517
27560000,12,-207.147,1344.85,5.60745,0.547533
27580000,6,-125.256,1294.06,5.34074,0.508
27600000,7,-135.403,1296.37,4.79027,0.516
27620000,9,-156.897,1287.48,13.2549,0.558444
27640000,8,-149.956,1307.9,11.1309,0.571077
27660000,7,-126.555,1283.77,9.32971,0.54
27680000,10,-180.893,1334.66,9.15573,0.533
27700000,8,-149.849,1294.2,10.7447,0.539
27720000,7,-130.593,1291.55,7.63097,0.522
27740000,6,-129.768,1285.21,10.4399,0.531
27760000,6,-131.062,1298.82,7.10654,0.546
27780000,6,-129.6,1283.21,6.04035,0.534
27800000,7,-142.739,1303.94,9.96406,0.517
27820000,8,-152.757,1300.09,7.96725,0.516
27840000,12,-212.208,1343.15,12.8238,0.573375
27860000,12,-195.672,1321.34,13.2587,0.575875
27880000,10,-167.47,1289.43,9.40464,0.546
27900000,8,-141.064,1295.33,5.11405,0.547
27920000,13,-213.633,1329.18,12.29,0.569862
27940000,10,-181.054,1322.7,14.5911,0.5571
27960000,10,-166.607,1315.19,6.10505,0.539
27980000,9,-164.848,1336.94,6.86866,0.527
28000000,16,-241.208,1330.64,18.5421,0.585667
28020000,10,-167.568,1295.92,10.985,0.586
28040000,7,-141.536,1306.04,9.78747,0.531
28060000,10,-183.18,1316.59,5.80375,0.543
28080000,9,-171.815,1293.06,9.29159,0.527333
28100000,9,-150.444,1299.3,13.0749,0.56
28120000,10,-169.229,1303.38,12.5789,0.563667
28140000,12,-206.822,1319.65,8.06674,0.57175
28160000,12,-194.836,1315.8,9.59023,0.56685
28180000,9,-171.815,1309.75,11.1989,0.517
28200000,8,-143.799,1306.69,6.08024,0.579091
28220000,9,-169.729,1297.95,10.7969,0.5595
28240000,7,-141.787,1289.96,10.9843,0.5515
28260000,10,-167.472,1297.28,13.3259,0.555562
28280000,7,-132.314,1282.67,10.1961,0.55
28300000,9,-164.217,1299.73,9.8511,0.5615
28320000,7,-143.245,1308.31,7.24144,0.524
28340000,10,-173.316,1301.41,7.8234,0.546818
28360000,7,-138.609,1306.17,12.6242,0.525
28380000,16,-242.199,1315.64,18.4984,0.581286
28400000,10,-161.349,1298.35,11.4467,0.559
28420000,10,-168.265,1287.82,11.2475,0.56
28440000,11,-177.707,1302.43,5.46191,0.56125
28460000,6,-135.62,1306.54,7.75648,0.502
28480000,9,-167.83,1302.79,8.70416,0.565
28500000,8,-158.492,1301.92,3.01665,0.509
28520000,8,-138.527,1295.32,17.1169,0.526
28540000,9,-166.146,1294.9,4.94758,0.556
28560000,9,-154.234,1295.51,13.9979,0.577
28580000,11,-178.2,1301.61,14.6666,0.59
28600000,10,-172.901,1307.3,11.5723,0.587333
28620000,8,-138.156,1289.8,6.31379,0.535
28640000,6,-128.843,1292.37,3.31446,0.518
28660000,8,-152.563,1298.52,8.27848,0.542667
28680000,10,-169.636,1302.99,9.73523,0.577281
28700000,11,-173.547,1279.09,9.08432,0.604
28720000,11,-183.033,1305.81,21.6676,0.576
28740000,12,-197.927,1319.54,20.5886,0.602
28760000,8,-140.749,1297.57,7.63964,0.553
28780000,14,-210.136,1300.22,13.8601,0.587786
28800000,11,-176.668,1300.64,14.6314,0.581
28820000,11,-171.78,1294.32,8.53542,0.53
28840000,9,-159.028,1304.89,9.49768,0.575
28860000,10,-163.386,1303.2,8.38691,0.593
28880000,8,-144.281,1296.36,6.81392,0.529
28900000,8,-137.3,1288.82,8.51956,0.55475
28920000,8,-149.66,1315.72,11.5881,0.548
28940000,8,-151.784,1290.87,7.40553,0.56
28960000,6,-137.571,1304.35,7.40595,0.499
28980000,8,-145.923,1301.22,6.80246,0.524
29000000,5,-110.49,1280.98,9.42207,0.5496
29020000,6,-131.79,1307.77,7.99398,0.555
29040000,6,-130.366,1295.41,8.50326,0.528
29060000,11,-186.447,1302.97,13.6051,0.571
29080000,8,-145.47,1292.65,9.38362,0.558
29100000,7,-139.527,1302.75,10.1096,0.542
29120000,8,-143.381,1283.88,6.24374,0.549846
29140000,9,-152.978,1289.42,9.51531,0.549
29160000,9,-171.521,1304.71,9.46966,0.58
29180000,7,-148.761,1305.67,4.08102,0.555917
29200000,10,-167.388,1309.85,13.2758,0.542
29220000,7,-136.305,1289.75,6.37307,0.523
29240000,8,-141.605,1302.78,6.25749,0.494
29260000,8,-149.81,1306.84,6.25079,0.57
29280000,7,-127.901,1273.92,13.692,0.5358
29300000,5,-111.069,1288.29,6.05901,0.501
29320000,6,-128.659,1295.63,9.78956,0.552
29340000,7,-138.074,1302.5,11.7149,0.475
29360000,5,-111.188,1281.25,1.81048,0.509
29380000,9,-171.142,1300,11.977,0.5284
29400000,8,-135.635,1291.92,10.6167,0.528
29420000,7,-135.998,1306.22,7.83097,0.543
29440000,10,-161.086,1298.52,11.0935,0.5787
29460000,7,-135.315,1289.49,9.4476,0.537
29480000,14,-220.42,1310.8,15.647,0.624
29500000,8,-149.641,1303.38,10.3653,0.5575
29520000,7,-136.896,1301.4,5.98082,0.542
29540000,8,-145.515,1297.44,7.97129,0.515
29560000,9,-159.516,1303.14,8.44455,0.571
29580000,8,-142.645,1288.26,6.01576,0.5469
29600000,9,-169.74,1307.74,9.84661,0.54
29620000,7,-139.718,1305.99,12.5245,0.55
29640000,9,-151.114,1294.61,8.63314,0.555
29660000,7,-125.514,1289.23,10.4577,0.51725
29680000,9,-154.925,1298.91,9.15013,0.576
29700000,7,-151.77,1297.83,14.1665,0.5
29720000,6,-119.364,1292.79,6.17552,0.496
29740000,7,-128.14,1286.04,13.6392,0.568
29760000,9,-161.253,1295.09,7.72859,0.569333
29780000,8,-141.979,1291.22,11.3348,0.512
29800000,6,-126.068,1293.09,6.06563,0.550556
29820000,9,-163.9,1299.05,10.4498,0.542
29840000,11,-179.778,1309.62,12.9583,0.58
29860000,6,-138.01,1296.66,4.81075,0.526
29880000,8,-156.015,1310.4,9.43403,0.531
29900000,11,-190.837,1295.25,9.68779,0.535167
29920000,11,-181.173,1302.85,7.8628,0.570556
29940000,13,-198.835,1299.18,11.5804,0.561
29960000,8,-135.106,1286.32,7.89119,0.55475
29980000,8,-140.96,1290.68,8.49389,0.5395
