generation,N_shifts,logPrior,logLik,eventRate,acceptRate
0,0,-16.4374,-12989.6,500,0
20000,0,-16.2207,1353.18,0.408332,0.349
40000,1,-29.6771,1420.18,2.35364,0.512
60000,9,-120.823,1654.74,6.70458,0.534
80000,7,-101.257,1689.66,6.16706,0.512
100000,10,-141.086,1711.64,12.465,0.558
120000,8,-114.866,1751.27,7.86483,0.522
140000,7,-106.997,1674.5,4.86189,0.535
160000,12,-155.91,1777.67,18.6847,0.498
180000,5,-80.8878,1680.19,8.68188,0.5276
200000,11,-152.823,1772.76,9.3566,0.537
220000,10,-136.517,1787.12,7.22955,0.5
240000,10,-138.129,1774.42,11.3498,0.5106
260000,8,-116.214,1793.68,14.2109,0.487667
280000,11,-153.201,1775.07,11.7883,0.55
300000,12,-158.049,1816.27,12.723,0.518
320000,14,-178.394,1841.52,14.3486,0.526
340000,8,-110.878,1771.61,11.9293,0.438
360000,14,-186.739,1881.16,19.9602,0.497
380000,19,-245.606,1914.05,14.8676,0.511
400000,18,-226.438,1883.76,18.9104,0.5185
420000,11,-149.883,1830.79,14.2105,0.457
440000,31,-367.123,1934.47,35.25,0.578
460000,17,-211.039,1913.11,13.6787,0.5105
480000,16,-202.965,1837.12,14.9433,0.486857
500000,20,-259.44,1926.4,16.1675,0.5435
520000,18,-233.807,1925.44,17.3459,0.51
540000,21,-266.75,1926.93,27.9749,0.527
560000,18,-235.466,1920.76,19.074,0.508111
580000,24,-299.303,1932.94,32.361,0.524
600000,21,-278.228,1916.66,18.7562,0.52475
620000,26,-327.831,1932.62,35.2026,0.567
640000,15,-198.252,1872.91,21.5108,0.5022
660000,15,-204.455,1918.02,13.9753,0.491
680000,16,-216.724,1910.96,20.1613,0.505
700000,13,-167.566,1856.18,12.2769,0.529
720000,17,-222.826,1915.87,13.1845,0.533333
740000,16,-210.12,1902.84,16.0558,0.502
760000,20,-260.886,1970.84,25.0511,0.501235
780000,16,-222.622,1912.32,19.1852,0.539
800000,11,-146.879,1858.08,15.9628,0.516
820000,15,-184.72,1872.83,17.4391,0.488
840000,24,-305.271,1926.6,24.8914,0.550167
860000,22,-279.509,1971.24,22.9856,0.555
880000,20,-259.349,1977.98,16.9944,0.488
900000,13,-170.624,1854.9,12.2469,0.501
920000,24,-309.081,1989.88,30.0153,0.561
940000,20,-257.939,1973.35,26.4443,0.494
960000,17,-219.032,1872.97,18.445,0.522833
980000,28,-344.031,1982.58,22.7411,0.5246
1000000,21,-258.105,1974.18,21.9835,0.507
1020000,14,-187.042,1889.46,9.31589,0.519
1040000,22,-280.639,1961.88,20.7407,0.511
1060000,23,-293.562,1987.45,18.3912,0.517
1080000,16,-208.984,1880.96,13.0674,0.50713
1100000,25,-315.993,1997.56,25.1845,0.527
1120000,18,-233.118,1900.1,15.5916,0.506
1140000,22,-285.035,1967.54,20.5368,0.49
1160000,19,-257.778,1977.07,18.3996,0.48
1180000,19,-250.575,1981.67,17.8883,0.496
1200000,20,-252.38,1960.51,21.7302,0.526
1220000,22,-280.88,1973.2,22.5832,0.4815
1240000,23,-302.478,1997.96,30.0948,0.501857
1260000,28,-350.114,1977.29,19.5977,0.53625
1280000,22,-281.636,1984.84,18.4105,0.515
1300000,29,-368.465,2028.32,24.1344,0.525
1320000,23,-310.065,2022.45,18.3021,0.506
1340000,27,-327.259,1979.71,26.2049,0.5315
1360000,18,-232.387,1944.68,21.4929,0.509
1380000,19,-251.132,1989.91,23.7787,0.463
1400000,18,-224.231,1938.97,10.2781,0.537
1420000,26,-321.757,1997.73,19.8558,0.538
1440000,24,-307.074,2012.12,23.617,0.496
1460000,16,-212.031,1952.41,21.5883,0.488
1480000,16,-219.414,1940.38,10.4908,0.498286
1500000,25,-312.398,1969.22,31.863,0.503889
1520000,25,-307.318,1985.72,22.2886,0.544
1540000,21,-271.331,1978.51,22.4858,0.474
1560000,22,-271.291,1935.01,21.07,0.533
1580000,24,-312.723,2019.51,19.2698,0.487
1600000,23,-296.179,1993.2,32.4325,0.517
1620000,25,-299.133,1941.08,31.3508,0.569
1640000,23,-282.08,1996.71,26.696,0.516467
1660000,21,-272.063,1999.24,23.3188,0.483
1680000,23,-298.271,1998.08,20.9568,0.502
1700000,24,-297.262,1972.41,30.5826,0.518
1720000,33,-410.517,2032.18,32.8281,0.528889
1740000,23,-287.099,1991.08,27.9381,0.5
1760000,25,-323.07,2012.62,22.7115,0.52
1780000,27,-340.715,1979.84,35.2107,0.524857
1800000,21,-268.132,1994.47,13.4432,0.51
1820000,26,-326.17,2050.32,18.8355,0.527
1840000,24,-308.234,2047.63,32.163,0.524
1860000,26,-324.116,2025.49,23.6888,0.528682
1880000,23,-288.321,1984,25.8432,0.517906
1900000,21,-279.045,2000.34,22.4683,0.522
1920000,25,-308.792,1973.92,25.6864,0.551
1940000,21,-269.399,1993.74,22.9802,0.495143
1960000,24,-297.891,1982.88,15.5714,0.5425
1980000,28,-353.778,2016.34,31.1312,0.521875
2000000,23,-290.759,2001.86,21.6322,0.485
2020000,24,-303.521,1999.46,37.4981,0.541
2040000,25,-321.97,1982.64,33.1329,0.4955
2060000,27,-338.614,2020.79,27.1697,0.52
2080000,30,-376.172,2050.76,29.4191,0.521696
2100000,23,-299.749,2022.08,20.633,0.514
2120000,28,-348.658,2002.42,27.6235,0.543
2140000,28,-352.268,2056.54,24.5755,0.50925
2160000,26,-329.623,2030.89,33.373,0.511
2180000,28,-343.205,2062.25,41.7357,0.505
2200000,24,-290.704,1988.66,19.264,0.534
2220000,24,-300.051,2025.87,25.732,0.467
2240000,20,-255.642,1988.84,24.4878,0.499
2260000,29,-357.763,2058.86,32.0138,0.485
2280000,33,-398.272,2033.85,41.7487,0.563
2300000,21,-270.346,1980.42,31.0597,0.528
2320000,32,-391.288,2065.48,32.743,0.53
2340000,23,-293.38,1979.53,15.7967,0.50625
2360000,21,-262.933,1997.27,26.4429,0.498
2380000,23,-302.235,2003.68,21.3668,0.515
2400000,37,-449.532,2066.28,32.4762,0.524818
2420000,29,-351.372,2041.84,31.7117,0.521
2440000,25,-306.637,1985.08,19.8332,0.527571
2460000,38,-461.978,2072.67,32.1854,0.514462
2480000,32,-389.574,2040.45,27.1204,0.547067
2500000,30,-373.768,2054.23,33.0601,0.508
2520000,26,-327.038,2022.47,28.9758,0.485
2540000,27,-347.805,2012.57,33.7475,0.506667
2560000,30,-370.815,2063.97,26.9064,0.515
2580000,27,-333.043,2020.57,25.7937,0.51
2600000,28,-346.023,2061.95,24.3515,0.5025
2620000,24,-301.531,2062.2,20.3033,0.467
2640000,28,-341.239,2008.82,49.3094,0.532
2660000,29,-356.27,2028.21,28.5245,0.51
2680000,23,-294.122,2001.58,28.4021,0.489
2700000,24,-302.212,2007.11,19.5903,0.497
2720000,28,-350.924,2051.19,28.9397,0.51
2740000,21,-270.769,2007.79,17.6793,0.475
2760000,26,-331.13,1994.79,20.4055,0.515
2780000,24,-291.516,1992.58,20.5133,0.535
2800000,29,-357.185,2040.81,20.2562,0.497333
2820000,21,-266.745,2004.98,25.5038,0.511
2840000,30,-381.72,2004.38,30.0265,0.534
2860000,28,-341.375,2002.94,30.4448,0.549
2880000,30,-375.274,2030.71,20.4503,0.524
2900000,29,-349.937,2046.22,31.0865,0.509714
2920000,27,-340.366,2033.79,28.6612,0.499
2940000,29,-358.117,2041.45,20.1692,0.474
2960000,26,-327.899,2032.47,25.6896,0.505
2980000,30,-381.352,2034.76,26.803,0.526
3000000,27,-334.663,2038.42,34.4721,0.518
3020000,30,-377.629,2055.81,27.3166,0.534
3040000,24,-315.262,2026.89,25.0962,0.472
3060000,30,-375.236,2029.7,28.7716,0.505
3080000,30,-373.973,2049.39,36.1936,0.53
3100000,27,-353.336,2050.95,29.4395,0.493545
3120000,25,-322.249,2047.22,24.7864,0.47
3140000,25,-312.188,2042.28,23.236,0.506
3160000,28,-351.399,2041.83,22.4148,0.521
3180000,28,-347.671,2039.83,29.2198,0.513938
3200000,30,-371.532,2058.28,28.084,0.522
3220000,27,-338.618,2031.8,35.9693,0.495
3240000,26,-313.35,2011.37,19.0843,0.496
3260000,27,-331.899,2049.43,27.7811,0.539
3280000,24,-307.451,1999.27,25.6303,0.511571
3300000,24,-311.294,2024.85,30.0861,0.462
3320000,28,-346.331,1991.92,28.7103,0.521
3340000,34,-403.016,2004.48,38.6796,0.522471
3360000,25,-333.408,2057.8,27.1617,0.472
3380000,23,-299.807,2013.71,17.9763,0.462
3400000,32,-401.63,2036.81,26.39,0.488
3420000,33,-413.4,2059.22,38.3505,0.539
3440000,34,-412.992,2044.59,27.8328,0.493
3460000,27,-343.538,2025.23,31.8913,0.509
3480000,32,-395.547,2026.91,27.0105,0.518667
3500000,32,-392.368,2051.17,33.9024,0.494
3520000,29,-352.884,2053.34,27.5451,0.52
3540000,29,-361.17,2047.36,33.7572,0.474
3560000,26,-325.917,2036.19,19.3894,0.489
3580000,35,-425.964,2059.82,43.5873,0.522
3600000,25,-317.009,2067.44,27.051,0.5046
3620000,29,-370.387,2032.82,33.5204,0.535
3640000,25,-315.352,2012.96,14.4294,0.472444
3660000,28,-350.232,2053.29,40.451,0.50725
3680000,37,-451.129,2027.51,30.5678,0.505
3700000,25,-309.625,2035.79,29.188,0.467
3720000,27,-332.334,2021.32,27.0415,0.495667
3740000,28,-347.759,2033.42,37.4358,0.524
3760000,34,-410.057,2036.71,27.862,0.542
3780000,28,-354.108,2027.66,29.1851,0.489714
3800000,26,-339.987,2055.09,20.3657,0.500286
3820000,27,-336.262,2016.29,16.6335,0.4994
3840000,28,-352.001,2050.2,27.8645,0.495
3860000,33,-396.308,2043.28,28.3278,0.527667
3880000,35,-431.705,2024.85,30.3731,0.523
3900000,26,-326.023,2035.72,18.9272,0.476
3920000,28,-348.534,2021.49,32.7093,0.572
3940000,23,-290.76,2009.11,22.4441,0.485
3960000,26,-316.241,2030.47,21.2028,0.488
3980000,28,-359.657,2045.88,20.8754,0.532
4000000,26,-320.753,2020.32,32.6017,0.469
4020000,32,-394.423,2050.66,44.6845,0.493
4040000,27,-331.349,2018.89,19.4648,0.4922
4060000,28,-341.677,2034.06,32.4898,0.509
4080000,31,-384.21,2060.42,30.445,0.53
4100000,26,-316.456,2028.01,16.5324,0.53
4120000,22,-274.203,2024.67,25.0929,0.483
4140000,31,-371.143,2037.78,41.7447,0.521
4160000,22,-280.295,2022.22,25.638,0.461667
4180000,29,-365.173,2030.2,35.7921,0.52
4200000,30,-386.257,2057.4,23.2481,0.522692
4220000,29,-359.339,2005.42,28.7121,0.50475
4240000,29,-348.387,2013.68,30.8,0.554
4260000,28,-347.95,2035.5,25.7317,0.508
4280000,33,-393.718,2016.49,42.463,0.528
4300000,29,-355.041,2038.09,30.4131,0.519
4320000,29,-359.69,2042.95,23.3339,0.541
4340000,27,-335.461,2014.87,23.3409,0.5125
4360000,28,-346.572,2034.44,24.4611,0.504333
4380000,29,-365.516,2028.43,28.6644,0.508
4400000,34,-423.749,2049.69,27.0777,0.50485
4420000,28,-363.779,2041.75,31.5196,0.50825
4440000,26,-336.309,2044.52,34.1222,0.517
4460000,28,-343.184,2012.06,30.7853,0.501
4480000,33,-402.383,2050.97,35.3199,0.527333
4500000,27,-339.678,2018.84,32.2007,0.508
4520000,35,-441.114,2036.13,22.2026,0.526
4540000,28,-350.158,2045.8,31.6637,0.533933
4560000,31,-379.407,2034.17,34.5774,0.507286
4580000,28,-347.684,2029.53,24.7827,0.506
4600000,31,-388.209,2044.9,26.6237,0.515167
4620000,28,-368.896,2064.39,19.9033,0.504
4640000,27,-344.198,2040.97,34.1379,0.503
4660000,25,-321.662,2048.53,35.4273,0.47825
4680000,22,-290.738,2043.16,25.947,0.472
4700000,24,-287.532,2001.69,23.5202,0.49825
4720000,31,-375.815,2044.81,23.5323,0.543667
4740000,27,-345.807,2032.68,38.3751,0.52
4760000,25,-323.637,2013.47,28.7019,0.499
4780000,26,-340.051,2055.97,25.7958,0.483
4800000,26,-311.941,2017.6,27.8409,0.485
4820000,32,-381.258,2025.57,31.6452,0.543
4840000,25,-304.336,2027.92,21.039,0.5195
4860000,34,-416.101,2041.41,36.02,0.521
4880000,29,-359.089,2040.89,30.6899,0.509
4900000,29,-352.431,2051.47,24.7769,0.518
4920000,30,-366.813,2055.08,31.4708,0.527
4940000,28,-342.715,2022.25,31.4617,0.488
4960000,32,-381.276,2011.55,25.3126,0.501
4980000,28,-355.549,2064.19,35.4892,0.5115
5000000,25,-324.636,2043.61,26.6993,0.457
5020000,27,-339.259,2043.43,32.283,0.513071
5040000,26,-339.891,2056.86,27.3364,0.486
5060000,26,-345.08,2072.81,19.516,0.506
5080000,26,-317.713,2039.4,27.3374,0.483
5100000,29,-371.072,2057.26,26.1774,0.511
5120000,31,-375.056,2031.76,36.1256,0.524
5140000,31,-385.382,2032.43,28.0263,0.511947
5160000,26,-324.85,2023.36,21.4417,0.492
5180000,27,-350.024,2031.09,24.6426,0.504
5200000,29,-363.641,2063.25,28.7764,0.5
5220000,25,-312.621,2012.39,22.1094,0.507
5240000,30,-376.179,2026.48,35.3492,0.525
5260000,26,-330.348,2038.08,28.4648,0.466
5280000,37,-448.911,2043.1,28.7125,0.526278
5300000,27,-329.752,2010.85,29.7768,0.5086
5320000,30,-382.16,2044.64,28.1573,0.508
5340000,29,-355.951,2043.54,27.7086,0.5095
5360000,32,-393.542,2023.26,30.2315,0.5285
5380000,28,-360.657,2059.37,41.1695,0.531077
5400000,28,-362.659,2045.32,22.5204,0.542
5420000,28,-363.379,2036.58,28.3821,0.493
5440000,27,-338.615,2017.98,20.7239,0.502286
5460000,37,-445.631,2040.9,51.7452,0.536
5480000,29,-358.312,2048.65,34.317,0.51
5500000,23,-293.664,2011.27,25.3332,0.503
5520000,31,-372.334,2019.26,30.9281,0.531
5540000,25,-311.679,2011.25,26.8448,0.511
5560000,28,-351.865,2029.78,24.9409,0.53
5580000,26,-327.648,2048.17,27.9167,0.515
5600000,30,-371.344,2024.95,42.0526,0.525333
5620000,30,-369.743,2026.77,35.9865,0.509
5640000,36,-436.261,2029.06,32.2676,0.509
5660000,35,-436.349,2046.31,37.0081,0.529727
5680000,27,-336.759,2049.35,31.4605,0.533436
5700000,30,-369.47,2027.35,40.6153,0.524
5720000,24,-303.63,2017.24,27.7471,0.5
5740000,26,-329.862,2030.51,33.2821,0.505
5760000,24,-298.995,2012.29,27.8092,0.5187
5780000,31,-373.347,2060.57,31.8136,0.5135
5800000,29,-358.525,2015.13,30.83,0.51125
5820000,29,-376.485,2053.1,30.5779,0.478
5840000,30,-369.017,2038.04,33.4835,0.495
5860000,27,-340.442,2019.26,23.6161,0.542
5880000,29,-364.215,2054.53,27.4987,0.483
5900000,22,-283.178,2011.51,18.489,0.482
5920000,27,-332.54,2060.22,24.812,0.506
5940000,26,-340.938,2044.27,27.4329,0.5185
5960000,24,-318.735,2026.14,25.3084,0.479
5980000,28,-353.133,2033.28,27.314,0.51
6000000,26,-318.455,2026.68,24.8833,0.50425
6020000,26,-327.616,2055.15,23.8525,0.507
6040000,27,-339.22,2046.92,30.3857,0.49
6060000,27,-325.908,2012.71,35.0069,0.50975
6080000,25,-321.134,2037.58,25.9388,0.494
6100000,28,-342.658,2020.51,42.1582,0.525
6120000,25,-303.137,2003.48,23.657,0.525
6140000,27,-344.845,2035.15,22.1483,0.520667
6160000,29,-357.83,2042.62,35.382,0.547
6180000,25,-310.017,2004.86,27.6164,0.484
6200000,27,-329.97,2001.45,31.3046,0.493
6220000,25,-310.774,2019.3,25.6852,0.514
6240000,26,-325.906,1995.3,25.4144,0.522
6260000,32,-395.838,2039.15,50.4294,0.49
6280000,21,-268.233,2010.38,25.379,0.508
6300000,24,-305.605,2022.12,30.8766,0.508
6320000,31,-382.653,2027.08,23.6092,0.522
6340000,31,-372.276,2020.28,25.3386,0.517
6360000,29,-361.269,2047.52,33.6449,0.524
6380000,26,-326.241,2040.93,26.973,0.468
6400000,27,-334.44,2046.85,31.9081,0.531
6420000,29,-358.275,2044.08,37.6552,0.498
6440000,24,-320.176,2040.39,28.4463,0.532
6460000,29,-371.52,2055.59,27.2559,0.50125
6480000,31,-398.593,2027.83,36.9511,0.508
6500000,30,-372.434,2022.04,28.5094,0.51
6520000,28,-346.766,2065.72,35.6622,0.507
6540000,28,-346.804,2038.28,33.0546,0.517
6560000,24,-315.312,2026.82,27.6935,0.504
6580000,26,-327.726,2064.57,38.1011,0.483
6600000,24,-303.698,2041.46,17.1528,0.482
6620000,29,-371.445,2050.55,26.3105,0.532
6640000,29,-356.404,2030.14,25.3883,0.519
6660000,34,-414.938,2045.86,32.1196,0.529333
6680000,34,-423.817,2038.57,29.233,0.543
6700000,27,-345.961,2030.3,24.1043,0.506
6720000,27,-336.6,2038.4,26.5203,0.506
6740000,26,-336.094,2020.78,28.655,0.485
6760000,27,-346.901,2038.64,29.8505,0.498
6780000,27,-327.308,2018.57,23.8819,0.501385
6800000,24,-302.219,2035.68,22.5762,0.45
6820000,33,-414.367,2029.85,30.811,0.513667
6840000,32,-388.972,2040.76,28.4449,0.538
6860000,27,-337.322,2046.47,29.9206,0.5065
6880000,31,-377.159,2069.73,26.0889,0.505
6900000,31,-374.98,2054.06,27.7115,0.513
6920000,27,-340.117,2039.48,21.1936,0.501
6940000,27,-335.446,2049.21,17.6595,0.514
6960000,29,-364.499,2034.3,33.3966,0.510857
6980000,26,-321.865,2012.8,23.2363,0.474
7000000,29,-358.191,2029.77,24.4935,0.534
7020000,29,-362.316,2035.67,29.7728,0.505
7040000,30,-381.716,2077.6,32.7814,0.4795
7060000,25,-306.114,2011.27,14.2117,0.509
7080000,28,-347.866,2028.8,36.4888,0.516
7100000,24,-308.544,2028.83,21.4029,0.525
7120000,33,-404.872,2043.46,29.9123,0.516
7140000,25,-324.193,2040.86,21.6468,0.477
7160000,27,-341.462,2028.94,27.9209,0.484
7180000,25,-309.759,2039.7,22.0598,0.528
7200000,24,-302.878,2020.49,27.7711,0.511
7220000,28,-355.374,2036.92,36.3063,0.531
7240000,27,-334.04,2028.66,26.8032,0.504
7260000,28,-344.357,2025.52,20.0285,0.522
7280000,23,-282.035,2040.02,21.4249,0.476
7300000,23,-296.123,2025.35,31.7782,0.52
7320000,25,-323.344,2065.75,21.5827,0.49
7340000,26,-346.308,2012.41,30.6919,0.481
7360000,23,-293.98,2006.5,19.8615,0.497333
7380000,30,-373.089,2031.48,25.6413,0.504833
7400000,25,-320.687,2044.96,37.9484,0.481
7420000,27,-333.266,2007.97,21.3912,0.524
7440000,26,-330.246,2040.82,27.8933,0.531
7460000,26,-337.452,2026.98,25.2897,0.515
7480000,27,-337.73,2026.89,33.4275,0.484
7500000,25,-324.918,2023.65,33.139,0.544
7520000,26,-336.508,2059.64,30.1325,0.507
7540000,24,-308.975,2038.45,29.0577,0.482
7560000,27,-337.32,2001.57,37.4879,0.532
7580000,31,-387.61,2063.66,39.5553,0.517
7600000,30,-377.539,2082.54,31.3686,0.499
7620000,31,-392.665,2051.45,27.6243,0.516967
7640000,25,-320.039,2010.08,21.5731,0.47
7660000,22,-279.552,1990.58,17.198,0.488
7680000,27,-336.373,2002.24,23.9778,0.534
7700000,24,-298.682,2041.72,25.5537,0.484
7720000,22,-272.372,1969.61,31.1642,0.486
7740000,28,-355.065,2055.23,27.5179,0.481
7760000,25,-312.574,2011.08,34.4084,0.498
7780000,31,-382.548,2026.8,27.5986,0.51755
7800000,25,-319.75,2055.68,33.4264,0.524
7820000,31,-383.089,2012.72,31.4861,0.496
7840000,32,-403.397,2055.32,32.4146,0.507174
7860000,28,-354.541,2030.42,34.3971,0.499
7880000,28,-340.166,2012.77,26.1694,0.532
7900000,29,-353.179,2010.91,22.8936,0.525
7920000,31,-375.657,2034.94,38.7806,0.506
7940000,26,-320.874,2044.53,30.5023,0.495
7960000,33,-399.694,2053.23,32.1144,0.514
7980000,32,-391.475,2034.91,44.9325,0.504111
8000000,26,-329.746,2052.43,18.5287,0.5
8020000,25,-324.233,2009.19,27.5335,0.465
8040000,28,-347.827,2013.8,33.0424,0.521
8060000,29,-364.234,2014.76,27.4622,0.537
8080000,32,-398.254,2071.19,33.4446,0.537
8100000,36,-432.494,2028.38,28.6971,0.528231
8120000,28,-343.125,2020.94,27.5445,0.474
8140000,28,-345.608,2028.62,24.495,0.524
8160000,31,-398.638,2062.06,36.3968,0.496667
8180000,25,-308.302,2012.7,25.3682,0.519
8200000,28,-354.98,2021.5,27.1234,0.524545
8220000,28,-352.974,2049.42,34.4384,0.496
8240000,26,-327.125,2027.19,30.4295,0.5268
8260000,31,-388.352,2049.72,26.2497,0.538
8280000,30,-377.54,2101.45,28.3346,0.52
8300000,30,-387.633,2066.26,36.5962,0.50525
8320000,36,-438.429,2072.58,36.0582,0.514571
8340000,26,-337.244,2017.13,29.2995,0.515923
8360000,35,-429.398,2065.13,38.4846,0.523385
8380000,27,-341.063,2020.85,21.8957,0.499
8400000,27,-348.944,2064.89,28.0388,0.48
8420000,37,-450.858,2064.18,57.1166,0.555
8440000,31,-373.13,2015.87,25.6037,0.5132
8460000,28,-343.774,2034.31,19.1129,0.472
8480000,27,-328.188,2022.87,21.0844,0.517
8500000,23,-296.315,2001.08,20.955,0.484
8520000,24,-306.513,2001.96,26.2943,0.526
8540000,24,-306.227,2031.35,19.1307,0.469
8560000,31,-384.076,2057.85,27.8694,0.536
8580000,31,-385.287,2027.31,34.0579,0.468333
8600000,26,-317.9,1977.43,32.882,0.4965
8620000,27,-337.305,2029.39,22.7823,0.526
8640000,28,-359.203,2030.69,23.4877,0.507
8660000,24,-311.87,2039.56,19.8902,0.504
8680000,26,-322.365,2010.15,14.7234,0.496
8700000,27,-327.216,1994.23,26.3093,0.496
8720000,28,-343.818,2021.32,30.5496,0.521
8740000,29,-358.965,2066.92,35.7246,0.491
8760000,34,-412.455,2056.44,33.3238,0.504
8780000,38,-460.697,2063.14,29.6752,0.543
8800000,25,-317.562,2017.62,27.8988,0.467
8820000,25,-313.771,2029.93,29.5823,0.497
8840000,26,-329.159,2033.56,25.8691,0.535
8860000,28,-357.634,2006.35,25.5809,0.509
8880000,21,-252.968,1951.15,17.2606,0.501
8900000,24,-287.293,1982.01,21.1117,0.507
8920000,28,-349.42,2028.35,37.3533,0.51
8940000,25,-302.503,2000.76,16.0082,0.529667
8960000,27,-353.635,2021.09,33.1057,0.516333
8980000,28,-349.201,2005.99,27.6656,0.558
9000000,27,-354.748,2055.6,25.4316,0.509917
9020000,28,-345.694,2004.02,28.1564,0.528
9040000,24,-308.944,2051.98,24.2803,0.462
9060000,24,-313.155,2054.87,20.8819,0.458
9080000,27,-343.348,2039.44,19.3786,0.484
9100000,25,-312.879,2012.66,20.5384,0.49
9120000,27,-345.308,1991.85,32.1922,0.5242
9140000,33,-405.132,2040.62,32.8125,0.504
9160000,26,-332.911,2006.91,21.5354,0.516
9180000,26,-328.025,2013.53,29.994,0.5185
9200000,29,-356.144,2023.34,36.3743,0.528
9220000,25,-317.408,2013.49,32.5529,0.511
9240000,25,-314.857,2034.67,25.5484,0.507
9260000,27,-339.346,2031.61,43.3856,0.507
9280000,30,-375.033,2036.78,24.8914,0.499667
9300000,27,-332.863,2023.26,22.7767,0.55
9320000,30,-361.968,2026.86,26.9957,0.495
9340000,32,-381.098,2021.85,39.0896,0.535235
9360000,24,-303.849,2030.52,19.4961,0.523
9380000,25,-325.607,2039.73,21.4516,0.5025
9400000,29,-350.107,2038.97,31.5134,0.491
9420000,28,-336.484,2030.66,32.9122,0.519
9440000,28,-355.236,2047.67,32.5892,0.484
9460000,26,-322.8,2043.67,20.8292,0.484
9480000,28,-342.47,2038.84,35.4475,0.529
9500000,26,-325.942,2035.77,24.7182,0.465
9520000,29,-358.112,2012.67,39.0126,0.525857
9540000,28,-344.688,2004.72,25.9219,0.473
9560000,25,-307.591,2040.06,35.4248,0.485
9580000,28,-348.739,2050.79,39.7489,0.519
9600000,26,-333.931,2019.72,27.8639,0.502
9620000,32,-392.912,2048.3,34.9022,0.504
9640000,26,-325.796,2023.89,29.7656,0.508929
9660000,28,-340.928,1989.32,27.3006,0.536
9680000,25,-310.802,2005.51,24.0334,0.504
9700000,25,-320.837,2037.1,22.0459,0.501333
9720000,30,-376.549,2037.39,30.5916,0.479
9740000,26,-327.521,2058.97,23.921,0.528
9760000,24,-306.403,2032.22,24.0838,0.51475
9780000,23,-293.805,2046.54,22.8157,0.517
9800000,32,-382.416,2010.45,37.0324,0.561
9820000,28,-349.798,2022.43,37.6786,0.5211
9840000,29,-347.989,2024.15,33.6867,0.518
9860000,31,-387.294,2068.11,32.0711,0.5135
9880000,36,-435.487,2022.56,40.0875,0.526
9900000,26,-325.987,2039.53,20.8231,0.495
9920000,30,-364.59,2020.76,25.5451,0.49
9940000,31,-383.688,2069.35,33.5774,0.536917
9960000,27,-340.445,2052.53,28.4353,0.5035
9980000,27,-337.896,2003.71,25.2657,0.5064
10000000,30,-378.178,2046.7,35.6342,0.51
10020000,24,-317.254,2042.55,21.9481,0.473
10040000,27,-352.025,2043.02,28.0164,0.504
10060000,25,-320.739,2031.87,24.0234,0.482
10080000,28,-351.962,2007.09,26.1564,0.531
10100000,28,-354.197,2024.46,35.0231,0.511
10120000,30,-367.115,2027.02,31.4229,0.509
10140000,27,-346.241,2019.31,24.0426,0.527
10160000,28,-356.294,2041.51,23.5312,0.467
10180000,32,-385.655,2018.11,36.0233,0.5215
10200000,25,-322.627,2031.41,18.6196,0.505
10220000,27,-335.015,2030.97,29.3119,0.514
10240000,29,-359.84,2032.35,36.1114,0.5045
10260000,34,-403.445,2036.1,35.3793,0.5411
10280000,25,-315.649,2043.78,20.0598,0.502
10300000,23,-296.852,2032.47,16.8144,0.476
10320000,25,-311.022,2017.66,20.8986,0.513857
10340000,25,-316.613,2038.58,26.5584,0.492
10360000,22,-283.986,2048.08,14.1148,0.4876
10380000,24,-302.609,2001.53,18.3189,0.522
10400000,27,-335.818,2027.94,31.3611,0.509
10420000,28,-345.247,2035.09,39.7591,0.507
10440000,34,-408.547,2037.21,33.9013,0.518
10460000,31,-384.486,2046.01,29.5161,0.529125
10480000,29,-358.434,2049.41,25.7367,0.506
10500000,36,-437.038,2057.7,42.199,0.528917
10520000,31,-372.892,2039.18,22.244,0.537
10540000,24,-311.472,2060.49,20.238,0.4815
10560000,29,-358.776,2054.68,21.0536,0.511
10580000,30,-365.742,2033.46,38.616,0.528
10600000,26,-321.826,2048.81,25.921,0.516
10620000,29,-357.371,2031.53,27.8307,0.4975
10640000,32,-388.062,2037.63,38.535,0.48
10660000,29,-357.66,2063.36,23.5741,0.505
10680000,27,-337.226,2025.6,39.4336,0.482
10700000,31,-387.265,2038.39,28.1289,0.52
10720000,33,-397.12,2078.61,38.0671,0.55
10740000,26,-334.334,2074.26,28.8114,0.467
10760000,36,-444.609,2079.05,39.9354,0.546
10780000,31,-394.571,2070.61,34.18,0.511
10800000,33,-403.691,2081.97,29.9578,0.505207
10820000,28,-356.787,2037.01,38.63,0.51
10840000,25,-311.881,2034.15,29.6286,0.501
10860000,37,-447.161,2057.45,27.8799,0.515
10880000,27,-332.302,2037.65,25.4661,0.5095
10900000,30,-388.5,2033.81,24.1072,0.495
10920000,31,-402.72,2057.93,30.5117,0.507
10940000,28,-350.265,2038.94,29.9314,0.519
10960000,25,-318.42,2061.44,18.2968,0.486
10980000,32,-390.743,2064.63,35.2717,0.501
11000000,34,-416.822,2032.16,38.9921,0.530121
11020000,30,-365.605,2013.31,33.9784,0.512
11040000,33,-398.235,2061.8,31.9675,0.5455
11060000,29,-350.888,2058.34,32.8409,0.505
11080000,28,-355.668,2006.24,27.1576,0.519667
11100000,26,-326.299,2021.28,22.7208,0.516
11120000,28,-346.239,2038.36,28.3243,0.496056
11140000,23,-290.149,2007.17,23.1001,0.491
11160000,28,-347.169,2025.85,26.5244,0.511481
11180000,29,-373.329,2051.19,25.9104,0.517
11200000,27,-338.507,2032.41,48.0021,0.493
11220000,26,-328.795,2024.47,30.209,0.472
11240000,26,-317.771,1993.63,35.6678,0.499667
11260000,23,-288.554,2006.03,23.6004,0.481
11280000,28,-348.579,2031.76,34.2372,0.513
11300000,25,-313.37,2057.78,21.0746,0.52
11320000,27,-348.35,2042.18,26.3306,0.466
11340000,28,-348.471,2048.93,23.3602,0.509
11360000,27,-345.794,2025.77,23.9159,0.532
11380000,24,-308.771,2019.53,22.8222,0.514947
11400000,23,-298.098,1977.52,24.0176,0.464
11420000,26,-329.743,2036.93,18.032,0.483
11440000,21,-265.253,2011.94,30.2943,0.478
11460000,24,-294.587,2016.76,27.5501,0.491
11480000,27,-328.941,2039.07,34.0736,0.497
11500000,26,-328.36,2023.32,33.0952,0.446
11520000,28,-345.55,2021.49,27.4828,0.51
11540000,32,-404.419,2063.74,27.0757,0.539
11560000,27,-327.267,2051.75,32.6682,0.527
11580000,28,-338.915,2023.5,27.8667,0.517
11600000,29,-372.57,2039.06,34.0132,0.544
11620000,25,-312.493,2068.89,20.6005,0.506
11640000,32,-390.313,2061.44,37.7697,0.5588
11660000,29,-356.049,2056.91,28.0192,0.507
11680000,26,-315.87,2007.49,31.6699,0.5262
11700000,26,-320.7,2038.03,30.5188,0.469
11720000,27,-338.865,2014.33,28.2962,0.516667
11740000,28,-354.798,2025.91,24.8343,0.518
11760000,26,-323.624,2050.38,28.5806,0.488
11780000,31,-389.164,2032.66,32.8061,0.531667
11800000,32,-394.874,2028.6,30.4999,0.517
11820000,31,-383.538,2064.35,27.8465,0.506857
11840000,33,-404.743,2059.71,31.0119,0.529875
11860000,29,-358.815,2066.23,32.9931,0.486
11880000,30,-366.522,2071.34,31.1666,0.5165
11900000,27,-344.105,2050.71,23.956,0.514
11920000,33,-402.922,2044.03,31.9227,0.521083
11940000,29,-370.625,2035.83,28.1406,0.518
11960000,25,-321.046,2047.58,34.3659,0.476
11980000,25,-325.769,2049.98,20.4864,0.482
12000000,25,-312.094,2019.72,18.4549,0.492
12020000,28,-356.017,2034.86,19.8541,0.509
12040000,29,-362.591,2061.08,29.4781,0.496
12060000,33,-401.856,2058.01,34.2074,0.516062
12080000,23,-294.187,2022.28,28.9624,0.494
12100000,27,-341.126,2030.44,27.503,0.498
12120000,25,-309.007,2038.07,26.6421,0.497
12140000,33,-405.949,2057.31,33.6761,0.513
12160000,30,-375.018,2044.85,35.8912,0.525
12180000,26,-326.585,2009.65,28.1907,0.504
12200000,28,-355.654,2054.82,22.5166,0.4765
12220000,22,-281.768,2009.11,28.6273,0.508444
12240000,32,-394.008,2051.75,38.7212,0.518
12260000,27,-340.531,2060.13,29.983,0.505
12280000,29,-372.775,2049.93,24.6332,0.518
12300000,26,-323.741,2035.75,21.6933,0.524875
12320000,28,-348.511,2046.2,32.1578,0.501
12340000,28,-352.514,2041.29,28.1541,0.507417
12360000,27,-343.04,2012.01,26.0806,0.500167
12380000,31,-382.101,2049,25.1519,0.533833
12400000,35,-422.869,2050.64,34.1841,0.537
12420000,35,-438.485,2060.19,42.9868,0.5215
12440000,24,-311.293,2042.78,20.1324,0.5
12460000,32,-387.131,2058.73,33.6721,0.53725
12480000,32,-386.221,2038.56,37.4876,0.549
12500000,29,-363.854,2045.89,24.9548,0.522333
12520000,32,-386.069,2041.1,32.0502,0.524
12540000,28,-350.301,2013.19,32.1511,0.527143
12560000,33,-396.543,2014.5,37.1081,0.509667
12580000,22,-280.227,1997.67,22.1769,0.512786
12600000,25,-320.607,2053.96,21.2957,0.486
12620000,26,-331.513,2024.87,24.525,0.506
12640000,31,-378.085,2029.57,26.6412,0.529
12660000,26,-334.866,2038.43,22.9282,0.532
12680000,27,-339.904,2034.21,33.4591,0.53
12700000,25,-312.854,2019.59,22.5907,0.497
12720000,28,-352.491,2038.27,36.7554,0.482
12740000,27,-338.356,2029.41,33.8654,0.517
12760000,29,-360.086,2064.53,24.3044,0.512
12780000,31,-387.782,2068.2,38.5176,0.505
12800000,31,-382.992,2061.32,35.4433,0.544
12820000,35,-423.321,2057.56,39.2447,0.552
12840000,26,-339.983,2049.04,25.366,0.5052
12860000,34,-418.956,2050.16,39.0094,0.53
12880000,31,-392.368,2062.63,37.5184,0.528
12900000,30,-374.167,2076.08,40.3385,0.531
12920000,26,-334.644,2042.11,14.969,0.485
12940000,26,-327.479,2068.51,18.7821,0.511
12960000,32,-395.829,2054.15,29.5985,0.499
12980000,34,-417.316,2053.12,31.6969,0.515
13000000,30,-370.876,2047.09,24.9889,0.508143
13020000,26,-330.97,2068.28,27.9379,0.487
13040000,29,-357.387,2030.72,35.148,0.512098
13060000,28,-356.272,2066.16,29.7087,0.525
13080000,36,-440.666,2061.82,31.3589,0.499
13100000,28,-341.836,2042.78,21.9064,0.484
13120000,30,-366.402,2030.68,28.623,0.523
13140000,30,-370.276,2038.83,28.2438,0.509
13160000,26,-322.458,2030.89,22.3981,0.472
13180000,27,-335.975,2045.65,31.3436,0.486
13200000,32,-398.982,2018.91,28.6572,0.503974
13220000,27,-342.246,2054.65,30.813,0.521
13240000,30,-379.952,2065.27,24.308,0.528
13260000,34,-413.196,2077.05,41.7172,0.522
13280000,29,-366.355,2040.61,20.1556,0.506
13300000,34,-414.59,2046.35,22.4478,0.533
13320000,39,-461.697,2069.44,46.1901,0.550094
13340000,30,-379.988,2071.75,42.665,0.514857
13360000,29,-364.587,2076.79,36.8878,0.49
13380000,28,-366.871,2057.18,24.192,0.49325
13400000,26,-317.755,2004.34,28.319,0.5065
13420000,29,-355.316,2023.42,26.4485,0.503
13440000,30,-367.923,2043.65,29.6465,0.52464
13460000,36,-430.149,2050.56,42.7664,0.530286
13480000,31,-379.846,2003.93,35.0574,0.520667
13500000,28,-362.125,2058.26,27.0003,0.514
13520000,30,-384.431,2091.7,20.0968,0.516
13540000,29,-361.424,2025.69,21.0316,0.511
13560000,32,-400.802,2072.71,32.7895,0.5108
13580000,26,-335.258,2032.68,22.3608,0.504
13600000,30,-383.84,2055.18,32.7132,0.514
13620000,28,-345.287,2034.88,32.344,0.49
13640000,30,-372.127,2048.26,21.595,0.5085
13660000,29,-368.549,2057.88,19.5034,0.537
13680000,33,-410.004,2048.94,29.4055,0.51
13700000,32,-393.361,2053.4,30.9077,0.496
13720000,28,-348.481,2051.91,32.4965,0.49025
13740000,27,-333.166,2040.39,33.631,0.514
13760000,30,-365.535,2026.45,34.4497,0.527667
13780000,23,-285.715,2035.68,14.4982,0.470333
13800000,35,-419.216,1997.5,38.8177,0.532333
13820000,30,-380.009,2046.26,31.6749,0.514
13840000,27,-332.605,2033,35.7641,0.5195
13860000,23,-281.419,2028.7,26.5235,0.467
13880000,28,-346.84,2023.81,36.8904,0.514722
13900000,29,-353.075,2028.54,32.2235,0.521647
13920000,26,-338.656,2029.18,28.3262,0.514143
13940000,30,-370.345,2031.76,28.4218,0.520882
13960000,32,-388.2,2038.7,19.8261,0.527607
13980000,28,-353.485,2062.11,34.202,0.52175
14000000,31,-384.63,2044.38,32.0015,0.525
14020000,30,-366.713,2044.4,27.2661,0.509
14040000,33,-394.242,2066.32,30.2158,0.524
14060000,29,-359.698,2032.05,28.9774,0.516
14080000,31,-375.475,2034.27,28.2573,0.518333
14100000,30,-369.345,2049.27,35.5068,0.512
14120000,26,-327.582,2029.2,23.0417,0.511
14140000,29,-363.807,2065.66,33.6628,0.524333
14160000,28,-354.411,2070.72,32.4779,0.54
14180000,28,-342.691,2041.93,26.4461,0.504
14200000,28,-339.477,2046.68,40.3003,0.495
14220000,27,-331.643,2037.11,29.7268,0.496
14240000,26,-333.682,2048.35,29.418,0.515
14260000,29,-362.295,2025.73,24.9081,0.509844
14280000,29,-355.196,2026.38,34.8683,0.515
14300000,26,-328.728,2047.06,30.4314,0.509
14320000,28,-343.034,2046.48,30.7765,0.516
14340000,26,-328.29,2036.27,25.8582,0.485
14360000,32,-386.877,2037.93,18.9194,0.527
14380000,28,-341.92,2020.75,29.6359,0.521
14400000,26,-320.842,2035.58,34.1512,0.502833
14420000,34,-415.06,2053.01,42.2775,0.551
14440000,23,-298.735,2047.73,27.5417,0.514
14460000,28,-339.163,2018.67,26.6058,0.497286
14480000,30,-365.868,2040.18,31.3299,0.503
14500000,28,-348.306,2035.02,26.43,0.514
14520000,24,-301.006,2062.81,18.0807,0.493
14540000,33,-425.907,2059.41,35.3532,0.532
14560000,28,-356.113,2035.71,31.9905,0.516583
14580000,27,-331.285,2025.39,29.1812,0.51
14600000,29,-353.53,2038.13,27.5958,0.541
14620000,30,-365.217,2017.51,35.069,0.506
14640000,29,-365.064,2044.33,25.4595,0.520667
14660000,26,-334.33,2048.22,25.8827,0.492
14680000,29,-368.408,2057.4,24.3925,0.538538
14700000,26,-330.176,2045.73,25.1127,0.506
14720000,28,-346.614,2047.42,24.8698,0.499
14740000,32,-383.064,2066.17,38.1359,0.537
14760000,29,-365.248,2044.87,25.5924,0.5295
14780000,28,-353.059,2042.85,17.1462,0.502333
14800000,29,-375.176,2075.65,24.2008,0.523
14820000,31,-381.742,2049.77,35.6937,0.524
14840000,29,-371.414,2052.1,34.7638,0.506
14860000,30,-374.988,2061.41,33.652,0.507
14880000,26,-338.125,2037.93,41.2447,0.490714
14900000,30,-385.232,2064.67,34.5208,0.514857
14920000,23,-298.213,2033.06,27.3127,0.449
14940000,28,-354.298,2029.14,37.4282,0.51
14960000,28,-349.447,2062.27,23.8017,0.483667
14980000,26,-331.572,2058.16,20.7274,0.478
15000000,30,-375.457,2039.41,28.6373,0.49
15020000,28,-354.747,2067.54,35.0447,0.515552
15040000,28,-358.358,2027.84,35.1753,0.52
15060000,27,-334.386,2040.97,25.4194,0.508
15080000,28,-344.172,2040.06,33.0119,0.5072
15100000,30,-382.259,2048.8,21.7683,0.529
15120000,32,-396.542,2047.39,42.4657,0.516182
15140000,33,-409.214,2060.66,32.6995,0.514
15160000,32,-375.465,2020.88,29.6766,0.524118
15180000,32,-376.135,2011.45,35.98,0.514222
15200000,32,-386.051,2037.75,29.2469,0.526
15220000,34,-409.618,2068.55,45.2609,0.527
15240000,29,-358.785,2031.97,22.0835,0.4935
15260000,27,-331.405,2034.53,25.8811,0.520667
15280000,25,-314.863,2009.16,24.1974,0.505
15300000,28,-347.782,2027.66,28.9595,0.538
15320000,25,-321.458,2038.35,20.0227,0.508
15340000,26,-341.204,2020.88,28.7553,0.51441
15360000,29,-366.508,2067.77,32.6019,0.502
15380000,25,-316.785,2030.76,23.2649,0.508143
15400000,24,-298.91,2039.05,25.7034,0.491
15420000,26,-338.756,2031.68,23.6899,0.485
15440000,31,-380.136,2036.65,25.193,0.511
15460000,38,-457.579,2054.45,49.1584,0.520917
15480000,31,-380.731,2058.52,26.1114,0.541
15500000,32,-397.376,2044.84,40.1671,0.477
15520000,29,-356.643,2056.23,30.1988,0.5025
15540000,31,-384.392,2047.82,32.2959,0.509
15560000,30,-380.343,2066.27,26.7851,0.523
15580000,32,-395.316,2073.62,30.1256,0.5185
15600000,27,-346.795,2073.32,28.0088,0.514
15620000,29,-363.27,2066.14,34.644,0.504
15640000,25,-317.197,2031.02,32.7358,0.518467
15660000,28,-353.54,2027.22,30.3109,0.531067
15680000,38,-456.919,2060.38,38.7583,0.5095
15700000,28,-344.47,2041.37,28.1538,0.520048
15720000,23,-291.66,2053.13,31.5686,0.476
15740000,29,-374.482,2068.42,32.2044,0.506
15760000,28,-353.568,2052.34,37.1131,0.5115
15780000,30,-383.668,2067.95,26.4284,0.485
15800000,28,-348.555,2057.07,26.4692,0.504
15820000,31,-389.366,2070.23,36.6312,0.52
15840000,27,-346.492,2069.83,26.6349,0.490333
15860000,31,-400.097,2066.79,35.7221,0.483
15880000,27,-351.016,2066.81,21.7155,0.496
15900000,31,-372.625,2021.67,22.9894,0.52
15920000,40,-480.886,2041.22,47.3022,0.53
15940000,36,-443.875,2075.38,35.2977,0.52
15960000,32,-411.919,2059.97,40.0338,0.503
15980000,33,-411.116,2068.18,34.3286,0.531
16000000,30,-379.803,2060.32,30.746,0.475
16020000,27,-341.538,2037.15,24.5818,0.4925
16040000,26,-331.096,2043.02,30.2991,0.491
16060000,30,-369.792,2037.83,21.9282,0.505
16080000,27,-341.267,2046.05,21.1618,0.499
16100000,32,-392.799,2077.53,35.9718,0.537
16120000,31,-381.192,2075.48,29.6734,0.55
16140000,27,-345.489,2054.02,24.1554,0.484
16160000,36,-440.942,2026.21,38.2361,0.522154
16180000,29,-359.711,2039.29,19.8779,0.511
16200000,30,-372.421,2044.41,34.5151,0.519
16220000,27,-336.742,2043.73,19.9729,0.473
16240000,33,-406.971,2047.99,38.285,0.517348
16260000,29,-364.92,2058.64,27.1913,0.493
16280000,25,-314.522,2050.83,25.0084,0.496
16300000,27,-329.936,2042.06,27.5884,0.509
16320000,35,-416.771,2054.1,35.2328,0.543
16340000,30,-362.271,2034.77,30.4269,0.504
16360000,37,-435.778,2029.77,39.5333,0.586
16380000,33,-403.46,2044.17,23.5334,0.524867
16400000,27,-339.468,2048.71,29.8346,0.503
16420000,33,-407.949,2058.73,26.1636,0.53025
16440000,33,-397.917,2029.66,37.2283,0.536259
16460000,36,-431.278,2077.9,26.0723,0.506
16480000,29,-354.09,2029.56,32.0216,0.514143
16500000,28,-344.142,2007.69,24.7074,0.529
16520000,31,-382.29,2050.18,39.5061,0.55
16540000,30,-377.231,2063.67,35.4246,0.517
16560000,31,-398.696,2044.96,35.6608,0.492
16580000,31,-399.58,2052.75,41.5729,0.543
16600000,28,-361.587,2079.95,28.5124,0.498
16620000,29,-362.911,2027.31,31.4072,0.506143
16640000,26,-326.417,2003.04,32.4776,0.520077
16660000,27,-331.505,2026.43,32.5846,0.511
16680000,33,-402.716,2052.84,29.9294,0.511091
16700000,31,-377.15,2029.22,25.9945,0.515
16720000,25,-327.319,2065.11,24.7842,0.458
16740000,32,-404.714,2070.32,29.0859,0.538
16760000,31,-392.699,2068.78,29.8354,0.514
16780000,29,-358.201,2044.44,29.3459,0.505
16800000,23,-302.099,2055.06,20.1112,0.495625
16820000,27,-340.696,2037.16,30.3158,0.5
16840000,27,-344.133,2040.89,30.9709,0.451
16860000,23,-296.533,2008.66,20.9085,0.481
16880000,25,-326.035,2043,28.0952,0.504
16900000,39,-465.579,2069.52,49.2078,0.521182
16920000,25,-315.384,2033.32,25.2682,0.491
16940000,26,-325.108,2021.77,31.1676,0.502
16960000,30,-369.57,2046.92,39.0726,0.488
16980000,27,-356.77,2051.44,35.7732,0.489333
17000000,24,-299.474,2027.96,20.711,0.491
17020000,25,-309.513,2039.28,27.1355,0.507
17040000,26,-330.244,2009.16,28.371,0.51
17060000,23,-298.733,2041.47,28.8281,0.481
17080000,27,-341.501,2045.91,29.9634,0.486
17100000,28,-354.515,2036.58,28.416,0.479
17120000,25,-315.618,2023.84,35.9298,0.537
17140000,27,-326.123,2012.68,24.2709,0.515
17160000,37,-442.911,2005.43,34.3343,0.542
17180000,29,-358.012,2073.12,20.3163,0.536
17200000,27,-338.011,2090.64,30.6693,0.507
17220000,29,-359.54,2041.19,25.9719,0.496
17240000,41,-480.517,2049.94,52.015,0.523125
17260000,24,-301.245,2044.78,30.717,0.519314
17280000,28,-352.887,2045.62,31.2665,0.515333
17300000,26,-325.383,2048.93,38.8054,0.495
17320000,28,-350.898,2072.26,32.9811,0.473
17340000,34,-413.796,2046.44,38.1616,0.541
17360000,36,-446.815,2049.33,34.1694,0.511167
17380000,29,-363.8,2046.68,25.0991,0.506
17400000,25,-318.254,2048.44,26.3462,0.501
17420000,29,-364.212,2041.83,33.8537,0.507
17440000,28,-345.71,2024.19,23.1186,0.516
17460000,28,-341.917,2026.93,42.1229,0.544
17480000,30,-364.539,2027.85,31.3895,0.507
17500000,30,-375.217,2023.95,46.0025,0.496
17520000,26,-333.507,2035.79,22.6741,0.51
17540000,28,-356.941,2069.35,34.2878,0.4645
17560000,29,-357.977,2027.78,22.2844,0.491
17580000,33,-392.153,2010.69,32.2278,0.527857
17600000,26,-335.43,2034.3,30.4875,0.517
17620000,27,-340.057,2057.46,25.8705,0.52
17640000,27,-335.05,2028.65,24.1106,0.496
17660000,28,-338.095,2040.4,21.8872,0.504
17680000,31,-373.626,2039.09,40.9349,0.5345
17700000,31,-396.7,2055.02,32.7058,0.5132
17720000,30,-371.037,2052.4,37.6462,0.498
17740000,22,-279.872,2023.89,17.7553,0.502
17760000,28,-351.069,2032.92,24.5407,0.505444
17780000,25,-314.655,2038.54,27.1919,0.50225
17800000,26,-323.438,2035.79,20.249,0.498
17820000,28,-355.127,2064.42,29.7292,0.474
17840000,28,-355.846,2058.31,26.0341,0.495
17860000,29,-355.293,2010.9,30.8215,0.482
17880000,29,-368.628,2073.33,28.018,0.5
17900000,26,-336.979,2080.7,20.0859,0.505
17920000,27,-360.83,2064.78,29.8017,0.523
17940000,27,-335.956,2029.39,20.9563,0.484
17960000,33,-418.742,2047.99,27.5696,0.53
17980000,24,-316.057,2032.04,21.7216,0.478714
18000000,31,-385.543,2050.32,27.8048,0.507
18020000,30,-382.947,2064.53,20.8781,0.515
18040000,28,-349.344,2070.97,40.3716,0.46
18060000,28,-346.61,2039.09,35.1053,0.489
18080000,34,-421.684,2060.19,35.6113,0.502
18100000,31,-376.315,2054.28,31.6563,0.532667
18120000,29,-355.604,2051.04,24.3077,0.509
18140000,31,-372.694,2039.52,25.7087,0.531
18160000,27,-326.694,2033.95,25.4947,0.493
18180000,32,-375.255,2053.45,29.3465,0.53
18200000,31,-366.621,2049.2,32.6393,0.525444
18220000,27,-343.185,2045.37,37.8793,0.491333
18240000,27,-342.746,2041.65,22.9482,0.521
18260000,30,-378.658,2031.34,36.2718,0.505
18280000,30,-372.86,2044.4,31.3792,0.514
18300000,26,-321.356,2009.84,18.3311,0.525
18320000,32,-397.043,2027,35.5536,0.513
18340000,32,-387.327,2037.69,37.9848,0.526
18360000,31,-389.903,2044.42,28.8293,0.532273
18380000,27,-341.463,2054.64,27.0151,0.524
18400000,27,-333.874,2051.05,18.5632,0.503
18420000,31,-372.93,2036.64,34.6625,0.497
18440000,23,-296.426,2040.64,23.1541,0.475
18460000,25,-314.736,2031.8,31.1685,0.493
18480000,27,-334.471,2019.23,28.2903,0.542
18500000,28,-355.412,2065.33,24.3191,0.484
18520000,24,-315.673,2053.46,17.5244,0.463
18540000,28,-344.007,2037.55,27.9882,0.509
18560000,27,-327.809,2042.78,16.8744,0.490667
18580000,25,-308.871,2041.81,20.6895,0.496
18600000,25,-311.266,2022.02,24.2344,0.496
18620000,28,-346.825,2053.46,41.3059,0.503
18640000,26,-327.066,2028.71,26.57,0.511
18660000,28,-358.808,2023.81,20.1749,0.515727
18680000,27,-337.746,2056.4,30.7086,0.504
18700000,36,-447.422,2049.22,44.7639,0.539
18720000,24,-317.696,2075.68,24.3638,0.486
18740000,30,-372.755,2051.51,41.0731,0.531
18760000,32,-397.136,2060.29,29.8847,0.52
18780000,30,-371.474,2061.76,21.4691,0.509
18800000,22,-282.452,2028.32,17.4257,0.484
18820000,23,-298.421,2034,22.5347,0.449
18840000,26,-328.845,2034.81,25.0517,0.478571
18860000,25,-308.732,2058.6,29.3466,0.493
18880000,31,-381.311,2046.94,30.4347,0.528531
18900000,29,-356.633,2059.83,36.1085,0.525
18920000,31,-380.467,2051.22,34.2259,0.506556
18940000,29,-354.999,2008.8,28.9859,0.539
18960000,27,-342.575,2027.09,23.5887,0.54
18980000,33,-408.446,2029.95,35.8161,0.544
19000000,28,-342.935,2009.6,29.6897,0.509
19020000,24,-309.422,2040.18,25.5575,0.502
19040000,27,-343.605,2053.25,27.8496,0.505
19060000,26,-331.116,2040.46,26.269,0.477
19080000,30,-372.242,2041.53,39.2443,0.509235
19100000,25,-321.575,2034.43,24.9313,0.478
19120000,35,-428.256,2063.14,45.775,0.523
19140000,30,-379.894,2035.88,24.916,0.52
19160000,29,-361.835,2038.89,24.9709,0.522
19180000,25,-309.519,2054.07,17.8312,0.464
19200000,31,-384.898,2042.72,25.8098,0.487
19220000,30,-351.071,2047.77,31.6994,0.503
19240000,26,-317.402,2040.59,25.212,0.514
19260000,31,-385.454,2051.96,25.4418,0.51
19280000,31,-389.638,2050.84,31.9056,0.518769
19300000,24,-297.963,2034.5,28.9702,0.528
19320000,28,-348.685,2042.33,27.032,0.514
19340000,29,-352.205,2052.73,29.4763,0.487
19360000,32,-381.964,2058.64,32.2578,0.530429
19380000,24,-304.609,2055.29,31.3278,0.463
19400000,28,-345.816,2040.44,21.2125,0.521
19420000,29,-359.887,2061.56,28.5532,0.526
19440000,30,-382.551,2065.11,29.4129,0.506
19460000,26,-329.933,2059.49,37.2798,0.507
19480000,27,-347.046,2036.97,25.709,0.493
19500000,35,-427.572,2066.62,27.3755,0.530571
19520000,27,-334.792,2062.07,34.1583,0.498
19540000,27,-349.047,2046.42,27.0769,0.479
19560000,28,-355.14,2023,35.4149,0.494
19580000,28,-344.56,2031.79,22.2846,0.512
19600000,26,-332.972,2026.48,25.2573,0.489
19620000,30,-379.765,2014.64,27.6423,0.532
19640000,26,-331.934,2032.96,21.6946,0.4855
19660000,27,-329.682,2047.04,22.6961,0.521
19680000,27,-345.259,2032.98,19.3284,0.477
19700000,29,-366.4,2085.93,29.1442,0.511
19720000,26,-330.982,2060.32,34.1534,0.498
19740000,31,-389.584,2042.65,32.7518,0.520667
19760000,28,-348.693,2066.81,28.5192,0.502
19780000,26,-332.985,2048.04,26.7246,0.491
19800000,29,-367.53,2054.07,29.4813,0.498
19820000,29,-357.995,2022.21,35.0617,0.501
19840000,29,-350.721,2040.92,23.8408,0.492
19860000,32,-397.085,2033.82,31.0163,0.514529
19880000,26,-321.294,2067.08,20.9427,0.495
19900000,27,-345.898,2051.29,36.1783,0.497
19920000,29,-355.141,2037.89,26.5994,0.528
19940000,31,-382.509,2057.33,30.996,0.501
19960000,28,-352.725,2059.92,29.5907,0.498
19980000,31,-379.296,2049.67,30.8284,0.524
20000000,28,-345.51,2061.88,24.6716,0.515
20020000,26,-317.07,2002.87,31.2616,0.496
20040000,26,-328.741,2020.8,23.9538,0.529077
20060000,24,-310.69,2056.77,27.2088,0.493
20080000,23,-293.125,2053.76,30.416,0.499
20100000,24,-299.896,2048.01,27.8906,0.519
20120000,24,-310.081,2052.65,22.9188,0.478
20140000,25,-314.693,2038.5,40.803,0.482
20160000,34,-429.56,2064.31,29.5244,0.528
20180000,25,-328.077,2062.74,30.2292,0.533
20200000,30,-379.612,2030.24,26.0492,0.527
20220000,30,-376.231,2049.06,28.3488,0.55
20240000,29,-365.715,2079.26,36.8288,0.532
20260000,24,-311.508,2032.24,21.2319,0.493
20280000,30,-361.765,2040.41,32.8551,0.531
20300000,28,-345.153,2065.08,27.4017,0.485
20320000,28,-347.059,2019.82,29.5762,0.482
20340000,26,-331.526,2023.88,23.0796,0.493
20360000,29,-364.539,2039.13,30.1682,0.546
20380000,31,-381.077,2012.65,27.2161,0.508
20400000,38,-447.073,2054.32,46.7123,0.547
20420000,29,-369.747,2013.65,28.7325,0.527
20440000,24,-301.278,2000.57,25.2523,0.471
20460000,22,-281.07,1983.15,23.0587,0.464
20480000,23,-290.803,1986.35,17.2798,0.464
20500000,26,-335.205,2060.22,24.3489,0.482
20520000,24,-306.552,2002.76,23.8669,0.525125
20540000,27,-331.786,2045.52,37.0623,0.478
20560000,27,-348.481,2059.68,24.8081,0.48
20580000,33,-414.615,2084.74,34.3943,0.485
20600000,27,-343.653,2012.46,25.4184,0.447
20620000,31,-394.419,2074.74,24.9662,0.519
20640000,29,-363.429,2058.31,29.2993,0.506778
20660000,26,-321.417,2038.68,26.7709,0.504
20680000,33,-398.345,2063.66,32.4095,0.542
20700000,25,-315.463,2042.66,31.4845,0.4905
20720000,27,-343.056,2036.82,36.539,0.513
20740000,30,-389.581,2079.35,23.4012,0.4645
20760000,25,-322.772,2058.85,28.571,0.48
20780000,28,-361.393,2040.39,25.2572,0.488
20800000,29,-363.135,2043.48,29.5871,0.517
20820000,27,-334.925,2013.49,23.145,0.5042
20840000,29,-360.291,2040.81,32.1814,0.503
20860000,26,-316.193,2019.53,31.4092,0.516
20880000,33,-412.822,2034.63,33.8673,0.517
20900000,29,-355.059,2052.82,24.1916,0.529
20920000,29,-355.288,2024.52,35.7921,0.550667
20940000,26,-323.415,2041.16,32.2458,0.495
20960000,27,-335.339,2038.33,28.9088,0.509
20980000,27,-335.219,2017.78,36.5615,0.48525
21000000,26,-321.128,2010.34,21.8809,0.492
21020000,31,-373.366,2027.79,42.1316,0.541
21040000,33,-395.515,2026.95,32.2288,0.526
21060000,27,-335.392,2032.74,33.92,0.507875
21080000,25,-314.51,2022.62,18.3953,0.524
21100000,25,-317.025,2022.19,25.9548,0.515
21120000,38,-450.804,2047.53,45.0915,0.553
21140000,25,-316.299,2011.93,35.0602,0.475
21160000,25,-311.386,2023.36,23.1727,0.498
21180000,29,-350.219,2004.31,32.1861,0.498
21200000,29,-364.003,2043.68,23.4496,0.51
21220000,37,-458.497,2054.2,35.1458,0.552
21240000,29,-358.263,2012.19,29.7121,0.53
21260000,30,-372.031,2062.57,24.4571,0.509
21280000,31,-382.797,2040.78,35.4583,0.502308
21300000,29,-352.133,2034.02,21.8509,0.49675
21320000,28,-345.03,2066.55,30.7406,0.486
21340000,27,-335.797,2035.36,37.3394,0.511
21360000,32,-391.174,2017.95,31.2947,0.541
21380000,32,-394.753,2035.6,32.5348,0.509957
21400000,29,-358.048,2028.94,26.6847,0.523
21420000,26,-324.921,2052.08,24.4773,0.491
21440000,28,-341.759,2011.09,29.0028,0.532
21460000,25,-310.211,2046.59,29.3778,0.516412
21480000,29,-350.858,2053.15,22.3143,0.512
21500000,30,-365.817,2070.62,36.1189,0.506
21520000,28,-355.555,2030.53,21.4461,0.531
21540000,25,-314.375,2023.39,22.1071,0.494667
21560000,34,-404.358,1992.2,35.686,0.471
21580000,31,-384.657,2036.96,27.656,0.52825
21600000,31,-387.765,2024.18,20.5526,0.497
21620000,28,-356.594,2036.67,24.7106,0.505
21640000,28,-348.61,2041.22,28.9073,0.509
21660000,28,-341.99,2000.81,25.6134,0.506333
21680000,27,-326.511,2000.85,28.2484,0.52
21700000,25,-307.302,2052.44,30.1287,0.521
21720000,29,-358.266,2060.28,31.3012,0.529
21740000,27,-331.453,2048.95,28.2707,0.494
21760000,25,-313.171,2005.28,16.3471,0.491875
21780000,35,-413.855,2022.91,33.9374,0.536817
21800000,31,-391.893,2076.76,29.9272,0.508
21820000,30,-380.253,2043.53,29.2815,0.458
21840000,34,-415.388,2065.18,38.8795,0.52575
21860000,25,-311.474,2000.91,25.2383,0.494111
21880000,31,-376.053,2040.03,29.3867,0.496
21900000,30,-367.378,2059.36,42.1748,0.515
21920000,31,-382.38,2008.43,33.5133,0.516
21940000,24,-308.018,2014.66,24.9464,0.443
21960000,26,-329.486,1996.25,27.5522,0.494
21980000,28,-346.527,2035.27,25.8517,0.51288
22000000,26,-330.517,2011.15,29.2246,0.463
22020000,27,-343.904,2060.07,24.7769,0.503182
22040000,26,-315.294,2024.3,24.0397,0.479
22060000,27,-344.925,2015.64,18.7243,0.506
22080000,24,-299.02,2030.96,20.121,0.476
22100000,28,-354.13,2016.48,28.0545,0.529
22120000,26,-322.907,2033.07,29.6314,0.516
22140000,25,-322.125,1989.83,40.6636,0.51825
22160000,24,-309.79,2008.17,24.7865,0.528
22180000,26,-317.872,2023.18,24.6835,0.4895
22200000,24,-301.684,2031.59,23.2872,0.487
22220000,24,-313.325,2036.7,23.1992,0.512
22240000,30,-368.804,2011.01,36.1494,0.507
22260000,24,-308.296,2006.25,23.4022,0.487
22280000,27,-334.132,2016.64,32.415,0.505
22300000,24,-301.26,2032.26,30.7314,0.478
22320000,25,-324.975,2003.43,28.2455,0.4918
22340000,28,-345.865,2016.61,43.5263,0.525435
22360000,32,-389.323,2014.65,23.2536,0.511727
22380000,30,-366.011,2042.58,34.3098,0.5149
22400000,25,-317.74,2022.56,34.9631,0.505
22420000,29,-349.089,1998.14,30.184,0.534
22440000,24,-297.795,1997.54,20.924,0.454
22460000,26,-324.405,2015.85,26.7042,0.475
22480000,28,-346.186,2031.17,21.8649,0.5065
22500000,27,-338.619,2016.38,26.1219,0.4875
22520000,24,-308.293,2003.55,27.6692,0.51
22540000,26,-325.425,2002.44,25.5417,0.537
22560000,32,-392.401,2033.86,34.2721,0.516
22580000,25,-327.364,2028.32,33.6728,0.499
22600000,35,-444.888,2068.72,43.1098,0.488
22620000,27,-340.86,2045.5,18.0967,0.516
22640000,26,-330.161,2033.97,26.291,0.484
22660000,24,-299.538,2004.68,28.29,0.492
22680000,32,-393.18,2050.48,42.8879,0.522396
22700000,26,-320.462,2000.77,33.8684,0.525923
22720000,29,-351.178,2026.83,29.9345,0.548
22740000,25,-313.895,2006.12,17.9348,0.527206
22760000,25,-313.425,1998.87,25.6977,0.538
22780000,33,-406.537,2051.36,43.8935,0.552
22800000,32,-401.239,2009.29,24.2938,0.514529
22820000,28,-350.734,2035.63,32.0612,0.533
22840000,29,-356.469,2023.25,28.5188,0.492
22860000,28,-344.18,2002.75,27.8123,0.5235
22880000,28,-356.997,2005.91,29.8513,0.5072
22900000,26,-321.558,2039.78,34.1271,0.5095
22920000,26,-328.306,2035.62,19.7908,0.504
22940000,31,-373.682,2032.49,30.6603,0.516857
22960000,27,-346.915,2051.52,36.0058,0.51
22980000,28,-348.842,2037.16,38.2664,0.503
23000000,27,-335.558,2036.44,26.0926,0.4992
23020000,30,-377.209,2051.18,40.2315,0.518
23040000,36,-437.606,2054.47,41.3677,0.521
23060000,23,-300.43,2022.54,19.4743,0.489
23080000,29,-352.326,2011.84,28.6251,0.4989
23100000,29,-351.62,2022.33,20.7385,0.506071
23120000,30,-371.912,2024.89,33.0962,0.503
23140000,26,-324.805,2039.01,32.5404,0.516
23160000,34,-431.143,2057.29,35.8359,0.498
23180000,32,-398.455,2035.99,26.3166,0.533
23200000,27,-339.93,2040.82,16.4436,0.4965
23220000,25,-318.236,2022.34,32.7953,0.47
23240000,33,-388.159,2026.69,36.3195,0.5335
23260000,25,-309.182,2018.53,25.7247,0.492
23280000,31,-388.339,2051.22,40.9447,0.502
23300000,27,-337.616,2024.75,24.7776,0.496
23320000,29,-352.239,2021.02,30.3917,0.505278
23340000,26,-331.166,2061.32,20.098,0.496
23360000,27,-335.453,2037.95,22.1255,0.506
23380000,29,-367.985,2042.79,30.4893,0.508
23400000,30,-374.201,2054.73,28.2181,0.501
23420000,26,-338.432,2049.41,25.8937,0.509
23440000,29,-357.531,2028.48,31.4577,0.5155
23460000,27,-333.462,1997.43,30.1635,0.4865
23480000,27,-334.451,2028.52,28.1752,0.5
23500000,29,-371.987,2045.18,25.136,0.517933
23520000,26,-320.76,2046.47,29.6245,0.488
23540000,27,-342.201,2025.12,33.1332,0.475
23560000,25,-310.306,2040.97,32.2817,0.515
23580000,27,-339.082,2049.22,31.2004,0.504
23600000,25,-328.462,2023.45,21.1847,0.5078
23620000,27,-345.656,2046.7,33.7028,0.496
23640000,24,-307.976,2035.41,30.2203,0.509
23660000,23,-291.084,2040.9,16.0386,0.491
23680000,29,-376.278,2029.98,28.292,0.493
23700000,26,-323.584,1996.39,32.745,0.5035
23720000,23,-291.852,1994.14,27.0426,0.5065
23740000,25,-316.072,2011.54,32.4958,0.504214
23760000,30,-366.528,2021.65,28.4132,0.505667
23780000,24,-298.452,2034.72,21.652,0.5205
23800000,25,-313.926,2027.91,26.0594,0.516
23820000,22,-278.752,2009.98,22.1273,0.495
23840000,30,-373.104,2023.45,31.923,0.505
23860000,26,-323.989,2008.22,26.4031,0.475
23880000,30,-360.318,2036.3,29.7088,0.508
23900000,29,-348.644,2010.77,30.9703,0.514
23920000,25,-314.58,2036.81,24.1523,0.476
23940000,25,-325.962,2027.15,27.3102,0.49275
23960000,23,-302.433,1998.66,22.7129,0.49
23980000,28,-356.522,2008.2,18.2948,0.495
24000000,32,-402.159,2051.16,41.3703,0.506957
24020000,34,-400.582,2052.49,20.9252,0.5605
24040000,24,-310.479,2034.3,39.6106,0.4928
24060000,30,-379.71,2079.16,29.4695,0.509
24080000,30,-372.34,2086.39,35.2737,0.468
24100000,26,-324.246,2039.5,18.9414,0.489
24120000,31,-380.469,2027.57,31.8688,0.557
24140000,31,-380.414,2043.94,34.1122,0.529625
24160000,30,-378.831,2037.62,20.733,0.5128
24180000,28,-357.168,2068.18,28.9913,0.511
24200000,32,-391.871,2045.75,34.0913,0.5245
24220000,24,-302.798,2036.64,16.7082,0.477
24240000,27,-321.972,2030.37,31.9489,0.508
24260000,28,-341.847,2077.48,22.1,0.528
24280000,28,-343.332,2045.21,32.1932,0.512
24300000,32,-389.216,2051.97,28.8679,0.541
24320000,29,-382.587,2068.27,36.8538,0.513
24340000,29,-384.705,2054.86,37.4653,0.52825
24360000,33,-408.284,2026.64,37.5389,0.52
24380000,36,-428.748,2055.12,26.0041,0.5262
24400000,27,-339.199,2041.56,23.2961,0.511
24420000,30,-351.872,2047.89,34.7768,0.516
24440000,34,-403.903,2044.18,27.2954,0.542
24460000,31,-378.929,2018.21,22.4835,0.499375
24480000,27,-348.495,2033.83,29.8799,0.522
24500000,27,-346.595,2031,34.7033,0.526
24520000,30,-380.815,2049.61,30.4089,0.476
24540000,30,-375.531,2031.04,25.3807,0.479
24560000,26,-332.407,2044.14,24.1501,0.535
24580000,29,-353.63,2033.52,30.4244,0.520444
24600000,31,-382.249,2013.74,36.3225,0.529
24620000,24,-301.773,1999.71,19.5534,0.518174
24640000,26,-322.526,2009.68,30.2803,0.4888
24660000,27,-333.496,2038.87,27.2955,0.52
24680000,30,-375.696,2064.54,44.0906,0.534
24700000,29,-356.084,2040.15,40.8783,0.517
24720000,24,-303.656,2041.55,17.2116,0.463
24740000,33,-408.964,2046.43,26.5236,0.506
24760000,25,-314.572,2014.96,23.2564,0.482
24780000,27,-339.914,2022.35,34.4938,0.524105
24800000,29,-368.074,2062.57,28.1771,0.527
24820000,28,-360.315,2030.69,27.4771,0.5335
24840000,30,-372.082,2059.44,29.3099,0.521
24860000,30,-370.388,2043.89,31.1267,0.493
24880000,30,-368.421,2033.55,36.8005,0.511
24900000,24,-312.401,2043.98,25.4859,0.493
24920000,26,-320.597,2043.39,29.8164,0.484
24940000,34,-414.479,2065.85,34.2939,0.517875
24960000,27,-341.047,2032.16,23.5494,0.464
24980000,32,-377.984,2009.19,30.7162,0.533
25000000,27,-346.702,2035.16,21.736,0.516
25020000,28,-343.614,2051.9,23.6214,0.471
25040000,29,-358.686,2029.2,31.528,0.508286
25060000,26,-325.807,2060.26,32.2402,0.485
25080000,28,-342.949,2027.21,28.7001,0.54
25100000,29,-355.598,2018.01,31.7103,0.529
25120000,28,-338.136,2014.35,26.7343,0.492
25140000,28,-337.835,2046.39,28.205,0.492
25160000,33,-398.75,2054.04,46.495,0.517459
25180000,28,-346.658,2083.95,22.4141,0.5241
25200000,30,-380.404,2038.62,25.779,0.485
25220000,32,-396.973,2065.16,30.4723,0.521
25240000,27,-329.372,2008.96,28.7113,0.526941
25260000,27,-334.159,2003.95,24.1692,0.491
25280000,31,-384.435,2050.34,38.9227,0.475
25300000,28,-346.731,2016.9,29.7226,0.5232
25320000,25,-322.831,2037,19.6842,0.518
25340000,28,-349.896,2009.61,21.5327,0.53
25360000,26,-336.53,2051.46,32.9665,0.514467
25380000,32,-390.423,2020.47,25.3667,0.508
25400000,28,-360.593,2031.08,37.4853,0.494
25420000,31,-387.764,2017.77,29.682,0.523
25440000,27,-347.063,2052.22,24.7794,0.489
25460000,31,-394.369,2034.12,26.9938,0.508167
25480000,24,-316.594,2050.86,25.2389,0.486333
25500000,40,-485.411,2061.31,41.1609,0.534762
25520000,28,-357.172,2063.89,32.2823,0.496667
25540000,25,-317.492,2030.34,18.611,0.473
25560000,26,-324.762,2014.39,26.4421,0.494
25580000,32,-389.102,2038.4,25.2497,0.486
25600000,25,-315.575,2017.16,21.5784,0.5038
25620000,29,-353.285,2036.66,30.2992,0.485
25640000,34,-417.597,2054.82,42.9148,0.526547
25660000,30,-364.949,2044.37,33.2549,0.521625
25680000,27,-337.75,2040.82,27.9963,0.521
25700000,38,-446.32,2036.25,45.6395,0.532
25720000,36,-440.627,2036.89,25.4989,0.525188
25740000,35,-426.813,2049.09,38.884,0.513
25760000,32,-384.834,2024.34,21.4829,0.509
25780000,35,-436.115,2061.71,44.8693,0.506
25800000,28,-351.692,2030.28,24.8974,0.516
25820000,28,-353.924,2023.1,24.2224,0.505667
25840000,29,-358.786,2023.9,37.494,0.525
25860000,27,-344.849,2034.61,35.3476,0.538
25880000,32,-394.929,2055.12,33.3685,0.52
25900000,26,-326.54,2017.33,28.1698,0.458
25920000,32,-399.414,2073.4,39.7208,0.529
25940000,28,-353.158,2044.46,23.694,0.513
25960000,31,-376.285,2058.22,31.456,0.52
25980000,27,-340.549,2033.89,20.3704,0.5025
26000000,27,-340.014,1995.83,36.4365,0.474
26020000,32,-393.853,2045.92,38.1069,0.542818
26040000,31,-377.534,2037.22,31.818,0.518
26060000,23,-292.292,2014.12,26.7097,0.482
26080000,27,-335.596,2043.04,25.8944,0.471
26100000,26,-328.991,2040.01,22.9151,0.511
26120000,25,-312.49,2014.77,30.7187,0.474
26140000,26,-328.973,2037.64,24.734,0.469
26160000,30,-377.339,2066.16,25.2342,0.477
26180000,31,-382.383,2047.6,31.2674,0.532318
26200000,28,-345.28,2024.04,25.3238,0.522
26220000,28,-360.462,2021.25,28.8252,0.492375
26240000,32,-397.884,2011.55,40.7257,0.531
26260000,29,-371.701,2034.08,32.8479,0.517167
26280000,34,-405.939,2008.73,27.843,0.53
26300000,24,-291.287,2029.78,22.5034,0.501
26320000,27,-335.056,2027.64,33.0573,0.502
26340000,35,-415.863,2033.12,33.7899,0.549
26360000,30,-381.897,2041.96,33.2463,0.535
26380000,27,-335.073,2029.58,23.2114,0.499
26400000,28,-355.992,2062.98,21.7744,0.510526
26420000,34,-424.189,2053.75,35.367,0.542
26440000,29,-357.829,2047.67,34.6908,0.5095
26460000,30,-365.185,2030.14,24.0365,0.516
26480000,26,-331.875,2031.47,36.6723,0.495
26500000,31,-381.33,2028.14,24.5398,0.506667
26520000,25,-325.756,2039.74,24.7732,0.488
26540000,30,-375.154,2052.74,28.9979,0.491
26560000,24,-298.187,2030.01,17.5287,0.493
26580000,29,-365.742,2041.41,29.3595,0.506
26600000,25,-326.801,2042.82,22.1245,0.469
26620000,26,-317.552,2010.49,37.7814,0.503
26640000,29,-351.583,2035.18,39.1724,0.5256
26660000,24,-297.644,2031.44,24.4213,0.436
26680000,27,-331.944,2050.05,26.3201,0.461
26700000,34,-418.233,2053.08,36.5022,0.512
26720000,27,-353.868,2062.15,22.6106,0.469
26740000,27,-332.848,2034.01,22.5446,0.509
26760000,32,-391.227,2005.13,29.8152,0.505727
26780000,33,-398.287,2030.11,33.1052,0.529714
26800000,26,-325.33,2031.56,26.6929,0.495
26820000,26,-315.843,2026.03,23.4439,0.514667
26840000,25,-313.894,2020.9,26.7798,0.4878
26860000,29,-364.103,2007.63,33.4953,0.517
26880000,27,-334.056,2019.28,36.7463,0.514667
26900000,29,-360.122,2004.86,33.9615,0.5275
26920000,29,-361.199,2003.67,35.6439,0.503
26940000,33,-395.623,2004.1,17.0698,0.523
26960000,27,-351.159,2052.01,25.5849,0.467
26980000,30,-378.745,2064.55,32.5328,0.498
27000000,28,-344.556,2059.72,41.6774,0.496
27020000,27,-334.67,2036.19,26.6913,0.528
27040000,31,-380.2,2050.36,34.3503,0.495
27060000,26,-326.415,2026.42,29.9867,0.501
27080000,27,-344.082,2043.1,31.2714,0.496
27100000,31,-376.537,2021.23,34.0783,0.512
27120000,27,-340.493,2024.83,31.6084,0.482333
27140000,28,-353.929,2011.09,33.3521,0.463
27160000,32,-397.1,2054.86,26.8142,0.47
27180000,27,-337.469,2055.87,32.313,0.499
27200000,24,-299.139,2032.86,25.3738,0.494
27220000,28,-343.224,2001.19,30.7174,0.4992
27240000,28,-345.401,2011.31,26.5033,0.532
27260000,29,-358.388,2028,33.912,0.519391
27280000,24,-299.641,2035.21,35.1608,0.495
27300000,31,-376.84,2036.87,22.9636,0.526333
27320000,29,-355.134,2035.67,25.9052,0.529
27340000,25,-318.275,2022.57,16.5361,0.524
27360000,24,-308.614,2052.57,24.089,0.4875
27380000,34,-418.355,2045.18,26.9342,0.546
27400000,26,-325.48,2032.94,25.329,0.505
27420000,25,-314.011,2030.18,28.0584,0.508
27440000,35,-434.604,2064.12,36.9271,0.545
27460000,28,-355.239,2059.89,26.2264,0.51
27480000,28,-358.991,2032.8,31.8963,0.501
27500000,29,-351.252,2004.36,30.8932,0.51
27520000,28,-350.5,2067.39,28.5664,0.485
27540000,28,-346.58,2018.16,28.7555,0.515
27560000,25,-316.222,2023.33,28.2471,0.49525
27580000,29,-356.93,2023.14,20.4289,0.486
27600000,29,-363.43,2041.36,31.7399,0.530357
27620000,25,-320.737,2030.6,16.4795,0.458
27640000,23,-286.836,2042.36,17.5868,0.4675
27660000,33,-406.416,2051.16,33.4366,0.50075
27680000,25,-318.914,2037.21,31.6444,0.479
27700000,28,-346.797,2021.4,22.5522,0.505
27720000,32,-401.394,2030.47,28.2784,0.504
27740000,27,-330.981,2016.7,28.2421,0.5
27760000,26,-327.623,2008.54,28.845,0.51025
27780000,27,-340.943,2012.13,18.5319,0.497
27800000,27,-337.332,2090.98,22.827,0.483
27820000,30,-364.129,2022.31,23.8344,0.521333
27840000,31,-385.314,2023.4,29.9624,0.499
27860000,25,-315.583,2015.97,22.8732,0.504
27880000,27,-342.644,2071.41,32.7316,0.5
27900000,30,-384.853,2067.41,29.4415,0.507
27920000,24,-314.216,2067.35,24.1733,0.473
27940000,27,-338.354,2034.61,35.875,0.51
27960000,23,-303.148,2045.88,26.8671,0.471
27980000,30,-364.157,2028.86,39.0136,0.514667
28000000,32,-399.478,2079.1,31.1822,0.522385
28020000,29,-361.807,2044.25,32.786,0.535
28040000,35,-428.429,2083.96,27.8364,0.559
28060000,29,-364.706,2006.86,36.8158,0.531
28080000,25,-313.872,2027.34,21.1012,0.494
28100000,29,-353.888,2065.59,32.9191,0.52575
28120000,32,-399.79,2041.47,49.6538,0.4925
28140000,27,-332.743,2044.02,25.4615,0.506
28160000,28,-344.569,2055.83,30.1657,0.511
28180000,25,-312.697,2018.85,20.3214,0.475
28200000,32,-384.581,2011.65,43.5506,0.501
28220000,30,-356.826,2012.69,31.1478,0.546
28240000,30,-368.782,2018.78,41.876,0.554
28260000,28,-365.54,2033.11,31.9134,0.495
28280000,26,-325.545,2013.07,21.8464,0.513
28300000,24,-319.121,2045.51,23.8512,0.47
28320000,29,-362.12,2029.63,25.7458,0.558
28340000,25,-313.775,2035.47,24.6691,0.47025
28360000,30,-372.556,2035.62,28.0362,0.517
28380000,27,-335.725,2032.83,37.9641,0.477
28400000,28,-349.136,2033.25,29.2889,0.510861
28420000,24,-301.442,2035.56,24.1206,0.48
28440000,29,-353.514,2022.38,31.695,0.49
28460000,29,-362.205,2029.01,30.4057,0.526467
28480000,28,-345.974,2050.53,24.2828,0.522444
28500000,28,-342.04,2023.29,25.6016,0.501278
28520000,29,-362.888,2020.53,26.9264,0.519
28540000,29,-354.165,2018.48,25.7698,0.507
28560000,29,-349.591,2018.22,32.794,0.502
28580000,28,-346.695,2023.82,29.7082,0.521
28600000,28,-357.205,2053.36,25.6249,0.51
28620000,27,-328.852,2032.41,35.3362,0.492
28640000,31,-374.006,1995.19,30.2243,0.507148
28660000,26,-339.469,2050.4,25.4763,0.5215
28680000,27,-342.963,2044.71,24.7795,0.51
28700000,30,-375.758,2048.48,35.7748,0.532
28720000,29,-368.638,2020.21,23.5348,0.5305
28740000,30,-368.123,2023.74,26.4845,0.533
28760000,23,-292.983,2019.01,35.1845,0.473
28780000,30,-378.067,2054.02,34.6225,0.465
28800000,28,-343.661,2055.06,24.4282,0.528
28820000,28,-343.574,2008.19,27.1788,0.51925
28840000,27,-337.608,2008.97,29.8004,0.515
28860000,28,-342.077,1998.51,29.4205,0.496
28880000,28,-342.922,2045.54,27.3512,0.499333
28900000,25,-317.205,2035.83,20.3908,0.474667
28920000,29,-352.467,2038.82,35.6912,0.502
28940000,22,-279.598,2011.56,27.7243,0.499
28960000,27,-337.725,2046.66,30.6952,0.5
28980000,33,-395.15,1989.14,35.4665,0.5424
29000000,32,-397.046,2060.83,28.63,0.522
29020000,28,-356.303,2008.77,37.4906,0.505
29040000,33,-401.364,2058.89,42.4416,0.546
29060000,26,-324.801,2030.48,34.0937,0.487
29080000,35,-434.95,2029.25,27.9443,0.56225
29100000,30,-360.004,2015.95,33.615,0.518133
29120000,29,-344.794,2032.15,28.1842,0.522
29140000,29,-377.969,2065.72,26.7713,0.518
29160000,28,-350.566,2020.71,27.3575,0.496
29180000,25,-321.744,2064.9,24.6931,0.481
29200000,31,-386.887,2039.51,25.9902,0.52
29220000,30,-383.869,2032.85,30.2805,0.517
29240000,32,-410.837,2066.39,33.7662,0.522
29260000,27,-339.824,2052.45,26.587,0.498
29280000,28,-349.071,2061.66,32.0512,0.507333
29300000,26,-332.811,2037.06,32.4368,0.5
29320000,29,-357.344,2029.28,28.1896,0.479
29340000,30,-369.745,2040.33,32.6492,0.508
29360000,32,-392.539,2020.87,35.8703,0.508333
29380000,27,-347.706,2016.97,26.1009,0.483
29400000,27,-345.079,2033.94,27.684,0.517
29420000,25,-312.703,2003.66,26.4568,0.508375
29440000,22,-284.459,2028.07,21.332,0.474
29460000,26,-324.982,2038.66,43.7115,0.499
29480000,27,-334.862,2038.03,19.8731,0.514
29500000,35,-414.659,2021.27,28.6473,0.539
29520000,30,-374.894,2042.62,32.7088,0.52
29540000,23,-288.435,1990.69,21.2922,0.496
29560000,26,-325.064,2032.8,22.7517,0.5082
29580000,25,-306.88,2029.42,23.5802,0.491
29600000,33,-400.226,2008.36,46.0082,0.522
29620000,30,-366.866,2052.5,26.081,0.514
29640000,25,-313.552,2024.15,30.1523,0.513
29660000,30,-367.067,2029.03,32.2152,0.555
29680000,30,-367.014,2008.97,25.4606,0.5205
29700000,29,-354.317,2041.58,31.1117,0.523333
29720000,27,-336.717,2029,31.5297,0.521
29740000,27,-336.757,2018.17,31.1625,0.526
29760000,23,-290.843,2028.58,18.9541,0.48
29780000,30,-373.665,2022.53,47.3043,0.514
29800000,26,-323.406,2022.86,21.232,0.556
29820000,25,-322.212,2014.31,29.5172,0.51
29840000,26,-317.568,2027.9,28.5232,0.483
29860000,31,-384.335,2042.31,40.419,0.501
29880000,26,-321.441,2022.25,24.6921,0.504
29900000,26,-318.431,2037.89,22.5123,0.521
29920000,28,-344.845,2018.61,22.925,0.474
29940000,32,-393.318,2048.94,42.3613,0.547
29960000,28,-348.623,2052.22,29.8864,0.543
29980000,31,-379.834,2043.58,28.8134,0.5138
